total_time:
0.075513
0.001564
0.001568
0.001561
0.001569
0.001565
0.001605
0.001549
0.001603
0.001598
0.074470
0.001940
0.001889
0.001888
0.001886
0.001880
0.001884
0.001878
0.001890
0.001920
0.073708
0.002015
0.002032
0.002027
0.002075
0.002050
0.002066
0.002015
0.002002
0.002077
0.075386
0.002402
0.002352
0.002342
0.002345
0.002349
0.002349
0.002357
0.002361
0.002352
0.073911
0.002183
0.002170
0.002169
0.002172
0.002112
0.002144
0.002135
0.002157
0.002136
0.079563
0.003022
0.003016
0.003013
0.003029
0.003029
0.003030
0.003100
0.003035
0.003029
0.076303
0.001740
0.001720
0.001679
0.001673
0.001678
0.001677
0.001679
0.001677
0.001668
0.074237
0.002407
0.002379
0.002344
0.002339
0.002343
0.002356
0.002351
0.002357
0.002357
0.079567
0.001640
0.001604
0.001613
0.001614
0.001616
0.001608
0.001609
0.001613
0.001611
0.073424
0.002608
0.002613
0.002635
0.002593
0.002660
0.002607
0.002627
0.002638
0.002602