total_time:
0.073352
0.001685
0.001639
0.001656
0.001642
0.001643
0.001633
0.001641
0.001629
0.001636
0.071729
0.002109
0.002050
0.002021
0.002017
0.002036
0.002019
0.002012
0.002020
0.002043
0.078261
0.002157
0.002167
0.002153
0.002162
0.002142
0.002230
0.002148
0.002166
0.002141
0.076808
0.002639
0.002624
0.002620
0.002615
0.002616
0.002622
0.002718
0.002666
0.002634
0.078396
0.002299
0.002297
0.002289
0.002297
0.002298
0.002295
0.002294
0.002380
0.002344
0.080307
0.003414
0.003354
0.003368
0.003367
0.003427
0.003434
0.003449
0.003490
0.003494
0.075394
0.001783
0.001812
0.001792
0.001792
0.001769
0.001789
0.001781
0.001822
0.001813
0.075559
0.002570
0.002558
0.002561
0.002552
0.002613
0.002553
0.002630
0.002583
0.002537
0.074799
0.001783
0.001739
0.001747
0.001743
0.001731
0.001729
0.001734
0.001733
0.001739
0.082514
0.002961
0.002990
0.002992
0.002984
0.003028
0.003018
0.003051
0.003085
0.003019