compile_opencl_time:
0.122756
0.123954
0.124596
0.123477
0.123573
0.131307
0.130469
0.123260
0.128956
0.123989
total_time:
0.003672
0.001878
0.001896
0.001810
0.001844
0.001820
0.001713
0.001975
0.001895
0.001917
0.004212
0.002279
0.002163
0.002211
0.002196
0.002260
0.002236
0.002268
0.002333
0.002347
0.004335
0.002298
0.002526
0.002350
0.002322
0.002445
0.002430
0.002476
0.002233
0.002258
0.004578
0.002608
0.002704
0.002713
0.002682
0.002707
0.002818
0.002718
0.002612
0.002625
0.004358
0.002573
0.002493
0.002481
0.002531
0.002363
0.002581
0.002464
0.002366
0.002396
0.005283
0.003304
0.003347
0.003409
0.003308
0.003606
0.003306
0.003434
0.003357
0.003379
0.004066
0.002099
0.002091
0.002104
0.002062
0.001973
0.002099
0.001920
0.002014
0.001869
0.004689
0.002922
0.002818
0.002681
0.002777
0.002732
0.002682
0.002701
0.002587
0.002563
0.004026
0.002025
0.001997
0.002044
0.002021
0.001910
0.001971
0.002199
0.002084
0.001913
0.004876
0.003032
0.002959
0.002963
0.003008
0.002898
0.002954
0.002822
0.002842
0.002843