select_time:
0.000006
0.000005
0.000005
0.000005
0.000006
0.000006
0.000006
0.000005
0.000006
0.000006

total_time:
0.000376
0.000090
0.000109
0.000153
0.000206
0.000214
0.000215
0.000226
0.000224
0.000216
0.000373
0.000106
0.000100
0.000101
0.000100
0.000101
0.000097
0.000100
0.000099
0.000109
0.000401
0.000111
0.000108
0.000108
0.000104
0.000104
0.000106
0.000114
0.000113
0.000111
0.000383
0.000110
0.000104
0.000105
0.000102
0.000100
0.000104
0.000111
0.000098
0.000099
0.000379
0.000112
0.000108
0.000109
0.000113
0.000106
0.000108
0.000105
0.000109
0.000106
0.000482
0.000155
0.000149
0.000146
0.000149
0.000155
0.000147
0.000146
0.000146
0.000155
0.000357
0.000086
0.000082
0.000082
0.000076
0.000081
0.000081
0.000076
0.000077
0.000084
0.000355
0.000110
0.000108
0.000110
0.000112
0.000163
0.000148
0.000148
0.000143
0.000144
0.000335
0.000085
0.000080
0.000081
0.000077
0.000087
0.000117
0.000142
0.000144
0.000142
0.000381
0.000114
0.000112
0.000106
0.000108
0.000110
0.000111
0.000107
0.000128
0.000121
