total_time:
0.000993
0.00095
0.000953
0.000948
0.000932
0.000959
0.000938
0.00095
0.000941
0.000957
0.000949
0.000937
0.000982
0.000946
0.000945
0.000927
0.000939
0.000963
0.001331
0.001308
0.001387
0.001328
0.001346
0.001323
0.001326
0.00133
0.001408
0.001641
0.001599
0.00157
0.001571
0.001558
0.001566
0.001574
0.00156
0.001565
0.001334
0.001312
0.001324
0.001333
0.001318
0.001317
0.001328
0.001376
0.001327
0.002016
0.001959
0.001973
0.001946
0.001931
0.001941
0.001936
0.00195
0.001946
0.000947
0.000943
0.000945
0.000959
0.000938
0.000953
0.000962
0.000941
0.000949
0.001099
0.001058
0.001077
0.001082
0.001063
0.001055
0.001065
0.001081
0.001071
0.001417
0.001362
0.001368
0.001369
0.001375
0.001361
0.001375
0.001372
0.001368
0.001209
0.001213
0.001202
0.001213
0.001221
0.001202
0.001194
0.001191
0.001192
