total_time:
6.8e-05
6.3e-05
6.3e-05
6.4e-05
6.3e-05
7.8e-05
7.9e-05
6.5e-05
6.5e-05
6.9e-05
6.6e-05
6.4e-05
6.4e-05
6.4e-05
6.4e-05
6.3e-05
6.2e-05
6.3e-05
8.8e-05
8.4e-05
8.3e-05
8.2e-05
8.1e-05
8.1e-05
8e-05
8e-05
8.8e-05
9.7e-05
9.2e-05
0.000108
9.2e-05
9.3e-05
9.4e-05
9.4e-05
9.3e-05
9.1e-05
7.4e-05
7.1e-05
6.9e-05
7e-05
7.7e-05
6.9e-05
7e-05
7.1e-05
6.9e-05
0.00011
0.000115
0.000107
0.000105
0.000105
0.000105
0.000105
0.000104
0.000103
8.1e-05
6.7e-05
6.6e-05
6.6e-05
6.5e-05
6.5e-05
6.6e-05
6.5e-05
6.6e-05
8.3e-05
7.3e-05
7.1e-05
6.9e-05
6.9e-05
6.8e-05
6.7e-05
6.8e-05
6.7e-05
8.2e-05
7.5e-05
7.6e-05
7.5e-05
7.4e-05
7.4e-05
7.5e-05
7.5e-05
7.4e-05
7.5e-05
7.3e-05
7.2e-05
7e-05
7e-05
7e-05
7e-05
6.9e-05
7.1e-05
