total_time:
0.029222
0.029266
0.0292
0.029257
0.029257
0.029213
0.029233
0.029183
0.029333
0.029329
0.029309
0.029327
0.029318
0.02932
0.029314
0.029321
0.029811
0.029074
0.029097
0.029068
0.02908
0.029072
0.02908
0.029086
0.029081
0.029777
0.029036
0.029016
0.029004
0.029017
0.029013
0.029007
0.029009
0.028991
0.029117
0.029114
0.029122
0.029113
0.029104
0.02911
0.0291
0.029115
0.029391
0.029388
0.029393
0.029383
0.029382
0.029394
0.029366
0.029378
0.029777
0.029061
0.029023
0.02902
0.029048
0.029002
0.029061
0.029072
0.029005
0.029522
0.028869
0.028947
0.028891
0.028926
0.028845
0.028875
0.02888
0.028838
0.029815
0.029056
0.029129
0.029071
0.029254
0.029077
0.02906
0.029086
0.029064
0.029118
0.029121
0.029126
0.029128
0.029125
0.029124
0.029114
0.029123
