total_time:
0.040181
0.039911
0.039831
0.040031
0.040044
0.039994
0.04027
0.040135
0.040065
0.040142
0.039473
0.039505
0.03944
0.039454
0.039469
0.039418
0.039447
0.039412
0.040462
0.039464
0.039479
0.039507
0.039576
0.039584
0.039521
0.039537
0.039489
0.040007
0.039379
0.039237
0.039201
0.039246
0.039186
0.039208
0.039225
0.039196
0.040265
0.03955
0.039413
0.039508
0.039442
0.039382
0.039395
0.039396
0.039477
0.040916
0.03984
0.039953
0.039967
0.039936
0.03994
0.039881
0.039911
0.040034
0.039804
0.038956
0.039009
0.038918
0.038912
0.038888
0.038935
0.038957
0.038946
0.040354
0.039321
0.039215
0.039181
0.039174
0.039548
0.03919
0.039217
0.039242
0.039969
0.039475
0.039089
0.03912
0.039084
0.039108
0.039373
0.03907
0.039075
0.040226
0.039368
0.039456
0.039566
0.039447
0.039529
0.039503
0.039489
0.039746
