total_time:
0.112237
0.109307
0.10736
0.108774
0.107767
0.108885
0.108739
0.108971
0.109192
0.108729
0.110257
0.108447
0.10947
0.10903
0.110109
0.109012
0.11059
0.107946
0.109754
0.110996
0.109524
0.109401
0.108099
0.108491
0.108403
0.107649
0.108825
0.108652
0.1093
0.113274
0.109311
0.108519
0.108328
0.108521
0.108755
0.109949
0.108697
0.109947
0.108716
0.112027
0.109587
0.107615
0.10807
0.108288
0.108297
0.108051
0.107922
0.107976
0.107878
0.112329
0.109873
0.108632
0.109572
0.109573
0.109293
0.110939
0.10928
0.10976
0.10916
0.113975
0.107943
0.108863
0.10887
0.107895
0.108292
0.108728
0.108663
0.109317
0.108593
0.115585
0.112254
0.11173
0.112324
0.112908
0.112014
0.113831
0.113448
0.112717
0.113184
0.112087
0.112821
0.112146
0.112184
0.112895
0.113715
0.11285
0.112616
0.112847
0.112698
0.11102
0.109304
0.108472
0.109258
0.109041
0.109347
0.108834
0.108907
0.11006
0.107859
