compile_opencl_time:
0.077971
0.078563
0.077724
0.078582
0.076395
0.078221
0.079125
total_time:
0.010486
0.01043
0.00871
0.009165
0.009094
0.008733
0.009249
0.009265
0.009466
0.009065
0.011036
0.009754
0.009169
0.009572
0.01011
0.009578
0.010262
0.010199
0.010548
0.009917
0.009754
0.008905
0.00956
0.008969
0.008867
0.008785
0.008804
0.00991
0.008884
0.008947
0.00973
0.009151
0.007969
0.008179
0.009634
0.009378
0.008988
0.008473
0.008801
0.008366
0.01038
0.00864
0.008581
0.008674
0.00849
0.009403
0.009804
0.010359
0.010776
0.009176
0.008616
0.008311
0.008888
0.009426
0.00982
0.009828
0.009679
0.010487
0.010847
0.008885
0.009108
0.009233
0.00948
0.00966
0.00917
0.008874
0.008789
0.009411
0.009478
0.00913
0.009164
0.009059
0.009816
0.009509
0.009916
0.010166
0.010187
0.010024
0.009407
0.008798
0.008836
0.010101
0.009938
0.009758
0.009595
0.009592
0.009385
0.010563
0.009518
0.009002
0.009132
0.009956
0.009127
0.009284
0.009342
0.010986
0.009786
