total_time:
0.000606
0.000605
0.000605
0.000639
0.000603
0.000622
0.000639
0.000601
0.000598
0.000545
0.000584
0.000574
0.000544
0.000575
0.000545
0.000541
0.000542
0.000541
0.000563
0.000583
0.000541
0.000547
0.000543
0.000539
0.000568
0.000542
0.000541
0.000542
0.000567
0.000547
0.000544
0.000544
0.000546
0.000545
0.000545
0.000542
0.000586
0.000584
0.000544
0.000542
0.000542
0.000534
0.000539
0.000543
0.000541
0.00055
0.000575
0.00054
0.000541
0.000544
0.000538
0.000531
0.000547
0.000541
0.000545
0.000539
0.000541
0.000544
0.000541
0.000542
0.000543
0.000543
0.000542
0.000641
0.000605
0.000604
0.000605
0.000602
0.000602
0.000601
0.000602
0.000603
0.000557
0.000545
0.000542
0.000549
0.000547
0.000545
0.000541
0.000541
0.00054
0.000552
0.000547
0.00054
0.000589
0.000547
0.000546
0.000542
0.000544
0.000543
