total_time:
0.000697
0.000683
0.000675
0.000705
0.000681
0.000683
0.000682
0.0007
0.000679
0.000615
0.000616
0.000648
0.000613
0.000614
0.000607
0.00062
0.000617
0.000608
0.000652
0.000611
0.000608
0.000618
0.000615
0.000605
0.000619
0.000616
0.000597
0.000631
0.000609
0.000609
0.00061
0.000617
0.000605
0.000621
0.000615
0.000615
0.000608
0.000658
0.000612
0.000614
0.000619
0.000608
0.000619
0.000615
0.000604
0.00062
0.000643
0.000624
0.000635
0.000651
0.000608
0.000624
0.00062
0.000614
0.000651
0.000604
0.000617
0.000613
0.000607
0.000603
0.000621
0.000616
0.000612
0.000695
0.000687
0.000683
0.00069
0.000697
0.000682
0.000696
0.000695
0.000666
0.00062
0.000617
0.000612
0.000608
0.000638
0.000611
0.000615
0.000621
0.00061
0.000624
0.000618
0.000614
0.000612
0.000611
0.000603
0.000617
0.000614
0.000604
