total_time:
0.000399
0.000388
0.000392
0.000396
0.000391
0.000395
0.000388
0.000395
0.000387
0.000369
0.00036
0.000362
0.000361
0.000368
0.000357
0.000356
0.000354
0.000355
0.000373
0.00036
0.000359
0.000361
0.000367
0.000357
0.000356
0.000355
0.000399
0.00037
0.000412
0.00036
0.000361
0.000358
0.000356
0.000358
0.000357
0.000358
0.000367
0.000366
0.000363
0.000361
0.000361
0.000356
0.000404
0.000359
0.000357
0.000369
0.000362
0.0004
0.000362
0.000367
0.000358
0.000365
0.000355
0.000356
0.000365
0.000372
0.000362
0.000362
0.000369
0.000356
0.000356
0.000356
0.000356
0.000395
0.000391
0.000394
0.000401
0.000394
0.000388
0.000421
0.000397
0.000388
0.000369
0.000367
0.000387
0.000363
0.00037
0.000359
0.000362
0.000359
0.000358
0.000364
0.000361
0.00036
0.000362
0.000362
0.000358
0.000357
0.000355
0.000358
