total_time:
0.114989
0.042776
0.041792
0.041883
0.041875
0.041843
0.041847
0.041871
0.041669
0.041909
0.117194
0.042495
0.041755
0.041715
0.041718
0.041696
0.041733
0.041679
0.041688
0.041682
0.119249
0.042816
0.042069
0.041939
0.041983
0.042042
0.041973
0.042015
0.042058
0.042044
0.116271
0.042568
0.041709
0.041636
0.041806
0.041714
0.041827
0.041778
0.041727
0.041780
0.117952
0.042589
0.041819
0.041770
0.041773
0.041786
0.041806
0.041801
0.041687
0.041611
0.117580
0.042582
0.041757
0.041814
0.041866
0.041849
0.041798
0.041798
0.041820
0.041780
0.118087
0.042541
0.041737
0.041711
0.041736
0.041661
0.041528
0.041669
0.041757
0.041696
0.142363
0.042596
0.041779
0.041901
0.041772
0.041829
0.041879
0.041799
0.041771
0.041722
0.116604
0.042684
0.041800
0.041820
0.041834
0.041713
0.041760
0.041585
0.041818
0.041729
0.116017
0.042701
0.041887
0.041771
0.041896
0.041810
0.041843
0.041675
0.041892
0.041726