select_time:
0.000010
0.000009
0.000008
0.000008
0.000009
0.000009
0.000012
0.000009
0.000009
0.000009

total_time:
0.010055
0.009176
0.007521
0.007650
0.007906
0.008271
0.008413
0.008698
0.008815
0.008953
0.010074
0.009432
0.007592
0.007740
0.008044
0.008193
0.008659
0.009060
0.009218
0.009407
0.010565
0.009370
0.007713
0.007813
0.008116
0.008399
0.008445
0.008736
0.008973
0.009088
0.010315
0.009132
0.007450
0.007584
0.007840
0.008083
0.008472
0.008886
0.009143
0.009178
0.010359
0.009730
0.007912
0.008087
0.008357
0.008503
0.008644
0.008911
0.009145
0.009179
0.009640
0.008411
0.006810
0.006923
0.007762
0.009495
0.008237
0.008418
0.008701
0.008859
0.009063
0.009129
0.007549
0.007631
0.007973
0.008115
0.008357
0.008639
0.008708
0.008931
0.008679
0.008691
0.006972
0.007098
0.007752
0.008064
0.008206
0.008866
0.009103
0.009154
0.010324
0.009033
0.007367
0.007536
0.007782
0.007963
0.008249
0.008480
0.008656
0.008761
0.009770
0.009997
0.007984
0.008228
0.008478
0.008590
0.008889
0.009133
0.009180
0.009502
