total_time:
0.073325
0.000594
0.000589
0.000587
0.000593
0.000584
0.000591
0.000634
0.000586
0.000581
0.073725
0.000492
0.000535
0.000488
0.000492
0.000494
0.000483
0.000489
0.000486
0.000488
0.071088
0.000831
0.000819
0.000817
0.000839
0.000821
0.000812
0.000821
0.000811
0.000815
0.072511
0.000749
0.000692
0.000683
0.000687
0.000687
0.000692
0.000685
0.000686
0.000689
0.074096
0.000829
0.000823
0.000867
0.000840
0.000823
0.000812
0.000817
0.000813
0.000850
0.071985
0.000858
0.000849
0.000857
0.000852
0.000876
0.000844
0.000875
0.000872
0.000842
0.075515
0.000490
0.000484
0.000492
0.000487
0.000525
0.000488
0.000486
0.000485
0.000490
0.072140
0.000865
0.000856
0.000860
0.000900
0.000849
0.000858
0.000853
0.000855
0.000846
0.072739
0.000895
0.000893
0.000938
0.000881
0.000887
0.000891
0.000887
0.000883
0.000887
0.071647
0.000629
0.000620
0.000626
0.000623
0.000616
0.000627
0.000619
0.000622
0.000626