compile_opencl_time:
0.127948
0.122075
0.122201
0.121980
0.126317
0.127825
0.121736
0.122866
0.128962
0.123503
total_time:
0.003054
0.001323
0.001185
0.001200
0.001194
0.001341
0.001226
0.001251
0.001198
0.001308
0.002844
0.001174
0.001060
0.001033
0.001151
0.001014
0.000898
0.000982
0.000942
0.000924
0.003396
0.001663
0.001539
0.001569
0.001477
0.001548
0.001526
0.001535
0.001581
0.001503
0.003191
0.001328
0.001368
0.001364
0.001290
0.001266
0.001306
0.001275
0.001304
0.001301
0.003559
0.001633
0.001525
0.001536
0.001537
0.001527
0.001507
0.001516
0.001509
0.001486
0.003436
0.001734
0.001624
0.001616
0.001750
0.001792
0.001556
0.001689
0.001679
0.001589
0.002883
0.001171
0.001020
0.000965
0.000918
0.001019
0.000931
0.001021
0.000940
0.001010
0.003540
0.001638
0.001661
0.001685
0.001696
0.001598
0.001616
0.001668
0.001628
0.001591
0.003443
0.001603
0.001680
0.001635
0.001674
0.001655
0.001650
0.001668
0.001629
0.001592
0.003069
0.001409
0.001222
0.001251
0.001201
0.001337
0.001249
0.001231
0.001208
0.001180