total_time:
0.244545
0.242677
0.242637
0.242248
0.242702
0.241971
0.242833
0.242157
0.242429
0.244337
0.242562
0.24198
0.242244
0.242289
0.241727
0.242563
0.241942
0.242386
0.243194
0.240945
0.241526
0.240806
0.241173
0.241275
0.240861
0.241471
0.241432
0.244737
0.242785
0.242473
0.242501
0.242626
0.242386
0.242842
0.242181
0.243022
0.243382
0.24164
0.241211
0.240944
0.241648
0.241095
0.241157
0.241474
0.240852
0.244746
0.242889
0.242047
0.242993
0.242278
0.242626
0.242521
0.242428
0.242746
0.245
0.243347
0.242706
0.243272
0.242538
0.243359
0.242644
0.243393
0.242762
0.242887
0.240335
0.24059
0.240913
0.240329
0.24065
0.241044
0.240316
0.240548
0.2436
0.241041
0.241712
0.241257
0.241079
0.241686
0.241118
0.24134
0.241724
0.243685
0.241843
0.24172
0.241415
0.242113
0.241511
0.241756
0.242074
0.241393
