total_time:
0.074250
0.001167
0.001164
0.001157
0.001151
0.001165
0.001142
0.001153
0.001143
0.001153
0.078981
0.001463
0.001448
0.001454
0.001447
0.001451
0.001448
0.001444
0.001430
0.001441
0.083831
0.001317
0.001292
0.001299
0.001290
0.001288
0.001292
0.001303
0.001295
0.001292
0.073428
0.001363
0.001346
0.001342
0.001352
0.001339
0.001340
0.001335
0.001337
0.001336
0.071845
0.001220
0.001217
0.001215
0.001212
0.001216
0.001201
0.001221
0.001216
0.001215
0.072826
0.001208
0.001224
0.001202
0.001196
0.001204
0.001195
0.001199
0.001193
0.001203
0.072953
0.001225
0.001211
0.001213
0.001211
0.001220
0.001208
0.001215
0.001205
0.001218
0.075051
0.001481
0.001482
0.001480
0.001459
0.001473
0.001472
0.001481
0.001501
0.001476
0.071735
0.001340
0.001342
0.001345
0.001336
0.001342
0.001334
0.001338
0.001321
0.001324
0.071632
0.001345
0.001331
0.001319
0.001362
0.001335
0.001338
0.001334
0.001315
0.001322