total_time:
0.077210
0.001342
0.001348
0.001329
0.001339
0.001331
0.001332
0.001328
0.001327
0.001327
0.075604
0.001517
0.001499
0.001498
0.001500
0.001500
0.001523
0.001495
0.001501
0.001493
0.076279
0.001403
0.001382
0.001410
0.001383
0.001411
0.001377
0.001380
0.001371
0.001370
0.071896
0.001511
0.001526
0.001501
0.001505
0.001517
0.001491
0.001490
0.001487
0.001495
0.085581
0.001393
0.001381
0.001369
0.001391
0.001378
0.001374
0.001366
0.001374
0.001368
0.071787
0.001403
0.001388
0.001379
0.001373
0.001379
0.001373
0.001375
0.001377
0.001372
0.073081
0.001398
0.001378
0.001374
0.001372
0.001395
0.001375
0.001380
0.001375
0.001377
0.070787
0.001621
0.001606
0.001612
0.001609
0.001600
0.001602
0.001597
0.001640
0.001621
0.081591
0.001521
0.001516
0.001508
0.001505
0.001511
0.001500
0.001509
0.001503
0.001507
0.070375
0.001511
0.001499
0.001520
0.001502
0.001495
0.001483
0.001488
0.001488
0.001492