total_time:
0.080100
0.007206
0.007198
0.007265
0.006810
0.006739
0.007095
0.006794
0.006312
0.005784
0.080077
0.007156
0.007203
0.006949
0.007101
0.006142
0.006130
0.006121
0.006043
0.006136
0.081104
0.004976
0.005043
0.005129
0.006928
0.004356
0.005073
0.005099
0.005073
0.004317
0.083527
0.007070
0.005315
0.006970
0.005217
0.007182
0.005415
0.007175
0.007320
0.006824
0.077521
0.006034
0.006040
0.005960
0.006712
0.006148
0.004086
0.004136
0.004783
0.003615
0.074251
0.004705
0.006709
0.004212
0.003959
0.006233
0.004736
0.004262
0.004130
0.003919
0.076857
0.005131
0.005842
0.005964
0.005988
0.005890
0.005869
0.005839
0.005954
0.005907
0.077771
0.008849
0.008651
0.007542
0.007615
0.008491
0.007954
0.008496
0.007658
0.007975
0.077978
0.006777
0.006539
0.004672
0.004668
0.004850
0.004074
0.004446
0.004658
0.004491
0.077148
0.007150
0.004360
0.004192
0.006909
0.007085
0.007005
0.004139
0.006416
0.004605