total_time:
0.073057
0.000710
0.000697
0.000696
0.000692
0.000685
0.000723
0.000689
0.000690
0.000680
0.072104
0.000819
0.000798
0.000789
0.000782
0.000785
0.000781
0.000778
0.000781
0.000779
0.070886
0.000739
0.000747
0.000727
0.000718
0.000727
0.000720
0.000723
0.000715
0.000721
0.071864
0.000802
0.000787
0.000792
0.000808
0.000793
0.000779
0.000785
0.000779
0.000812
0.069369
0.000734
0.000729
0.000742
0.000715
0.000724
0.000711
0.000710
0.000720
0.000784
0.072968
0.000735
0.000724
0.000723
0.000716
0.000726
0.000720
0.000719
0.000722
0.000716
0.070181
0.000731
0.000719
0.000713
0.000720
0.000718
0.000709
0.000718
0.000710
0.000717
0.072159
0.000869
0.000852
0.000858
0.000852
0.000856
0.000882
0.000855
0.000855
0.000853
0.071179
0.000802
0.000787
0.000790
0.000779
0.000778
0.000776
0.000779
0.000778
0.000811
0.074950
0.000795
0.000784
0.000788
0.000805
0.000779
0.000776
0.000780
0.000777
0.000810