compile_opencl_time:
0.002199
0.002264
0.002383
0.002332
0.002311
0.002278
0.002381
0.002266
0.002242
0.002356
total_time:
8.540995
8.541897
8.538647
8.535244
8.538836
8.539263
8.540468
8.543022
8.545769
8.544811
8.115944
8.11332
8.10899
8.108737
8.116541
8.11573
8.118742
8.119373
8.117664
8.115121
8.219819
8.212377
8.207019
8.207189
8.208828
8.210318
8.214146
8.213386
8.21546
8.211713
8.368964
8.364777
8.358636
8.358532
8.364726
8.364436
8.364664
8.362224
8.364294
8.366123
8.438025
8.435361
8.43182
8.432652
8.432729
8.432904
8.43934
8.43828
8.438337
8.444559
8.543151
8.543343
8.538153
8.53674
8.545155
8.554554
8.570176
8.5472
8.609721
8.593079
8.067633
8.065272
8.05881
8.058818
8.056793
8.056721
8.058956
8.058727
8.061774
8.057998
8.14843
8.146027
8.14178
8.14375
8.142571
8.140613
8.137703
8.139339
8.144277
8.144467
7.99762
7.999812
7.999406
7.997544
7.997745
8.003064
7.999148
8.000985
8.001293
8.01633
8.455098
8.452723
8.448531
8.444902
8.445432
8.443516
8.444658
8.443487
8.442161
8.440418
