total_time:
2.669
2.608091
2.586756
2.58627
2.579747
2.565798
2.647207
2.586845
2.588455
2.63974
2.504403
2.497316
2.496869
2.510388
2.493013
2.500814
2.497638
2.499026
2.524029
2.498831
2.690477
2.595918
2.598835
2.602841
2.66215
2.605641
2.602161
2.663187
2.556808
2.625178
2.740167
2.602446
2.606829
2.597752
2.544716
2.665102
2.588593
2.589419
2.639097
2.587113
2.786484
2.764935
2.727457
2.791308
2.733828
2.72701
2.726252
2.737907
2.729025
2.646836
2.643694
2.577572
2.591696
2.579725
2.624522
2.609082
2.566431
2.559605
2.5977
2.564544
2.739661
2.655353
2.607146
2.625306
2.61792
2.608255
2.622715
2.621655
2.741864
2.621023
2.754428
2.603052
2.729487
2.649817
2.680897
2.667058
2.652223
2.739411
2.630478
2.641583
2.732541
2.633472
2.61573
2.641916
2.609783
2.60476
2.524847
2.543327
2.653789
2.667848
2.780591
2.73401
2.691448
2.71528
2.665532
2.679963
2.613892
2.720489
2.715288
2.727522
