select_time:
0.000011
0.000009
0.000034
0.000010
0.000011
0.000009
0.000010
0.000010
0.000010
0.000010

total_time:
0.100409
0.118107
0.115376
0.122831
0.136902
0.143543
0.165806
0.171768
0.157241
0.174724
0.097075
0.119916
0.115906
0.123398
0.133082
0.142289
0.147953
0.162546
0.185321
0.180846
0.096434
0.115485
0.113665
0.124557
0.136271
0.143465
0.142143
0.173214
0.175629
0.171313
0.098076
0.117972
0.115071
0.122961
0.135983
0.145539
0.157949
0.161413
0.171139
0.172087
0.096442
0.113490
0.113279
0.122890
0.134625
0.143107
0.158804
0.166404
0.169537
0.170775
0.097860
0.118417
0.117398
0.124016
0.136271
0.148686
0.157982
0.171525
0.176558
0.174104
0.098323
0.115963
0.118370
0.120246
0.136584
0.152438
0.161559
0.163433
0.172026
0.169262
0.098713
0.116981
0.115706
0.126225
0.136984
0.145096
0.151697
0.172152
0.167702
0.175780
0.098235
0.117581
0.118141
0.122370
0.133323
0.147295
0.163216
0.160347
0.182541
0.165563
0.097300
0.117276
0.114781
0.122999
0.136942
0.148932
0.153747
0.170008
0.171932
0.178843
