total_time:
0.077774
0.002157
0.002128
0.002121
0.002112
0.002155
0.002111
0.002128
0.002103
0.002107
0.083277
0.002225
0.002133
0.002132
0.002131
0.002128
0.002137
0.002138
0.002134
0.002133
0.094333
0.002175
0.002128
0.002122
0.002132
0.002123
0.002129
0.002125
0.002124
0.002120
0.079081
0.002156
0.002112
0.002110
0.002110
0.002110
0.002111
0.002119
0.002114
0.002108
0.076127
0.002161
0.002124
0.002118
0.002119
0.002118
0.002112
0.002111
0.002115
0.002110
0.078796
0.002175
0.002164
0.002134
0.002135
0.002168
0.002139
0.002121
0.002125
0.002122
0.077831
0.002162
0.002115
0.002121
0.002110
0.002122
0.002110
0.002111
0.002109
0.002103
0.078731
0.002218
0.002131
0.002130
0.002130
0.002128
0.002132
0.002123
0.002129
0.002124
0.078855
0.002166
0.002155
0.002115
0.002116
0.002107
0.002115
0.002107
0.002112
0.002110
0.081444
0.002181
0.002136
0.002142
0.002140
0.002131
0.002141
0.002128
0.002133
0.002126