compile_opencl_time:
0.074380
0.071728
0.072086
0.073121
0.078021
0.072596
0.071666
0.070335
0.072035
0.072390
total_time:
0.002265
0.002353
0.002125
0.001770
0.001755
0.001765
0.001771
0.001769
0.001770
0.001769
0.001762
0.001679
0.001541
0.001538
0.001498
0.001431
0.001562
0.001568
0.001613
0.001620
0.002451
0.001919
0.001830
0.001722
0.001763
0.001750
0.001597
0.001757
0.001699
0.001712
0.005455
0.001664
0.001592
0.001618
0.001672
0.001550
0.001643
0.001603
0.001594
0.001590
0.003050
0.001821
0.001751
0.001721
0.001848
0.001687
0.001716
0.001852
0.001741
0.001796
0.002461
0.002346
0.001972
0.001793
0.001729
0.001785
0.001878
0.001672
0.001802
0.001752
0.001954
0.001872
0.001775
0.001739
0.001733
0.001772
0.001600
0.001726
0.001652
0.001708
0.003227
0.001987
0.002093
0.001747
0.001792
0.002209
0.002242
0.002296
0.001840
0.001853
0.001991
0.001753
0.001679
0.001648
0.001700
0.001650
0.001625
0.001692
0.001759
0.001721
0.004965
0.001835
0.001694
0.001700
0.001744
0.001606
0.001636
0.001720
0.001679
0.001767