total_time:
0.029036
0.028516
0.028501
0.028693
0.028534
0.028691
0.028531
0.028718
0.028543
0.028896
0.028396
0.028325
0.028362
0.02831
0.0284
0.028335
0.028384
0.028354
0.029472
0.028996
0.028904
0.028981
0.028895
0.028931
0.02887
0.028964
0.028864
0.029339
0.028959
0.02877
0.028922
0.028742
0.028956
0.028786
0.028917
0.028755
0.029504
0.028802
0.029031
0.028833
0.028973
0.028765
0.029007
0.028808
0.029006
0.028665
0.028296
0.028137
0.028262
0.028166
0.028234
0.028178
0.02823
0.028208
0.028658
0.028343
0.028215
0.028319
0.02819
0.028327
0.028212
0.028315
0.028234
0.028985
0.028713
0.028503
0.02871
0.028484
0.028706
0.028558
0.028678
0.028458
0.030493
0.030132
0.030182
0.030099
0.030185
0.02996
0.030217
0.029974
0.030124
0.030031
0.02972
0.029543
0.029688
0.029609
0.029544
0.029665
0.029551
0.029716
