total_time:
0.038865
0.038683
0.038737
0.038603
0.038557
0.038593
0.038503
0.038464
0.038571
0.041428
0.041158
0.041156
0.041013
0.040973
0.040995
0.040948
0.04095
0.041098
0.040853
0.040574
0.040597
0.040433
0.040588
0.04048
0.040585
0.04042
0.040449
0.038235
0.037978
0.038099
0.037969
0.038007
0.038005
0.038009
0.037961
0.037981
0.038935
0.038927
0.039089
0.039265
0.039154
0.039322
0.039271
0.039156
0.039252
0.038213
0.038018
0.037937
0.037943
0.038039
0.037968
0.038076
0.03811
0.037871
0.039895
0.039491
0.03964
0.039601
0.039558
0.039627
0.039518
0.039496
0.039552
0.037938
0.037923
0.037958
0.037919
0.037857
0.037904
0.037948
0.037871
0.03786
0.039947
0.039729
0.039678
0.039723
0.03976
0.039771
0.039668
0.039775
0.039841
0.040763
0.040334
0.040294
0.04023
0.040137
0.040272
0.040196
0.040249
0.040295
