compile_opencl_time:
0.002328
0.002371
0.002293
0.002293
0.002241
0.002313
0.002252
0.002269
0.002213
0.002324
total_time:
0.009833
0.009551
0.009483
0.009420
0.009417
0.009454
0.009411
0.009444
0.009411
0.009413
0.009855
0.009525
0.009494
0.009452
0.009435
0.009438
0.009444
0.009439
0.009431
0.009430
0.009863
0.009517
0.009461
0.009435
0.009498
0.009433
0.009447
0.009412
0.009471
0.009406
0.009817
0.009517
0.009482
0.009458
0.009453
0.009456
0.009442
0.009434
0.009433
0.009426
0.009861
0.009493
0.009484
0.009433
0.009453
0.009417
0.009415
0.009424
0.009410
0.009439
0.009884
0.009530
0.009483
0.009463
0.009448
0.009435
0.009436
0.009428
0.009432
0.009425
0.009870
0.009527
0.009462
0.009453
0.009479
0.009443
0.009452
0.009428
0.009432
0.009431
0.010036
0.009716
0.009695
0.009599
0.009581
0.009599
0.009568
0.009563
0.009562
0.009591
0.009817
0.009508
0.009447
0.009434
0.009480
0.009417
0.009412
0.009418
0.009466
0.009487
0.009919
0.009533
0.009490
0.009447
0.009450
0.009456
0.009446
0.009449
0.009435
0.009440