total_time:
0.00182
0.001817
0.00179
0.001797
0.001797
0.001793
0.001835
0.001792
0.001794
0.001704
0.001672
0.001671
0.001698
0.00167
0.001679
0.001723
0.001675
0.001668
0.001603
0.001595
0.00162
0.001594
0.001593
0.001592
0.0016
0.001597
0.001591
0.001818
0.001792
0.001825
0.001785
0.00178
0.00178
0.001782
0.00178
0.001781
0.001784
0.001769
0.001767
0.001769
0.001767
0.001769
0.00182
0.001766
0.001791
0.00167
0.001648
0.001651
0.00164
0.001647
0.001647
0.001647
0.001646
0.001652
0.001572
0.00151
0.001525
0.001505
0.001509
0.001504
0.001503
0.001506
0.001516
0.001626
0.001583
0.001569
0.00159
0.00156
0.001574
0.00156
0.001556
0.001556
0.001739
0.001721
0.001723
0.001722
0.001725
0.001723
0.001724
0.001729
0.001725
0.001669
0.00162
0.001619
0.001707
0.001654
0.001617
0.001618
0.001619
0.001617
