total_time:
0.100596
0.025033
0.026256
0.026463
0.024689
0.025419
0.024943
0.025971
0.025189
0.024431
0.095006
0.024766
0.023135
0.022393
0.024497
0.024857
0.024374
0.023523
0.023295
0.022913
0.101572
0.027541
0.026265
0.025812
0.027238
0.026912
0.026715
0.027058
0.024834
0.025567
0.096083
0.025740
0.026615
0.026780
0.026112
0.024786
0.025368
0.024513
0.025373
0.024999
0.103772
0.026603
0.027521
0.025500
0.025946
0.025599
0.025563
0.026495
0.025391
0.025382
0.095514
0.026409
0.025937
0.024062
0.024752
0.025239
0.026334
0.025583
0.024215
0.025876
0.109833
0.025275
0.024480
0.023126
0.023225
0.023275
0.022947
0.023801
0.024067
0.024010
0.101899
0.027580
0.026801
0.028362
0.028514
0.027820
0.028541
0.025935
0.025737
0.025989
0.108769
0.023895
0.023739
0.023772
0.023547
0.023843
0.024025
0.023669
0.022939
0.023438
0.095603
0.025652
0.026810
0.025570
0.025793
0.025101
0.026859
0.025832
0.026530
0.026440