total_time:
0.081305
0.008517
0.008284
0.008389
0.008434
0.008399
0.008342
0.008375
0.008368
0.008349
0.078746
0.008659
0.008515
0.008565
0.008518
0.008531
0.008590
0.008555
0.008533
0.008573
0.083127
0.009178
0.009024
0.009055
0.009010
0.009125
0.009139
0.009157
0.009083
0.009195
0.081964
0.008572
0.008490
0.008518
0.008435
0.008537
0.008542
0.008532
0.008539
0.008490
0.103841
0.008608
0.008453
0.008533
0.008488
0.008452
0.008454
0.008433
0.008422
0.008432
0.079552
0.008737
0.008555
0.008595
0.008556
0.008551
0.008551
0.008565
0.008574
0.008570
0.082335
0.007967
0.007821
0.007814
0.007988
0.007813
0.007851
0.007787
0.007801
0.007820
0.080046
0.008894
0.008721
0.008793
0.008767
0.008822
0.008755
0.008813
0.008891
0.008815
0.080833
0.007471
0.007320
0.007333
0.007331
0.007313
0.007305
0.007384
0.007322
0.007308
0.081035
0.009125
0.009069
0.009070
0.009076
0.009080
0.009158
0.009124
0.008973
0.009084