compile_opencl_time:
0.119937
0.118710
0.116565
0.114558
0.119054
0.117210
0.119496
0.118975
0.116901
0.117515
total_time:
0.008899
0.007031
0.006852
0.006675
0.006663
0.006440
0.006740
0.006645
0.006590
0.006786
0.008927
0.007178
0.006941
0.006749
0.006622
0.006590
0.006685
0.006657
0.006526
0.006691
0.009296
0.007845
0.007216
0.007442
0.007287
0.007101
0.007257
0.007294
0.007221
0.007212
0.008915
0.007369
0.007091
0.006937
0.006814
0.007034
0.006904
0.007081
0.006881
0.006727
0.008967
0.007125
0.006873
0.006807
0.006761
0.006780
0.006681
0.006656
0.006757
0.006818
0.008772
0.007251
0.007047
0.006971
0.007100
0.006816
0.006935
0.007027
0.007047
0.006890
0.008227
0.006700
0.006411
0.006266
0.006363
0.006122
0.006259
0.006126
0.006110
0.006237
0.009763
0.007270
0.007486
0.007173
0.007077
0.006988
0.007067
0.007084
0.007102
0.007192
0.007545
0.005814
0.005679
0.005704
0.005853
0.005671
0.005469
0.005601
0.005490
0.005515
0.009174
0.007762
0.007622
0.007371
0.007297
0.007239
0.007178
0.007176
0.007339
0.007173