total_time:
0.008557
0.006674
0.005869
0.006124
0.006134
0.007230
0.006677
0.006865
0.006963
0.006901
0.006330
0.006338
0.005814
0.006632
0.006175
0.006143
0.006836
0.006129
0.006190
0.006286
0.007730
0.006050
0.005929
0.006484
0.006298
0.006129
0.006271
0.006179
0.006607
0.006655
0.006359
0.005977
0.006205
0.006098
0.006160
0.006078
0.006128
0.006272
0.006598
0.006184
0.009219
0.006620
0.006484
0.006369
0.006074
0.006363
0.007280
0.006592
0.006601
0.006960
0.007348
0.006698
0.006108
0.006207
0.006057
0.006390
0.006426
0.006144
0.006456
0.006434
0.006860
0.006516
0.005883
0.006008
0.006161
0.006306
0.006469
0.006431
0.006409
0.006742
0.006494
0.006388
0.005802
0.006238
0.006253
0.006903
0.006422
0.006315
0.006697
0.007134
0.009192
0.006470
0.008603
0.006618
0.006553
0.006620
0.006609
0.006586
0.006925
0.006926
0.008709
0.006460
0.005835
0.006111
0.006501
0.006431
0.007059
0.006460
0.006606
0.007109