total_time:
0.965914
0.963682
0.962694
0.967271
0.96874
0.96631
0.965337
0.964186
0.968125
0.947289
0.954866
0.950457
0.947881
0.943682
0.945277
0.952448
0.949443
0.950618
0.954683
0.957086
0.956389
0.952297
0.956539
0.951854
0.952938
0.951562
0.954196
0.959954
0.965483
0.971073
0.960941
0.962195
0.961017
0.961687
0.965603
0.964428
0.965747
0.968795
0.96179
0.967731
0.967778
0.96142
0.966986
0.963782
0.965212
0.947871
0.9473
0.953769
0.946685
0.949041
0.946879
0.948539
0.953735
0.951976
0.959288
0.964832
0.960054
0.964899
0.957911
0.965685
0.961609
0.965527
0.961162
0.951514
0.946974
0.95611
0.94987
0.957337
0.953198
0.951792
0.950108
0.95286
0.948189
0.954231
0.954786
0.95428
0.948817
0.952295
0.948233
0.950277
0.958771
0.963025
0.96042
0.957568
0.965224
0.964075
0.969128
0.96501
0.965899
0.965209
