total_time:
0.399097
0.399467
0.399868
0.398968
0.399435
0.399968
0.399216
0.399381
0.400605
0.399318
0.399696
0.400019
0.399478
0.399685
0.399922
0.399209
0.399816
0.400171
0.399523
0.399592
0.399241
0.39965
0.399385
0.399172
0.399716
0.399582
0.399209
0.399271
0.399881
0.399924
0.399216
0.399858
0.399906
0.39932
0.399865
0.400393
0.399881
0.399298
0.399508
0.400272
0.399372
0.399585
0.400223
0.399244
0.399638
0.398711
0.399576
0.398758
0.398804
0.399442
0.398738
0.399237
0.398401
0.399145
0.399765
0.400082
0.399544
0.399968
0.399379
0.399362
0.399891
0.399494
0.399212
0.399874
0.39981
0.399127
0.399696
0.399566
0.399223
0.399762
0.399653
0.399738
0.399385
0.399684
0.399429
0.399388
0.399654
0.399254
0.399238
0.399905
