total_time:
0.956173
0.896300
0.895754
0.895791
0.895314
0.895493
0.895246
0.895034
0.895261
0.895608
0.957378
0.895577
0.896712
0.896947
0.896644
0.896516
0.895834
0.896695
0.896695
0.897451
0.957843
0.896263
0.895798
0.895752
0.895453
0.895718
0.896054
0.895895
0.896670
0.896553
0.964476
0.895268
0.897041
0.897202
0.896990
0.896855
0.896226
0.896453
0.896899
0.897257
0.963212
0.895657
0.895910
0.896509
0.896041
0.896599
0.896312
0.895989
0.895781
0.896181
0.955642
0.894199
0.894757
0.894991
0.894482
0.893995
0.894179
0.893830
0.893801
0.893763
0.958231
0.896391
0.894332
0.894375
0.894233
0.894098
0.893723
0.894132
0.893704
0.894454
0.957819
0.894911
0.895364
0.895086
0.894699
0.895147
0.895041
0.894509
0.894650
0.895565
0.960136
0.892728
0.893220
0.893474
0.893239
0.893217
0.893151
0.893026
0.893303
0.893337
0.959539
0.895966
0.895592
0.895170
0.895305
0.894601
0.894626
0.893996
0.894961
0.894142