total_time:
1.615726
1.545949
1.544422
1.545014
1.543414
1.536917
1.544562
1.548745
1.540633
1.542374
1.640423
1.567967
1.582074
1.587846
1.569402
1.572330
1.572230
1.570502
1.568095
1.571804
1.609180
1.545077
1.558508
1.536640
1.543519
1.534820
1.536283
1.542758
1.540251
1.554202
1.614674
1.548242
1.541280
1.555111
1.547329
1.544146
1.547820
1.554175
1.555295
1.550979
1.643097
1.566348
1.571280
1.571216
1.581695
1.572712
1.567531
1.573850
1.573836
1.586404
1.646908
1.562665
1.561793
1.557370
1.559749
1.573320
1.559054
1.537537
1.529496
1.539878
1.631269
1.542675
1.533168
1.540113
1.534361
1.540163
1.549224
1.534694
1.545455
1.545895
1.604995
1.553408
1.563904
1.538158
1.547341
1.557236
1.545543
1.551922
1.548331
1.541719
1.611143
1.543294
1.547047
1.540050
1.539866
1.542644
1.554666
1.543532
1.540906
1.545405
1.635249
1.581391
1.565457
1.570697
1.570990
1.570935
1.562184
1.566793
1.576993
1.569737