compile_opencl_time:
0.002274
0.002365
0.002275
0.002304
0.002347
0.002236
0.002214
0.004340
0.002245
0.002348
total_time:
0.761589
0.761120
0.759016
0.758957
0.759010
0.759430
0.759034
0.758949
0.759189
0.758939
0.759741
0.759612
0.757844
0.757811
0.757930
0.757793
0.757751
0.757783
0.758188
0.757809
0.760788
0.760396
0.758782
0.758581
0.758655
0.758685
0.758866
0.758488
0.758673
0.758743
0.761138
0.760457
0.758698
0.758669
0.758489
0.758249
0.758538
0.758627
0.758537
0.758707
0.761649
0.761015
0.758225
0.758086
0.758244
0.757965
0.758072
0.758097
0.758089
0.758331
0.762175
0.761536
0.759551
0.760156
0.759499
0.759867
0.759517
0.759563
0.759493
0.759715
0.760581
0.760536
0.757815
0.757623
0.757514
0.757814
0.757753
0.757931
0.757237
0.757474
0.757867
0.757404
0.755727
0.755796
0.755490
0.755463
0.755850
0.755570
0.755548
0.755846
0.762007
0.761377
0.759437
0.759642
0.759600
0.759498
0.759360
0.759995
0.759506
0.759979
0.761579
0.760952
0.758993
0.758954
0.759079
0.758929
0.758861
0.759009
0.758786
0.759009