select_time:
0.000010
0.000009
0.000009
0.000012
0.000010
0.000010
0.000009
0.000010
0.000009
0.000010

total_time:
0.194211
0.254045
0.281495
0.287005
0.317225
0.307501
0.329043
0.321646
0.306200
0.313396
0.215389
0.268149
0.288256
0.304601
0.306594
0.319247
0.323811
0.343791
0.314333
0.296165
0.212709
0.260938
0.289064
0.299280
0.324924
0.345033
0.359596
0.338023
0.329629
0.350817
0.206650
0.257703
0.285711
0.300704
0.310013
0.303890
0.329606
0.328261
0.336848
0.320351
0.214750
0.262902
0.288351
0.307155
0.314859
0.325198
0.330846
0.333759
0.334806
0.323552
0.213195
0.265976
0.288207
0.305542
0.312923
0.314518
0.322442
0.349598
0.311988
0.311512
0.215127
0.265601
0.290040
0.311869
0.312725
0.309048
0.314046
0.324908
0.327124
0.301223
0.215608
0.267787
0.283206
0.290732
0.306353
0.317706
0.311550
0.295726
0.317260
0.319606
0.218015
0.266081
0.287826
0.307244
0.313938
0.317884
0.322859
0.315237
0.309640
0.307440
0.224499
0.267533
0.291593
0.308748
0.319108
0.320877
0.304077
0.328308
0.320935
0.336009
