compile_opencl_time:
0.002284
0.002221
0.002325
0.002370
0.002253
0.002270
0.002226
0.002226
0.002434
0.002221
total_time:
0.038924
0.038304
0.037616
0.037611
0.037560
0.037593
0.037534
0.037559
0.037563
0.037568
0.038937
0.038467
0.037679
0.037717
0.037664
0.037680
0.037712
0.037674
0.037769
0.037725
0.039352
0.038655
0.037917
0.037834
0.037817
0.037849
0.037876
0.037887
0.037930
0.037806
0.038650
0.037972
0.037322
0.037184
0.037309
0.037202
0.037322
0.037367
0.037204
0.037265
0.038543
0.037965
0.037256
0.037235
0.037308
0.037253
0.037285
0.037264
0.037265
0.037369
0.039101
0.038595
0.037882
0.037869
0.037837
0.037832
0.037830
0.037861
0.037803
0.037805
0.039072
0.038482
0.037762
0.037802
0.037749
0.037705
0.037755
0.037832
0.037823
0.037721
0.039016
0.038544
0.037836
0.037772
0.037813
0.037831
0.037823
0.037806
0.037841
0.037782
0.039401
0.038756
0.038002
0.037936
0.037975
0.037928
0.037919
0.037910
0.037907
0.037889
0.039208
0.038551
0.037723
0.037817
0.037748
0.037752
0.037785
0.037777
0.037700
0.037844