total_time:
0.078561
0.002786
0.002745
0.002701
0.002699
0.002724
0.002697
0.002695
0.002692
0.002696
0.075951
0.002572
0.002533
0.002493
0.002485
0.002483
0.002489
0.002488
0.002483
0.002484
0.079291
0.002679
0.002597
0.002601
0.002600
0.002600
0.002628
0.002594
0.002596
0.002617
0.082647
0.002518
0.002416
0.002418
0.002412
0.002479
0.002413
0.002411
0.002441
0.002417
0.079741
0.002495
0.002414
0.002407
0.002403
0.002403
0.002400
0.002402
0.002396
0.002404
0.081378
0.002516
0.002440
0.002440
0.002438
0.002436
0.002432
0.002432
0.002461
0.002448
0.082587
0.002645
0.002579
0.002579
0.002579
0.002581
0.002578
0.002581
0.002584
0.002584
0.079895
0.002478
0.002409
0.002408
0.002403
0.002409
0.002404
0.002404
0.002399
0.002399
0.080151
0.002621
0.002524
0.002519
0.002524
0.002522
0.002523
0.002527
0.002520
0.002548
0.087910
0.002484
0.002423
0.002422
0.002403
0.002410
0.002407
0.002403
0.002430
0.002404