total_time:
0.081781
0.002539
0.002490
0.002520
0.002451
0.002430
0.002435
0.002422
0.002424
0.002450
0.078256
0.002318
0.002231
0.002238
0.002228
0.002235
0.002226
0.002224
0.002254
0.002239
0.080072
0.002379
0.002324
0.002295
0.002305
0.002309
0.002361
0.002300
0.002335
0.002331
0.087905
0.002243
0.002217
0.002170
0.002164
0.002171
0.002206
0.002169
0.002163
0.002161
0.080457
0.002246
0.002164
0.002159
0.002153
0.002154
0.002157
0.002150
0.002154
0.002151
0.082078
0.002279
0.002213
0.002208
0.002202
0.002201
0.002203
0.002244
0.002194
0.002194
0.082150
0.002423
0.002320
0.002307
0.002298
0.002297
0.002333
0.002293
0.002302
0.002311
0.077000
0.002240
0.002202
0.002162
0.002159
0.002152
0.002155
0.002154
0.002157
0.002144
0.083998
0.002355
0.002264
0.002295
0.002255
0.002263
0.002255
0.002256
0.002256
0.002256
0.080918
0.002230
0.002157
0.002151
0.002145
0.002145
0.002140
0.002140
0.002155
0.002181