total_time:
0.089081
0.011802
0.011794
0.011083
0.011358
0.011884
0.011423
0.010928
0.011409
0.011552
0.087259
0.009811
0.009336
0.009286
0.008988
0.009078
0.009272
0.009189
0.009269
0.009273
0.115251
0.009920
0.009499
0.009553
0.009434
0.009435
0.009533
0.009489
0.009393
0.009749
0.089441
0.008603
0.008617
0.008574
0.008564
0.008130
0.008295
0.008144
0.008124
0.008123
0.085011
0.008555
0.008143
0.008330
0.008342
0.008509
0.008374
0.008436
0.008469
0.008375
0.084329
0.009404
0.009361
0.009451
0.009264
0.009424
0.009378
0.009392
0.009437
0.009386
0.087851
0.010832
0.010226
0.010349
0.010408
0.010786
0.010780
0.010774
0.010499
0.010607
0.086873
0.009659
0.009578
0.008998
0.008883
0.009088
0.009010
0.008811
0.008872
0.009285
0.088262
0.009756
0.009661
0.009497
0.009193
0.009393
0.009223
0.009494
0.009472
0.009452
0.084469
0.008180
0.008151
0.008091
0.008061
0.007900
0.008084
0.008110
0.008242
0.008087