total_time:
1.998981
2.006070
1.994529
1.995454
2.005020
1.999355
1.990173
1.990877
1.990082
1.988545
1.991524
2.001425
1.987344
1.990963
1.998523
1.992803
1.988112
1.989129
1.988816
1.985724
2.001597
1.996862
1.981496
1.978087
1.984789
1.974244
1.979844
1.979176
1.974224
1.973450
1.998483
1.998874
1.995758
1.992583
1.994534
1.990260
1.988562
1.990007
1.988234
1.998151
2.026935
2.024425
2.012073
2.005189
2.012921
1.998549
1.996770
2.002110
1.992659
1.993336
1.997895
1.996429
1.991411
1.989894
2.005559
1.993715
2.001907
1.991882
1.982723
1.988188
2.000212
2.007466
2.007077
2.002918
1.996872
1.987664
1.987150
2.009167
1.983751
2.009841
2.043547
2.013298
2.006545
2.004691
2.003561
1.994299
1.993883
1.993043
1.989829
1.989401
2.072828
2.060203
2.065346
2.059390
2.060083
2.023592
2.005857
1.994657
2.018466
2.013693
2.009987
2.018961
2.006872
1.993656
1.998412
1.991427
1.991181
1.988734
1.987671
1.988058