total_time:
0.029047
0.028686
0.028407
0.028598
0.028419
0.028695
0.028507
0.028328
0.028207
0.028165
0.027893
0.027632
0.027739
0.027789
0.027613
0.027487
0.027644
0.027683
0.028004
0.02777
0.027639
0.027518
0.027752
0.027485
0.027743
0.027654
0.027639
0.028103
0.027819
0.027585
0.027843
0.027657
0.027709
0.027637
0.027653
0.027876
0.028004
0.02795
0.027872
0.027918
0.028165
0.02821
0.027876
0.027966
0.028219
0.028351
0.027915
0.027874
0.027694
0.027913
0.027938
0.027819
0.027785
0.027761
0.029123
0.028615
0.028614
0.028521
0.028722
0.02839
0.028449
0.028856
0.028597
0.028232
0.027892
0.027993
0.027868
0.027742
0.027805
0.027927
0.027657
0.027716
0.028323
0.027899
0.02806
0.027813
0.027583
0.027695
0.027628
0.027865
0.027661
0.028995
0.028489
0.028367
0.028167
0.02824
0.028474
0.028679
0.028305
0.028321
