compile_opencl_time:
0.068065
0.067576
0.069826
0.068953
0.066687
0.069196
0.067292
0.069998
0.067686
0.067498
total_time:
0.00376
0.003157
0.002737
0.002951
0.00242
0.003222
0.003593
0.003018
0.003407
0.003133
0.003096
0.002855
0.002211
0.002206
0.002206
0.002168
0.002188
0.002209
0.002179
0.002159
0.003597
0.002497
0.002331
0.002257
0.002318
0.002561
0.00227
0.002318
0.002301
0.002331
0.003661
0.002317
0.00276
0.002515
0.003124
0.00274
0.002482
0.002555
0.002418
0.002295
0.003226
0.002456
0.003056
0.002945
0.002219
0.002227
0.00219
0.002622
0.003133
0.002499
0.004072
0.003968
0.002967
0.003228
0.002831
0.003181
0.002796
0.002969
0.00331
0.00327
0.003588
0.002446
0.0027
0.0024
0.00237
0.002326
0.002325
0.002305
0.002208
0.002282
0.003316
0.002663
0.002575
0.002498
0.002871
0.002851
0.003013
0.003619
0.002851
0.003028
0.0032
0.002927
0.002372
0.002738
0.002823
0.002718
0.002904
0.002558
0.002453
0.002189
0.003817
0.002494
0.00241
0.002381
0.002607
0.003355
0.00222
0.00224
0.002283
0.003035
