total_time:
0.007134
0.006565
0.006489
0.006096
0.00604
0.006678
0.006067
0.006412
0.006665
0.007006
0.006503
0.006459
0.006493
0.006434
0.006481
0.006653
0.006487
0.005974
0.007545
0.007291
0.006619
0.006349
0.007508
0.007211
0.007338
0.006776
0.006593
0.00672
0.007189
0.006829
0.006692
0.006264
0.006232
0.006632
0.006354
0.00646
0.006241
0.006891
0.006164
0.00603
0.006722
0.006707
0.006008
0.006564
0.006057
0.006321
0.007094
0.006537
0.006835
0.006417
0.006862
0.00703
0.006086
0.006024
0.007615
0.006401
0.006464
0.006064
0.006016
0.006484
0.006872
0.006026
0.006063
0.007022
0.006566
0.006679
0.006393
0.006375
0.00635
0.006651
0.006306
0.00625
0.006643
0.006383
0.006667
0.006645
0.006438
0.007267
0.006689
0.006401
0.007052
0.00639
0.006921
0.006337
0.006854
0.006048
0.006334
0.006256
0.006683
0.006725
