total_time:
0.05179
0.051188
0.050974
0.050997
0.051208
0.050882
0.051131
0.051125
0.05085
0.052288
0.051469
0.05119
0.051383
0.05147
0.051154
0.051343
0.051436
0.051129
0.051443
0.050517
0.050859
0.050485
0.050685
0.050616
0.050566
0.050695
0.050533
0.051645
0.050926
0.050726
0.050761
0.050985
0.050672
0.050891
0.050713
0.050703
0.0524
0.051196
0.051486
0.051417
0.051238
0.051513
0.051447
0.051334
0.051508
0.052303
0.05158
0.051482
0.051388
0.051653
0.051435
0.05141
0.051589
0.051422
0.051863
0.050677
0.050881
0.050844
0.050657
0.050992
0.052155
0.051052
0.05139
0.051239
0.051177
0.051326
0.051178
0.051221
0.051388
0.051632
0.05097
0.050859
0.050761
0.051042
0.050711
0.050894
0.050955
0.050718
0.050775
0.049826
0.050107
0.04983
0.050015
0.049812
0.049901
0.050024
0.04979
