compile_opencl_time:
0.002199
0.002236
0.002227
0.00226
0.002243
0.002205
0.00226
0.002245
0.002194
0.002289
total_time:
0.048231
0.04756
0.046657
0.046569
0.046666
0.046746
0.046673
0.046735
0.04675
0.046663
0.048237
0.047606
0.046713
0.046673
0.04671
0.046671
0.046628
0.046667
0.046649
0.046642
0.047888
0.047014
0.046299
0.046213
0.046211
0.046179
0.04608
0.046122
0.046071
0.04607
0.046705
0.04608
0.045161
0.045237
0.045161
0.045264
0.045147
0.045242
0.045245
0.045127
0.046503
0.045943
0.044896
0.044986
0.044898
0.044856
0.044956
0.044887
0.044866
0.044846
0.048486
0.047537
0.047493
0.047492
0.047528
0.047496
0.047496
0.047484
0.047429
0.047599
0.046906
0.045947
0.045921
0.045892
0.045901
0.046008
0.045919
0.045992
0.045945
0.047749
0.047111
0.046203
0.046156
0.046146
0.046263
0.046137
0.046128
0.046093
0.046185
0.046833
0.046087
0.045225
0.045224
0.045197
0.045153
0.045259
0.045107
0.045169
0.045359
0.044672
0.044002
0.043136
0.043022
0.043105
0.042981
0.043152
0.042961
0.043071
0.042988
