total_time:
0.11565
0.115
0.114632
0.114285
0.114597
0.114791
0.114816
0.115036
0.114421
0.11749
0.116006
0.116209
0.11465
0.114662
0.115923
0.115362
0.116326
0.115047
0.119768
0.11938
0.118362
0.117983
0.118916
0.118133
0.118962
0.118752
0.118525
0.115813
0.115564
0.114937
0.115058
0.115122
0.115001
0.114201
0.114729
0.114073
0.120057
0.118771
0.119599
0.118726
0.119198
0.118918
0.118942
0.118692
0.119159
0.117981
0.115939
0.115762
0.116206
0.11623
0.116502
0.116486
0.115803
0.11656
0.116862
0.116159
0.115715
0.115391
0.115883
0.116331
0.115192
0.11545
0.116195
0.117671
0.116318
0.115446
0.115277
0.115862
0.116477
0.116009
0.11657
0.115609
0.116029
0.114379
0.113923
0.114625
0.114403
0.114634
0.114858
0.114836
0.114645
0.11608
0.115914
0.114458
0.114768
0.114594
0.115176
0.114787
0.115065
0.11467
