total_time:
0.051417
0.051377
0.050739
0.050584
0.050611
0.050786
0.050503
0.050676
0.050648
0.051875
0.051892
0.051151
0.051143
0.050922
0.05121
0.051049
0.05105
0.051184
0.050814
0.050932
0.050124
0.05
0.050152
0.050048
0.050006
0.050143
0.049896
0.050928
0.051178
0.05015
0.050299
0.050131
0.050193
0.050368
0.050141
0.050302
0.051848
0.051938
0.050974
0.050999
0.051246
0.050965
0.051023
0.051162
0.050879
0.052018
0.052337
0.051256
0.051351
0.051464
0.051288
0.051342
0.051446
0.051182
0.051121
0.051396
0.0503
0.050477
0.050498
0.050326
0.050508
0.05032
0.050488
0.051549
0.051864
0.051067
0.05099
0.051003
0.050858
0.050962
0.051035
0.050768
0.051061
0.051372
0.050194
0.050468
0.050374
0.050363
0.050497
0.050274
0.050432
0.049933
0.050014
0.049113
0.049301
0.049038
0.04934
0.049039
0.04933
0.04898
