total_time:
0.251695
0.172962
0.173301
0.170377
0.170783
0.171095
0.170968
0.170601
0.170595
0.170910
0.248948
0.173114
0.173640
0.171058
0.171204
0.171065
0.171138
0.171138
0.170991
0.171072
0.246284
0.174729
0.175471
0.172965
0.172959
0.172855
0.172747
0.172714
0.172811
0.172691
0.244878
0.174309
0.174811
0.172041
0.171590
0.171761
0.172101
0.172330
0.172380
0.171931
0.250538
0.179089
0.179727
0.176958
0.177276
0.177313
0.177183
0.177322
0.177107
0.176847
0.249396
0.176261
0.176748
0.174421
0.174390
0.174326
0.174162
0.173897
0.174268
0.174344
0.247798
0.176808
0.177132
0.174787
0.174845
0.174926
0.174537
0.174895
0.174986
0.174918
0.248542
0.176857
0.177430
0.174914
0.174960
0.175141
0.174835
0.174622
0.175128
0.174910
0.242816
0.172266
0.172794
0.169386
0.169859
0.170106
0.170010
0.169742
0.169925
0.170140
0.249154
0.177862
0.178113
0.175556
0.175634
0.175590
0.175598
0.175539
0.175453
0.175558