total_time:
0.502014
0.430675
0.427300
0.438760
0.431167
0.429163
0.429833
0.428747
0.428590
0.429535
0.501784
0.429022
0.429101
0.428262
0.430163
0.429362
0.434403
0.431105
0.428748
0.429401
0.505868
0.427940
0.428811
0.429706
0.430714
0.430059
0.430506
0.429318
0.428885
0.428503
0.502274
0.431071
0.437440
0.429694
0.430419
0.431102
0.430884
0.433634
0.430390
0.430869
0.508939
0.438562
0.436101
0.436061
0.433432
0.434802
0.437346
0.436337
0.435870
0.437105
0.527295
0.437332
0.433644
0.432817
0.433262
0.434420
0.433479
0.432537
0.433746
0.430656
0.506160
0.437466
0.431457
0.435223
0.435670
0.437197
0.436815
0.436558
0.435778
0.436313
0.513835
0.436101
0.434792
0.436580
0.433979
0.435665
0.434550
0.437741
0.434777
0.434954
0.517928
0.432340
0.429415
0.429458
0.428513
0.428400
0.430963
0.431526
0.430709
0.431512
0.523184
0.443443
0.446757
0.439457
0.442490
0.441328
0.441824
0.443684
0.442717
0.445251