select_time:
0.000008
0.000009
0.000009
0.000010
0.000010
0.000010
0.000009
0.000009
0.000014
0.000009

total_time:
0.519911
0.437534
0.438324
0.439095
0.439676
0.438377
0.437737
0.437695
0.436648
0.436584
0.508739
0.432853
0.433017
0.432868
0.433278
0.432965
0.432618
0.432932
0.432949
0.433425
0.505947
0.436905
0.437342
0.437197
0.437291
0.437145
0.437247
0.437347
0.436861
0.437246
0.510696
0.438535
0.438639
0.439258
0.438725
0.438697
0.439070
0.439388
0.439220
0.438903
0.504311
0.434056
0.433739
0.434009
0.434281
0.433997
0.434312
0.433947
0.433702
0.433718
0.494119
0.425044
0.425490
0.425865
0.425462
0.425065
0.425318
0.425578
0.425107
0.425490
0.511638
0.443797
0.443469
0.443278
0.443666
0.443775
0.443415
0.443340
0.443712
0.443716
0.501978
0.434998
0.435287
0.435152
0.435146
0.435008
0.435443
0.435221
0.435316
0.435069
0.502318
0.432375
0.432323
0.432333
0.432431
0.432254
0.431933
0.431554
0.432063
0.432034
0.504013
0.433016
0.432840
0.432985
0.432939
0.433014
0.433010
0.433061
0.432933
0.432898
