total_time:
0.076262
0.001146
0.001157
0.001156
0.001163
0.001143
0.001155
0.001157
0.001135
0.001147
0.073679
0.001223
0.001217
0.001219
0.001230
0.001222
0.001234
0.001227
0.001228
0.001222
0.071576
0.001049
0.001044
0.001006
0.001019
0.001003
0.001020
0.001001
0.001024
0.000994
0.072114
0.000750
0.000789
0.000740
0.000745
0.000749
0.000752
0.000757
0.000764
0.000744
0.076424
0.000762
0.000777
0.000768
0.000770
0.000749
0.000784
0.000754
0.000779
0.000750
0.073798
0.001149
0.001147
0.001153
0.001147
0.001138
0.001156
0.001153
0.001141
0.001146
0.077144
0.000867
0.000828
0.000813
0.000824
0.000820
0.000830
0.000807
0.000830
0.000812
0.072712
0.001603
0.001605
0.001605
0.001615
0.001618
0.001679
0.001636
0.001626
0.001616
0.077162
0.001278
0.001287
0.001267
0.001369
0.001296
0.001281
0.001244
0.001276
0.001270
0.074321
0.001048
0.001005
0.001005
0.001017
0.000996
0.001018
0.001017
0.001020
0.000985