total_time:
0.078919
0.001072
0.001115
0.001060
0.001059
0.001065
0.001071
0.001064
0.001064
0.001058
0.071141
0.001126
0.001166
0.001125
0.001121
0.001127
0.001122
0.001123
0.001122
0.001122
0.072961
0.000981
0.000955
0.000955
0.000949
0.000951
0.000957
0.000951
0.000950
0.000954
0.070659
0.000740
0.000716
0.000712
0.000724
0.000721
0.000724
0.000719
0.000716
0.000719
0.075232
0.000721
0.000718
0.000720
0.000717
0.000714
0.000716
0.000716
0.000717
0.000718
0.073391
0.001083
0.001073
0.001083
0.001076
0.001079
0.001074
0.001068
0.001069
0.001106
0.070748
0.000783
0.000801
0.000816
0.000773
0.000773
0.000769
0.000769
0.000767
0.000776
0.070716
0.001537
0.001484
0.001492
0.001475
0.001472
0.001480
0.001465
0.001478
0.001486
0.071910
0.001234
0.001181
0.001176
0.001223
0.001329
0.001186
0.001164
0.001171
0.001173
0.077782
0.000995
0.000942
0.000941
0.000936
0.000943
0.000937
0.000949
0.000944
0.000948