total_time:
0.073185
0.001185
0.001163
0.001174
0.001206
0.001158
0.001150
0.001161
0.001173
0.001167
0.073949
0.001284
0.001245
0.001250
0.001233
0.001235
0.001239
0.001245
0.001234
0.001244
0.075096
0.001036
0.001095
0.001029
0.001037
0.001022
0.001029
0.001032
0.001038
0.001030
0.071599
0.000791
0.000786
0.000796
0.000782
0.000780
0.000774
0.000784
0.000779
0.000795
0.072046
0.000797
0.000796
0.000790
0.000791
0.000790
0.000783
0.000790
0.000798
0.000807
0.074691
0.001213
0.001193
0.001173
0.001173
0.001162
0.001160
0.001171
0.001176
0.001172
0.076509
0.000862
0.000869
0.000862
0.000864
0.000866
0.000850
0.000856
0.000861
0.000860
0.073737
0.001648
0.001620
0.001620
0.001617
0.001633
0.001621
0.001623
0.001624
0.001654
0.074062
0.001307
0.001294
0.001376
0.001290
0.001310
0.001289
0.001285
0.001305
0.001301
0.071593
0.001046
0.001026
0.001057
0.001034
0.001032
0.001054
0.001080
0.001041
0.001035