total_time:
0.073995
0.000600
0.000598
0.000598
0.000639
0.000597
0.000596
0.000594
0.000596
0.000595
0.072510
0.000635
0.000627
0.000625
0.000637
0.000655
0.000673
0.000631
0.000620
0.000626
0.073700
0.000543
0.000538
0.000539
0.000581
0.000538
0.000541
0.000539
0.000535
0.000538
0.071901
0.000413
0.000450
0.000412
0.000408
0.000412
0.000409
0.000407
0.000407
0.000412
0.073715
0.000415
0.000416
0.000414
0.000413
0.000417
0.000416
0.000409
0.000410
0.000427
0.077320
0.000605
0.000644
0.000597
0.000600
0.000597
0.000603
0.000602
0.000604
0.000602
0.073758
0.000444
0.000442
0.000442
0.000442
0.000492
0.000440
0.000439
0.000439
0.000442
0.073457
0.000815
0.000817
0.000815
0.000810
0.000808
0.000811
0.000810
0.000802
0.000803
0.071526
0.000670
0.000707
0.000667
0.000691
0.000664
0.000664
0.000665
0.000665
0.000665
0.072645
0.000545
0.000539
0.000540
0.000580
0.000540
0.000543
0.000545
0.000543
0.000542