select_time:
0.000007
0.000007
0.000007
0.000006
0.000006
0.000006
0.000007
0.000007
0.000007
0.000006

total_time:
0.000366
0.000084
0.000072
0.000067
0.000072
0.000070
0.000070
0.000072
0.000070
0.000069
0.000401
0.000079
0.000077
0.000085
0.000076
0.000078
0.000074
0.000075
0.000073
0.000073
0.000371
0.000066
0.000068
0.000060
0.000071
0.000075
0.000065
0.000070
0.000067
0.000066
0.000352
0.000057
0.000053
0.000053
0.000053
0.000051
0.000052
0.000052
0.000052
0.000052
0.000351
0.000053
0.000052
0.000049
0.000051
0.000053
0.000050
0.000050
0.000049
0.000048
0.000380
0.000066
0.000065
0.000065
0.000062
0.000063
0.000069
0.000066
0.000064
0.000063
0.000346
0.000061
0.000058
0.000057
0.000054
0.000054
0.000058
0.000057
0.000054
0.000057
0.000430
0.000092
0.000092
0.000088
0.000093
0.000088
0.000085
0.000088
0.000089
0.000086
0.000376
0.000071
0.000070
0.000070
0.000068
0.000081
0.000072
0.000074
0.000069
0.000069
0.000341
0.000063
0.000060
0.000060
0.000059
0.000059
0.000059
0.000058
0.000067
0.052048
