total_time:
0.023836
0.023381
0.023336
0.023477
0.023455
0.023443
0.023399
0.023455
0.023499
0.024084
0.023706
0.023714
0.0237
0.023649
0.023728
0.023695
0.023671
0.023633
0.023624
0.023171
0.02316
0.023115
0.023069
0.023166
0.023117
0.023111
0.023044
0.023134
0.022674
0.022663
0.022646
0.022612
0.022604
0.022668
0.022659
0.022665
0.024288
0.02382
0.023777
0.023763
0.023854
0.023806
0.02384
0.023726
0.023799
0.023172
0.022747
0.022697
0.02271
0.022749
0.022796
0.022814
0.022776
0.022835
0.023652
0.023147
0.023221
0.023238
0.023279
0.023291
0.023077
0.023301
0.023236
0.023953
0.023458
0.023558
0.0235
0.023511
0.023492
0.023418
0.023515
0.023539
0.025072
0.024214
0.02388
0.023941
0.02386
0.023917
0.023967
0.024013
0.023936
0.023883
