total_time:
0.022485
0.021714
0.021601
0.021597
0.021605
0.021675
0.021592
0.021581
0.021619
0.023082
0.022289
0.022262
0.022239
0.022228
0.022235
0.022239
0.022219
0.022221
0.021815
0.021047
0.02099
0.020945
0.020979
0.020996
0.021022
0.020941
0.02098
0.021741
0.021008
0.020917
0.020946
0.020929
0.020956
0.020932
0.020883
0.020894
0.023423
0.022645
0.022602
0.02259
0.022612
0.022593
0.022586
0.022581
0.02258
0.021277
0.020514
0.020502
0.020474
0.020482
0.020533
0.020426
0.02044
0.020441
0.021979
0.021295
0.02122
0.02125
0.021202
0.021286
0.021324
0.021239
0.021229
0.022255
0.021513
0.021489
0.021527
0.021528
0.021477
0.021519
0.021527
0.021492
0.024725
0.023904
0.023867
0.02385
0.023851
0.023853
0.023849
0.023866
0.023848
0.024012
0.023283
0.0232
0.023191
0.023121
0.023091
0.023137
0.02314
0.023163
