total_time:
0.094539
0.017424
0.018385
0.017836
0.019440
0.018009
0.017275
0.016616
0.016313
0.017208
0.094518
0.017647
0.016295
0.017953
0.016465
0.015109
0.017152
0.017439
0.016979
0.016898
0.087679
0.012219
0.013476
0.014262
0.013533
0.013558
0.011960
0.013612
0.011766
0.011988
0.093863
0.014768
0.014753
0.014732
0.014804
0.014991
0.014896
0.015404
0.014879
0.014674
0.093994
0.015119
0.013009
0.013752
0.014353
0.013421
0.014138
0.014695
0.014375
0.013953
0.089549
0.016535
0.015636
0.015576
0.014579
0.014604
0.014909
0.015723
0.017130
0.016272
0.091826
0.014433
0.013473
0.014078
0.013269
0.013019
0.013286
0.012541
0.013260
0.013806
0.093229
0.013093
0.014805
0.014622
0.014479
0.014456
0.013419
0.014009
0.012884
0.014787
0.104675
0.015788
0.017011
0.017311
0.016909
0.016448
0.016955
0.016664
0.017222
0.017142
0.092908
0.014903
0.013621
0.014317
0.012689
0.013719
0.013707
0.013982
0.013193
0.013420