total_time:
0.001061
0.000693
0.000730
0.000734
0.000729
0.000714
0.000714
0.000726
0.000710
0.000725
0.001156
0.000684
0.000675
0.000678
0.000681
0.000674
0.000672
0.000676
0.000685
0.000674
0.001093
0.000501
0.000501
0.000500
0.000517
0.000512
0.000521
0.000489
0.000496
0.000495
0.001260
0.000637
0.000632
0.000625
0.000624
0.000654
0.000624
0.000627
0.000625
0.000616
0.001015
0.000529
0.000532
0.000523
0.000523
0.000522
0.000547
0.000524
0.000524
0.000526
0.001165
0.000605
0.000606
0.000606
0.000594
0.000594
0.000591
0.000632
0.000592
0.000589
0.001021
0.000522
0.000523
0.000512
0.000511
0.000516
0.000509
0.000514
0.000512
0.000515
0.000875
0.000643
0.000595
0.000592
0.000573
0.000576
0.000602
0.000574
0.000576
0.000569
0.001141
0.000683
0.000679
0.000687
0.000736
0.000675
0.000684
0.000675
0.000672
0.000677
0.001013
0.000516
0.000510
0.000512
0.000500
0.000510
0.000509
0.000515
0.000513
0.000502