total_time:
0.111374
0.111775
0.109412
0.10998
0.11007
0.109444
0.109939
0.109555
0.109499
0.11144
0.111042
0.110001
0.110092
0.109192
0.109594
0.109951
0.109456
0.109962
0.112019
0.112468
0.111423
0.111114
0.11052
0.110971
0.111266
0.111006
0.11094
0.110953
0.11136
0.109026
0.109532
0.109604
0.108914
0.109364
0.109531
0.109109
0.112219
0.11286
0.111373
0.11048
0.110815
0.111369
0.111288
0.110741
0.110937
0.112047
0.112701
0.110587
0.11045
0.110981
0.111049
0.110899
0.110582
0.111079
0.111318
0.112023
0.110622
0.110169
0.110179
0.110647
0.110356
0.109977
0.110398
0.11155
0.112063
0.110642
0.110096
0.110347
0.110772
0.10977
0.110011
0.110592
0.111402
0.111151
0.109743
0.110015
0.109351
0.109687
0.109633
0.109313
0.109856
0.112501
0.11234
0.11044
0.110902
0.110195
0.110284
0.110803
0.110999
0.110472
