total_time:
0.394887
0.396836
0.394603
0.394149
0.392353
0.394311
0.392323
0.392651
0.392797
0.389599
0.398638
0.396843
0.394372
0.396219
0.396366
0.395718
0.391718
0.392824
0.391167
0.39167
0.402604
0.402575
0.402488
0.402176
0.401953
0.40177
0.3969
0.393506
0.39449
0.392851
0.393904
0.394156
0.392746
0.39364
0.392864
0.392346
0.396064
0.395132
0.393866
0.396052
0.396909
0.392949
0.397184
0.39426
0.394877
0.394078
0.399049
0.396976
0.395649
0.398521
0.397306
0.395221
0.398281
0.393793
0.393953
0.393884
0.395194
0.397518
0.393514
0.395194
0.392998
0.394273
0.39349
0.391859
0.393855
0.393031
0.40301
0.402246
0.403822
0.404132
0.396682
0.395526
0.394775
0.394728
0.392533
0.391083
0.392587
0.391905
0.391824
0.392389
0.397462
0.39337
0.393037
0.398294
0.396282
0.396362
0.395371
0.39336
0.393835
0.394334
