total_time:
0.101543
0.029586
0.029912
0.029218
0.029341
0.029207
0.029297
0.029287
0.029240
0.029244
0.104407
0.029708
0.029860
0.029314
0.029390
0.029303
0.029278
0.029355
0.029356
0.029272
0.103048
0.029641
0.029758
0.029338
0.029264
0.029271
0.029125
0.029266
0.029223
0.029243
0.103694
0.029975
0.030159
0.029653
0.029702
0.029685
0.029522
0.029738
0.029578
0.029685
0.101555
0.030188
0.030056
0.029764
0.029564
0.029777
0.029629
0.029672
0.029671
0.029750
0.104256
0.029989
0.030182
0.029594
0.029576
0.029604
0.029604
0.029568
0.029456
0.029636
0.101155
0.029807
0.030034
0.029357
0.029432
0.029427
0.029447
0.029416
0.029322
0.029427
0.106023
0.029534
0.029839
0.029139
0.029373
0.029213
0.029291
0.029255
0.029305
0.029219
0.130442
0.030229
0.030204
0.029615
0.029764
0.029585
0.029785
0.029509
0.029789
0.029540
0.101759
0.030646
0.030705
0.030266
0.030096
0.030255
0.030065
0.030286
0.030146
0.030144