select_time:
0.000012
0.000011
0.000012
0.000011
0.000011
0.000011
0.000011
0.000009
0.000010
0.000010

total_time:
0.006706
0.007289
0.004917
0.004909
0.005084
0.005117
0.005255
0.005727
0.005712
0.005722
0.006564
0.006263
0.004767
0.004812
0.004846
0.004901
0.004920
0.005477
0.005471
0.005690
0.006464
0.006362
0.004932
0.005033
0.005131
0.005156
0.005200
0.005242
0.005613
0.005712
0.007145
0.006227
0.004936
0.005096
0.005427
0.005406
0.005470
0.005498
0.005713
0.005737
0.006663
0.006342
0.005021
0.005090
0.005155
0.005296
0.005374
0.005377
0.005362
0.005558
0.006669
0.006516
0.005304
0.005359
0.005544
0.005554
0.005616
0.005713
0.005853
0.005848
0.006398
0.006140
0.004864
0.004977
0.005087
0.005181
0.005350
0.005502
0.005599
0.005763
0.006183
0.006403
0.004902
0.004924
0.005087
0.005119
0.005134
0.005346
0.005522
0.005704
0.007048
0.006227
0.004999
0.005250
0.005298
0.005458
0.005480
0.005510
0.005607
0.005756
0.006697
0.006362
0.004986
0.005149
0.005362
0.005377
0.005483
0.005479
0.005686
0.005706
