total_time:
0.001288
0.00129
0.001268
0.001267
0.001275
0.001273
0.00127
0.001275
0.001274
0.001334
0.001339
0.001319
0.001318
0.001326
0.00132
0.001321
0.001314
0.001325
0.001357
0.001371
0.00135
0.001336
0.001352
0.001346
0.001355
0.001347
0.001354
0.001331
0.001336
0.001315
0.001311
0.001307
0.001309
0.001315
0.001306
0.001316
0.00135
0.001357
0.00134
0.001338
0.001333
0.001332
0.001335
0.001333
0.001338
0.001404
0.001398
0.001391
0.001384
0.001398
0.001397
0.001393
0.001384
0.001394
0.001357
0.001351
0.001326
0.001334
0.001337
0.001339
0.001334
0.001339
0.001336
0.001373
0.001386
0.00135
0.001356
0.001346
0.001358
0.001348
0.001381
0.001348
0.001369
0.001353
0.001339
0.001395
0.001341
0.00133
0.001356
0.001361
0.001337
0.001308
0.001312
0.001299
0.001292
0.001278
0.001286
0.001288
0.001285
0.00129
