total_time:
0.071281
0.073622
0.07259
0.072405
0.073303
0.072508
0.072703
0.073048
0.072678
0.072863
0.072806
0.070289
0.06905
0.069553
0.068974
0.070012
0.069425
0.069405
0.070001
0.069507
0.072602
0.069568
0.069725
0.070487
0.070182
0.07132
0.069125
0.06902
0.070489
0.069629
0.070616
0.072434
0.072954
0.073487
0.072448
0.072459
0.073159
0.073274
0.073069
0.072998
0.075039
0.074377
0.073401
0.072005
0.072999
0.072426
0.075161
0.072373
0.074595
0.073408
0.071539
0.069856
0.069041
0.06909
0.0696
0.069035
0.069122
0.0698
0.069516
0.069825
0.070939
0.070316
0.068541
0.069665
0.071375
0.068917
0.069765
0.070697
0.069177
0.069844
0.071966
0.069922
0.068885
0.069412
0.067224
0.068147
0.068572
0.068717
0.067741
0.068127
0.074627
0.068594
0.066436
0.068553
0.069
0.068116
0.068485
0.069054
0.068532
0.067177
0.069857
0.068511
0.06776
0.068086
0.066737
0.067033
0.068106
0.066914
0.067685
0.067369
