total_time:
0.096323
0.095886
0.095749
0.095406
0.095501
0.095537
0.09567
0.095526
0.095457
0.090501
0.089989
0.090063
0.090088
0.090014
0.090125
0.09011
0.090174
0.090033
0.093396
0.092855
0.092767
0.092762
0.092826
0.092836
0.092682
0.092849
0.09275
0.091863
0.091052
0.091299
0.09111
0.091056
0.091006
0.091074
0.09091
0.091194
0.094249
0.093763
0.093845
0.093681
0.093722
0.093613
0.093606
0.093741
0.093712
0.095185
0.09449
0.094331
0.094448
0.094419
0.094465
0.094398
0.093093
0.092828
0.09747
0.09688
0.096845
0.096758
0.097151
0.096892
0.097118
0.096992
0.096876
0.090134
0.08952
0.089537
0.089327
0.08938
0.089422
0.089297
0.089464
0.089456
0.09456
0.094
0.093711
0.093983
0.093969
0.093933
0.094024
0.094025
0.093772
0.097951
0.097267
0.097175
0.097199
0.097237
0.097184
0.097086
0.097189
0.097162
