total_time:
0.001081
0.001079
0.001072
0.001084
0.001069
0.001082
0.001077
0.001082
0.001071
0.000853
0.00088
0.000842
0.000852
0.000841
0.00084
0.000846
0.000848
0.000837
0.001483
0.001481
0.001493
0.001468
0.001562
0.001477
0.001473
0.001475
0.001461
0.001231
0.00128
0.001242
0.001256
0.001219
0.001221
0.001219
0.001213
0.001217
0.001486
0.00154
0.001472
0.00147
0.001499
0.001461
0.001468
0.001472
0.001466
0.001623
0.001544
0.001559
0.001545
0.001547
0.001534
0.001558
0.001554
0.001548
0.000846
0.000868
0.00085
0.00085
0.000845
0.000841
0.000832
0.000857
0.000829
0.001564
0.001544
0.001534
0.001568
0.001566
0.001549
0.001562
0.001567
0.001563
0.001636
0.0016
0.001584
0.001603
0.001588
0.001595
0.001601
0.001596
0.001594
0.00111
0.001103
0.001097
0.001105
0.001104
0.001101
0.001101
0.001126
0.001099
