total_time:
0.155814
0.153765
0.152796
0.15264
0.152645
0.152629
0.152599
0.152754
0.152599
0.155369
0.153164
0.152289
0.152186
0.152169
0.152309
0.152228
0.15213
0.152223
0.15532
0.153257
0.152345
0.152295
0.152257
0.152211
0.152392
0.152223
0.152275
0.155419
0.153023
0.152337
0.152274
0.152261
0.152259
0.152069
0.152257
0.152263
0.157001
0.154804
0.153847
0.153772
0.15393
0.153869
0.153922
0.153662
0.15371
0.154872
0.152859
0.151846
0.151807
0.151755
0.151838
0.151759
0.151686
0.151763
0.155368
0.154318
0.154418
0.154506
0.15439
0.154369
0.154393
0.154417
0.156103
0.153929
0.152958
0.153008
0.15312
0.152886
0.152859
0.153005
0.152898
0.154906
0.152513
0.151541
0.151421
0.151659
0.151541
0.151738
0.151579
0.151523
0.155843
0.153771
0.15282
0.152827
0.152796
0.152778
0.152801
0.152817
0.152724
