total_time:
0.000848
0.000844
0.000844
0.00087
0.000842
0.000841
0.000837
0.000837
0.000863
0.000859
0.000855
0.000827
0.000831
0.000836
0.000834
0.000834
0.000835
0.000836
0.000834
0.000863
0.000829
0.000826
0.00083
0.000833
0.000832
0.000829
0.000832
0.000838
0.000873
0.000836
0.000829
0.000831
0.000829
0.000828
0.00083
0.000841
0.000841
0.000865
0.000842
0.000839
0.000839
0.000849
0.000846
0.000843
0.000889
0.000903
0.000906
0.000899
0.000893
0.000898
0.000898
0.000902
0.000875
0.000825
0.000826
0.000826
0.000875
0.000824
0.000824
0.000826
0.000846
0.000842
0.000841
0.000864
0.000845
0.000837
0.000833
0.000834
0.000834
0.000837
0.000861
0.00083
0.000834
0.000829
0.000828
0.000828
0.00083
0.000828
0.000829
0.000851
0.000837
0.000827
0.00083
0.000827
0.000831
0.000833
0.000828
0.000832
