total_time:
0.002505
0.002423
0.002383
0.002341
0.002359
0.00238
0.002282
0.002407
0.002447
0.002325
0.002296
0.002319
0.002418
0.002313
0.002338
0.002347
0.002033
0.00188
0.002111
0.001933
0.001963
0.001957
0.00193
0.001892
0.001913
0.001919
0.002022
0.001997
0.001959
0.001953
0.00193
0.001943
0.001968
0.00194
0.001966
0.00194
0.002329
0.00231
0.002271
0.00226
0.002388
0.00221
0.002218
0.002208
0.002143
0.003021
0.003024
0.003005
0.003008
0.003041
0.002941
0.002859
0.002956
0.002931
0.002254
0.002067
0.00193
0.001917
0.001891
0.001886
0.001846
0.001973
0.001917
0.002436
0.002415
0.002479
0.002351
0.002384
0.002416
0.00228
0.001933
0.001942
0.002441
0.002376
0.002311
0.002357
0.002344
0.00228
0.002329
0.002241
0.002305
0.002372
0.002451
0.002372
0.0023
0.002153
0.00195
0.001892
0.001878
0.001937
