total_time:
0.000792
0.000802
0.000794
0.000801
0.00079
0.00079
0.000789
0.000799
0.000794
0.000813
0.000796
0.000804
0.000798
0.000793
0.000791
0.000817
0.000804
0.000799
0.0008
0.000801
0.000783
0.000801
0.000793
0.00079
0.000792
0.000801
0.000794
0.000813
0.000802
0.000821
0.000797
0.00079
0.000789
0.000782
0.000796
0.000792
0.000837
0.000797
0.000771
0.000798
0.000793
0.000792
0.000789
0.0008
0.000794
0.000838
0.000799
0.000824
0.000777
0.000796
0.000791
0.000787
0.000787
0.000795
0.000792
0.000803
0.000795
0.000786
0.000797
0.000791
0.00079
0.000776
0.000796
0.00083
0.000809
0.000829
0.00079
0.0008
0.000785
0.000792
0.000789
0.0008
0.000802
0.000799
0.000802
0.000787
0.000803
0.000799
0.000799
0.000788
0.000806
0.000792
