total_time:
0.015054
0.014684
0.014655
0.014704
0.014667
0.014648
0.014632
0.014639
0.014685
0.015216
0.014881
0.014882
0.014892
0.014876
0.014858
0.014836
0.014887
0.014887
0.014993
0.014683
0.014659
0.014672
0.014666
0.014673
0.014655
0.014641
0.014651
0.014921
0.014618
0.014538
0.01461
0.014543
0.014578
0.014528
0.014558
0.014523
0.015053
0.014697
0.014712
0.01473
0.014706
0.014695
0.014686
0.014735
0.014709
0.014866
0.014597
0.014511
0.014563
0.01454
0.014599
0.01457
0.01455
0.014542
0.014831
0.014662
0.014558
0.014586
0.014552
0.014635
0.014578
0.014568
0.014523
0.015171
0.014835
0.014822
0.014897
0.01485
0.014864
0.014801
0.014842
0.014905
0.015102
0.01471
0.0147
0.014725
0.014692
0.014782
0.01469
0.014729
0.014711
0.015057
0.014822
0.014722
0.014699
0.01472
0.014759
0.014719
0.014757
0.01475
