total_time:
0.034544
0.033888
0.034242
0.034378
0.034003
0.033917
0.033907
0.034226
0.033953
0.034852
0.034257
0.034011
0.034037
0.033906
0.033992
0.034187
0.034266
0.034393
0.033564
0.033014
0.032899
0.03341
0.032762
0.033131
0.033059
0.033017
0.033226
0.034376
0.033977
0.034306
0.034299
0.034002
0.033914
0.033596
0.033735
0.033843
0.034704
0.0342
0.033987
0.033921
0.033821
0.033914
0.034029
0.033795
0.033778
0.034364
0.033738
0.033609
0.033909
0.034345
0.03387
0.033859
0.033348
0.0334
0.033421
0.032735
0.032894
0.032964
0.032937
0.032846
0.032675
0.032783
0.032606
0.033634
0.033144
0.033284
0.033184
0.032789
0.032831
0.033282
0.033273
0.033205
0.033496
0.033112
0.032844
0.033065
0.032667
0.03304
0.032952
0.03302
0.032859
0.034806
0.033997
0.033559
0.032544
0.032782
0.032778
0.032981
0.033202
0.033352
