total_time:
0.015201
0.015052
0.014783
0.014831
0.014846
0.014841
0.014824
0.014787
0.01476
0.015195
0.014978
0.015056
0.015021
0.014991
0.014962
0.014995
0.014985
0.015143
0.015002
0.014774
0.014788
0.014826
0.014764
0.014773
0.014793
0.014836
0.015046
0.014894
0.014677
0.014703
0.014638
0.014657
0.014651
0.014644
0.014633
0.015177
0.015058
0.014826
0.01484
0.014796
0.014778
0.014845
0.014852
0.014796
0.014996
0.014845
0.014626
0.014659
0.014615
0.014593
0.014619
0.0146
0.01461
0.01498
0.014821
0.014626
0.014649
0.014643
0.014612
0.014613
0.014673
0.014662
0.015387
0.015258
0.014931
0.015037
0.01498
0.014991
0.014927
0.014976
0.014946
0.015144
0.015017
0.014787
0.014851
0.014871
0.014852
0.014799
0.014808
0.014823
0.015219
0.015081
0.014866
0.014851
0.014883
0.014881
0.01485
0.01484
0.014851
