total_time:
0.311269
0.238139
0.238674
0.237903
0.238155
0.237995
0.238021
0.238234
0.237961
0.237934
0.303626
0.230354
0.230634
0.229831
0.230047
0.229654
0.229919
0.229765
0.229759
0.229608
0.317230
0.240899
0.241914
0.242514
0.242440
0.242339
0.242157
0.242482
0.242249
0.242375
0.311227
0.240458
0.240491
0.239860
0.239947
0.239931
0.240310
0.239869
0.239960
0.240160
0.294575
0.219787
0.219588
0.218411
0.218408
0.218539
0.218390
0.217993
0.218423
0.218099
0.302463
0.231638
0.232748
0.233554
0.233460
0.232795
0.241700
0.240455
0.235484
0.233417
0.307683
0.231122
0.230974
0.230714
0.231029
0.230889
0.231154
0.230722
0.230782
0.230153
0.307926
0.236497
0.238737
0.240243
0.240531
0.240534
0.240152
0.240021
0.240512
0.240811
0.297642
0.229595
0.231648
0.230683
0.230750
0.230190
0.230644
0.230524
0.229456
0.228592
0.295001
0.223647
0.223870
0.222921
0.222756
0.222738
0.222890
0.230593
0.231715
0.227866