total_time:
0.440791
0.344182
0.343056
0.342759
0.342893
0.342826
0.342849
0.342872
0.342668
0.342848
0.428379
0.333726
0.332045
0.332479
0.332311
0.332128
0.331684
0.332684
0.332408
0.332422
0.441094
0.351188
0.350632
0.350616
0.350319
0.350366
0.350636
0.350272
0.350421
0.350521
0.448981
0.349807
0.348513
0.348349
0.348109
0.348373
0.348230
0.348182
0.348229
0.348157
0.412493
0.314937
0.313755
0.313515
0.313653
0.313577
0.313890
0.313538
0.313518
0.313786
0.428352
0.333589
0.332158
0.332225
0.331986
0.331834
0.331939
0.332069
0.331990
0.331821
0.435458
0.339380
0.338208
0.337808
0.337803
0.337922
0.337726
0.337715
0.337603
0.337520
0.437170
0.343447
0.342049
0.341757
0.342199
0.342617
0.342620
0.341805
0.341962
0.342132
0.421829
0.326626
0.325123
0.325139
0.325190
0.325184
0.325389
0.325014
0.325172
0.324729
0.425761
0.330510
0.329684
0.329468
0.329074
0.328850
0.328799
0.329301
0.329449
0.329173