compile_opencl_time:
0.080066
0.080735
0.079798
0.079808
0.086071
0.080336
0.079657
0.077398
0.083978
0.080549
total_time:
0.172778
0.190606
0.191722
0.191704
0.184978
0.187373
0.185939
0.190223
0.185799
0.187910
0.164629
0.175020
0.174309
0.174988
0.176162
0.179038
0.177525
0.187432
0.178869
0.179213
0.179339
0.184734
0.189216
0.185957
0.192900
0.186801
0.188221
0.185601
0.190413
0.192109
0.174179
0.181716
0.186471
0.189499
0.182363
0.183761
0.184224
0.185849
0.188586
0.186691
0.159098
0.165691
0.166526
0.167152
0.168235
0.168735
0.168538
0.168457
0.168152
0.169937
0.175335
0.184170
0.188961
0.187526
0.188769
0.189199
0.187641
0.188949
0.192010
0.192348
0.169470
0.176328
0.177773
0.180067
0.179593
0.183477
0.180229
0.179484
0.184554
0.184851
0.172706
0.181252
0.182222
0.185595
0.187289
0.183633
0.186479
0.183320
0.185200
0.183910
0.165594
0.174849
0.172271
0.176951
0.174228
0.174918
0.183814
0.176564
0.175473
0.183668
0.163001
0.173876
0.167827
0.170146
0.172461
0.174433
0.173445
0.172776
0.177383
0.175740