total_time:
0.076814
0.000729
0.000717
0.000691
0.000742
0.000699
0.000690
0.000704
0.000704
0.000707
0.073217
0.000696
0.000696
0.000723
0.000710
0.000698
0.000700
0.000696
0.000701
0.000708
0.072241
0.000776
0.000772
0.000769
0.000782
0.000774
0.000772
0.000776
0.000779
0.000799
0.070871
0.000705
0.000744
0.000698
0.000707
0.000702
0.000700
0.000723
0.000711
0.000707
0.071832
0.000773
0.000773
0.000789
0.000780
0.000780
0.000772
0.000781
0.000782
0.000772
0.073741
0.000804
0.000768
0.000772
0.000781
0.000775
0.000772
0.000763
0.000781
0.000780
0.071609
0.000781
0.000791
0.000795
0.000787
0.000771
0.000772
0.000776
0.000781
0.000774
0.074254
0.000791
0.000799
0.000766
0.000800
0.000779
0.000770
0.000762
0.000784
0.000806
0.073668
0.000806
0.000781
0.000777
0.000784
0.000772
0.000772
0.000781
0.000786
0.000772
0.072767
0.000756
0.000701
0.000699
0.000709
0.000706
0.000709
0.000695
0.000716
0.000708