compile_opencl_time:
0.127315
0.123940
0.122762
0.129741
0.125450
0.123885
0.124289
0.130547
0.124198
0.130713
total_time:
0.003009
0.000959
0.000965
0.000916
0.000987
0.000916
0.000948
0.000964
0.000961
0.000898
0.003059
0.001192
0.001017
0.001007
0.000995
0.000926
0.001003
0.000937
0.001042
0.000929
0.002940
0.001220
0.001274
0.001127
0.001292
0.001017
0.001001
0.001075
0.001065
0.000996
0.002961
0.001086
0.000923
0.000893
0.000845
0.000932
0.000890
0.000905
0.000837
0.001027
0.003172
0.001123
0.000915
0.001068
0.001042
0.001142
0.001096
0.001021
0.001118
0.001092
0.002872
0.001078
0.000996
0.000984
0.001044
0.001022
0.001053
0.001034
0.000999
0.000984
0.002872
0.001267
0.001066
0.001027
0.001163
0.001074
0.001233
0.001132
0.001071
0.001048
0.002953
0.001121
0.001070
0.001040
0.001135
0.001075
0.001210
0.000985
0.000940
0.001014
0.003076
0.001344
0.001225
0.001333
0.001118
0.001094
0.001109
0.001058
0.001263
0.001013
0.003137
0.001195
0.001284
0.000926
0.000852
0.000943
0.000896
0.001078
0.000936
0.000901