total_time:
0.105742
0.105573
0.105864
0.106215
0.105994
0.106159
0.105841
0.105712
0.106288
0.109491
0.109084
0.10868
0.1091
0.108778
0.108981
0.109144
0.108915
0.109119
0.107544
0.107283
0.106842
0.106919
0.107021
0.107157
0.106795
0.106996
0.107224
0.103471
0.103155
0.103357
0.103207
0.103284
0.102978
0.103028
0.103642
0.103008
0.102666
0.102199
0.102124
0.102796
0.102692
0.102803
0.102621
0.10283
0.102894
0.101923
0.101803
0.101723
0.101669
0.101613
0.101753
0.101529
0.101779
0.101669
0.102644
0.102386
0.10248
0.102537
0.102218
0.102155
0.102084
0.102406
0.102279
0.100236
0.099883
0.099624
0.100269
0.100292
0.10023
0.100181
0.100138
0.099949
0.104177
0.104225
0.104429
0.10398
0.10437
0.104365
0.104669
0.104487
0.104905
0.108693
0.109353
0.109504
0.109142
0.109154
0.109625
0.109263
0.109225
0.109059
