total_time:
0.036222
0.034175
0.034186
0.034287
0.031895
0.033131
0.034515
0.034602
0.033774
0.034137
0.035014
0.03413
0.035165
0.036524
0.036469
0.037861
0.035468
0.037276
0.036731
0.037378
0.034521
0.034302
0.032394
0.033827
0.032771
0.033182
0.032672
0.033508
0.03495
0.033679
0.03326
0.033201
0.033313
0.036918
0.03776
0.034568
0.03413
0.033845
0.034263
0.033259
0.03304
0.032179
0.033245
0.034022
0.034095
0.034115
0.033934
0.034726
0.033721
0.033741
0.033855
0.033156
0.034651
0.034099
0.033894
0.034712
0.034826
0.035744
0.034227
0.033679
0.036455
0.035989
0.036376
0.036048
0.03631
0.037051
0.036202
0.037038
0.037297
0.033564
0.035326
0.035996
0.036466
0.036703
0.035784
0.036886
0.035883
0.036197
0.037142
0.034796
0.033656
0.033675
0.034546
0.033823
0.034089
0.034231
0.033907
0.033884
0.033465
0.035403
0.036754
0.035482
0.037259
0.036358
0.036835
0.037594
0.037083
0.036704
0.036861
