total_time:
0.331833
0.331621
0.331508
0.331453
0.331424
0.331507
0.331159
0.331389
0.331196
0.33111
0.331716
0.331777
0.332203
0.332197
0.331995
0.331966
0.332012
0.331758
0.331529
0.331104
0.330863
0.331275
0.331138
0.331114
0.331315
0.331194
0.331291
0.331196
0.33064
0.330565
0.330702
0.330414
0.331037
0.331366
0.33092
0.330975
0.331398
0.330794
0.330869
0.330943
0.331082
0.331377
0.33134
0.331129
0.331229
0.331053
0.330939
0.330915
0.330757
0.330598
0.330268
0.330457
0.330841
0.330979
0.331118
0.330983
0.330724
0.330998
0.331185
0.33092
0.331155
0.331125
0.331076
0.331837
0.331649
0.331658
0.331792
0.33163
0.33164
0.331606
0.331195
0.331302
0.331476
0.331521
0.33129
0.331466
0.331046
0.330877
0.331028
0.330838
0.331482
0.331737
0.331347
0.33119
0.330896
0.330844
0.330914
0.331125
0.331556
0.331172
