total_time:
0.098958
0.026403
0.026623
0.026145
0.026072
0.026110
0.026069
0.025982
0.026116
0.026012
0.099510
0.026585
0.026752
0.026291
0.026279
0.026260
0.026166
0.026251
0.026290
0.026128
0.100176
0.026230
0.026407
0.025980
0.025811
0.025950
0.025936
0.025786
0.025921
0.025933
0.102664
0.026579
0.026601
0.026174
0.026057
0.026134
0.026136
0.026009
0.026129
0.026117
0.100473
0.026420
0.026617
0.026178
0.025998
0.026070
0.026059
0.025978
0.026023
0.026088
0.098071
0.026515
0.026640
0.026055
0.026121
0.026090
0.025984
0.026150
0.026070
0.025978
0.097868
0.026504
0.026524
0.026162
0.026135
0.025949
0.026110
0.026155
0.025989
0.026062
0.098844
0.026406
0.026336
0.025980
0.026020
0.025896
0.025953
0.025965
0.025791
0.025940
0.099463
0.026539
0.026535
0.026163
0.026157
0.025981
0.026131
0.026191
0.025991
0.026150
0.101010
0.026639
0.026817
0.026381
0.026360
0.026369
0.026221
0.026363
0.026391
0.026196