total_time:
0.097259
0.026626
0.026115
0.025991
0.026147
0.026146
0.026025
0.026172
0.026196
0.026170
0.100038
0.026805
0.026260
0.026268
0.026303
0.026179
0.026327
0.026313
0.026193
0.026356
0.098062
0.026478
0.026075
0.025922
0.026019
0.026002
0.025917
0.025998
0.026046
0.025873
0.099478
0.026659
0.026278
0.026114
0.026203
0.026230
0.026092
0.026191
0.026170
0.026069
0.098562
0.026566
0.026216
0.026106
0.026159
0.026132
0.026036
0.026107
0.026134
0.025968
0.102312
0.026466
0.026116
0.026130
0.026011
0.026112
0.026095
0.025962
0.026079
0.026078
0.101793
0.026427
0.026137
0.026160
0.026010
0.026117
0.026065
0.026057
0.026110
0.026121
0.101095
0.026431
0.026015
0.026016
0.025940
0.026079
0.026053
0.025852
0.026046
0.025984
0.101045
0.026430
0.026119
0.026114
0.026014
0.026081
0.026096
0.026082
0.026131
0.026088
0.099732
0.026889
0.026398
0.026414
0.026398
0.026345
0.026363
0.026425
0.026221
0.026403