total_time:
0.006178
0.006549
0.006306
0.006362
0.006219
0.006354
0.006312
0.006486
0.006409
0.006424
0.007238
0.006564
0.005598
0.005877
0.006128
0.006595
0.006464
0.006873
0.006834
0.006887
0.006369
0.006346
0.005628
0.005905
0.006181
0.006584
0.006500
0.006518
0.006410
0.006355
0.006109
0.005927
0.005405
0.005856
0.006110
0.006035
0.006261
0.006374
0.006497
0.006490
0.006102
0.006428
0.005799
0.006061
0.005980
0.006210
0.006338
0.006237
0.006376
0.006404
0.007301
0.006709
0.005925
0.006423
0.006404
0.006497
0.006476
0.006636
0.006451
0.006676
0.006434
0.006330
0.006058
0.006222
0.006328
0.006293
0.006668
0.006588
0.006613
0.006538
0.006435
0.006321
0.005621
0.005929
0.006027
0.006248
0.006413
0.006263
0.006274
0.006338
0.047232
0.036518
0.005800
0.006429
0.006443
0.006562
0.006668
0.006745
0.006737
0.006734
0.006125
0.006159
0.005701
0.006150
0.006258
0.006778
0.006904
0.006743
0.006759
0.006918