total_time:
0.061761
0.060772
0.060028
0.059526
0.059148
0.058259
0.061998
0.059943
0.059942
0.059354
0.060366
0.058678
0.058579
0.058550
0.059524
0.058452
0.059500
0.058688
0.058253
0.059102
0.063289
0.063116
0.064313
0.060860
0.061330
0.061432
0.061751
0.061180
0.060686
0.061421
0.061443
0.062796
0.060025
0.060931
0.060601
0.060943
0.061008
0.060283
0.061034
0.061125
0.061006
0.059721
0.059872
0.060722
0.060122
0.060336
0.058661
0.059511
0.059675
0.060575
0.060752
0.058912
0.059239
0.058264
0.058567
0.058721
0.059791
0.058571
0.058656
0.058676
0.061235
0.059416
0.060486
0.058573
0.058770
0.059020
0.059292
0.059365
0.058752
0.058737
0.061858
0.059346
0.059956
0.059506
0.058979
0.059578
0.059440
0.059592
0.060442
0.059333
0.060732
0.061053
0.059041
0.058331
0.058673
0.060429
0.059821
0.060684
0.058814
0.058754
0.063580
0.061749
0.061818
0.060256
0.061248
0.060774
0.061144
0.061366
0.060930
0.061209