select_time:
0.000010
0.000010
0.000010
0.000010
0.000010
0.000010
0.000009
0.000010
0.000010
0.000011

total_time:
0.005477
0.005370
0.004184
0.004308
0.004369
0.004391
0.004390
0.004576
0.004587
0.004768
0.006375
0.005517
0.004240
0.004227
0.004388
0.004417
0.004429
0.004446
0.004607
0.004686
0.005787
0.005635
0.004042
0.004143
0.004275
0.004310
0.004331
0.004419
0.004509
0.004577
0.006470
0.005438
0.003994
0.004086
0.004152
0.004292
0.004281
0.004307
0.004327
0.004450
0.005819
0.004812
0.003490
0.003709
0.003878
0.003950
0.004047
0.004078
0.004093
0.004263
0.004949
0.004654
0.003600
0.003618
0.003716
0.003838
0.003867
0.003907
0.003917
0.004037
0.006127
0.030604
0.004086
0.004178
0.004228
0.004408
0.004414
0.004439
0.004555
0.004625
0.005837
0.005019
0.003527
0.003522
0.003568
0.003688
0.003750
0.003823
0.003837
0.004097
0.005997
0.005240
0.003805
0.003822
0.003857
0.004102
0.004377
0.004324
0.004369
0.004437
0.005680
0.005240
0.004068
0.004122
0.004270
0.004367
0.004410
0.004423
0.004489
0.004610
