total_time:
0.072566
0.001828
0.001810
0.001808
0.001803
0.001816
0.001829
0.001830
0.001816
0.001821
0.079767
0.001805
0.001797
0.001761
0.001761
0.001774
0.001768
0.001762
0.001798
0.001768
0.078055
0.001795
0.001778
0.001751
0.001773
0.001785
0.001784
0.001777
0.001780
0.001785
0.074669
0.001933
0.001925
0.001918
0.001929
0.001901
0.001915
0.001915
0.001917
0.001903
0.075222
0.001722
0.001709
0.001701
0.001696
0.001697
0.001697
0.001705
0.001700
0.001709
0.082651
0.001859
0.001856
0.001843
0.001853
0.001831
0.001844
0.001847
0.001853
0.001839
0.073847
0.001853
0.001823
0.001835
0.001826
0.001838
0.001837
0.001819
0.001835
0.001842
0.081903
0.002241
0.002214
0.002212
0.002219
0.002209
0.002223
0.002202
0.002218
0.002228
0.072078
0.001797
0.001778
0.001776
0.001775
0.001776
0.001807
0.001774
0.001781
0.001776
0.082425
0.001840
0.001841
0.001824
0.001829
0.001840
0.001837
0.001841
0.001838
0.001849