total_time:
0.075098
0.001840
0.001830
0.001826
0.001833
0.001808
0.001816
0.001809
0.001810
0.001801
0.074184
0.001781
0.001769
0.001776
0.001783
0.001782
0.001767
0.001761
0.001775
0.001769
0.073730
0.001815
0.001796
0.001804
0.001794
0.001801
0.001783
0.001760
0.001768
0.001779
0.073571
0.001957
0.001916
0.001922
0.001914
0.001913
0.001905
0.001911
0.001910
0.001929
0.075040
0.001744
0.001726
0.001723
0.001735
0.001734
0.001738
0.001727
0.001709
0.001741
0.079104
0.001825
0.001833
0.001833
0.001805
0.001806
0.001819
0.001815
0.001815
0.001827
0.072940
0.001893
0.001857
0.001856
0.001851
0.001838
0.001847
0.001848
0.001836
0.001829
0.080632
0.002215
0.002206
0.002206
0.002196
0.002193
0.002196
0.002195
0.002176
0.002194
0.074754
0.001792
0.001786
0.001799
0.001783
0.001797
0.001803
0.001783
0.001779
0.001789
0.082260
0.001825
0.001807
0.001792
0.001811
0.001796
0.001819
0.001794
0.001800
0.001792