total_time:
0.073306
0.001246
0.001184
0.001183
0.001185
0.001189
0.001181
0.001191
0.001189
0.001187
0.078844
0.001171
0.001162
0.001161
0.001177
0.001161
0.001162
0.001158
0.001152
0.001189
0.076825
0.001162
0.001151
0.001153
0.001145
0.001147
0.001173
0.001147
0.001148
0.001147
0.073943
0.001243
0.001225
0.001220
0.001220
0.001218
0.001220
0.001220
0.001219
0.001216
0.072611
0.001167
0.001141
0.001133
0.001131
0.001133
0.001130
0.001133
0.001155
0.001129
0.074927
0.001181
0.001152
0.001136
0.001129
0.001133
0.001136
0.001132
0.001149
0.001132
0.074837
0.001224
0.001252
0.001206
0.001203
0.001203
0.001233
0.001203
0.001205
0.001212
0.072326
0.001380
0.001340
0.001336
0.001333
0.001361
0.001340
0.001335
0.001335
0.001331
0.075764
0.001189
0.001180
0.001185
0.001176
0.001206
0.001172
0.001176
0.001179
0.001175
0.071266
0.001143
0.001127
0.001159
0.001119
0.001121
0.001116
0.001123
0.001122
0.001130