compile_opencl_time:
0.138618
0.138484
0.139577
0.137798
0.139847
0.139538
0.139068
0.138575
total_time:
0.01991
0.018334
0.018173
0.018325
0.018676
0.018817
0.018129
0.01931
0.019385
0.019184
0.020542
0.019146
0.01725
0.017868
0.021598
0.020227
0.017808
0.017793
0.01727
0.016523
0.020682
0.019283
0.018391
0.017254
0.018156
0.01884
0.018214
0.018179
0.017846
0.019323
0.020689
0.017681
0.018889
0.018048
0.017676
0.017357
0.016773
0.016904
0.016886
0.016856
0.018973
0.018181
0.019402
0.018473
0.017178
0.016854
0.016999
0.016995
0.018817
0.020323
0.021575
0.017121
0.020691
0.018779
0.017974
0.019321
0.017975
0.016858
0.016582
0.020704
0.018004
0.019459
0.018311
0.018538
0.018137
0.018166
0.017943
0.017867
0.018006
0.020101
0.019846
0.018632
0.018119
0.017967
0.016933
0.017093
0.017336
0.01771
0.016832
0.020741
0.019128
0.019205
0.018289
0.0178
0.018984
0.018554
0.018961
0.018702
0.017561
0.02054
0.018132
0.017059
0.017026
0.01698
0.017001
0.017266
0.017083
0.017035
0.016927
