total_time:
0.037048
0.037208
0.036549
0.036611
0.036561
0.03658
0.036623
0.036644
0.036533
0.036947
0.037088
0.036466
0.036352
0.036338
0.036296
0.036432
0.036341
0.036413
0.037266
0.037272
0.0366
0.036569
0.03655
0.037023
0.036961
0.03696
0.037016
0.037152
0.037276
0.036716
0.036752
0.036674
0.036618
0.036504
0.036477
0.036659
0.037409
0.037294
0.036838
0.036855
0.036935
0.036864
0.03671
0.036648
0.036546
0.037064
0.03719
0.036603
0.036576
0.036713
0.036705
0.036701
0.036817
0.036595
0.037534
0.037582
0.036911
0.0368
0.036768
0.036957
0.036957
0.036944
0.036936
0.03747
0.037381
0.036833
0.036782
0.036615
0.036529
0.036534
0.036596
0.036604
0.037404
0.037575
0.036894
0.036678
0.036581
0.036553
0.036689
0.036797
0.0366
0.037107
0.037345
0.03673
0.036691
0.03678
0.036918
0.036824
0.036862
0.036697
