total_time:
0.037531
0.036955
0.036893
0.036972
0.037002
0.037018
0.036995
0.036958
0.036889
0.037492
0.036912
0.03689
0.036829
0.036713
0.036728
0.036775
0.036778
0.036851
0.037978
0.037555
0.037513
0.037553
0.03753
0.037593
0.037305
0.037236
0.037225
0.037654
0.037111
0.037127
0.037117
0.037048
0.036952
0.036897
0.036845
0.036898
0.037658
0.037254
0.037012
0.037109
0.037084
0.037154
0.037302
0.037172
0.037179
0.03746
0.036944
0.036906
0.03705
0.036999
0.037141
0.03712
0.037109
0.037137
0.037908
0.037313
0.037407
0.037503
0.037663
0.037441
0.037571
0.037492
0.037589
0.037598
0.037266
0.037079
0.037139
0.037133
0.037233
0.037139
0.037028
0.036913
0.037724
0.037116
0.037164
0.037271
0.037211
0.037234
0.037082
0.037025
0.036958
0.037882
0.037098
0.036999
0.036969
0.03697
0.036894
0.036902
0.036961
0.037067
