total_time:
0.002716
0.00275
0.002695
0.002706
0.002696
0.002689
0.002692
0.002715
0.002791
0.003037
0.002484
0.002491
0.002424
0.002442
0.002411
0.002439
0.00241
0.002407
0.002388
0.003126
0.002567
0.002549
0.002535
0.002543
0.002548
0.002593
0.002584
0.002566
0.002558
0.002654
0.002692
0.00266
0.002657
0.002706
0.002669
0.002693
0.002698
0.002649
0.003013
0.002405
0.002395
0.002408
0.002383
0.002419
0.00246
0.00238
0.002379
0.002401
0.00279
0.002295
0.002266
0.002274
0.002286
0.002287
0.002277
0.002252
0.002252
0.002243
0.002787
0.002218
0.002174
0.002173
0.002203
0.002186
0.002199
0.002202
0.002171
0.002236
0.0031
0.002578
0.002597
0.002605
0.002568
0.002561
0.002562
0.002569
0.002618
0.002682
0.003111
0.002632
0.00264
0.002691
0.002673
0.002651
0.002629
0.002669
0.002597
0.002581
0.002844
0.002333
0.002322
0.002358
0.002377
0.002347
0.002311
0.002343
0.00234
0.002319
