total_time:
0.013524
0.013513
0.013576
0.013646
0.01362
0.013516
0.013612
0.013533
0.013592
0.013278
0.013347
0.013254
0.013395
0.013287
0.013243
0.013199
0.013159
0.013227
0.012832
0.012865
0.012799
0.012856
0.012963
0.012911
0.013017
0.012848
0.01282
0.013863
0.013854
0.013815
0.013802
0.013829
0.013791
0.013953
0.014029
0.014011
0.012732
0.012783
0.012752
0.012735
0.012728
0.012739
0.01265
0.012798
0.012681
0.01311
0.012989
0.012918
0.013075
0.012901
0.013096
0.012981
0.013077
0.012849
0.011909
0.011974
0.012148
0.011975
0.012099
0.012037
0.01198
0.011856
0.012069
0.012867
0.01286
0.012881
0.012925
0.012888
0.012874
0.013062
0.012919
0.012921
0.013324
0.013426
0.013507
0.0134
0.013486
0.013349
0.013435
0.013412
0.013389
0.011825
0.011967
0.011827
0.011722
0.011896
0.011728
0.011734
0.011703
0.011878
