total_time:
0.01499
0.014984
0.015082
0.015007
0.014976
0.0149
0.01496
0.015074
0.015043
0.014059
0.014066
0.01416
0.014084
0.01417
0.014187
0.014121
0.014167
0.014209
0.013828
0.013856
0.013787
0.013827
0.013736
0.013824
0.013774
0.013683
0.0138
0.014338
0.014232
0.014297
0.014221
0.01443
0.014288
0.014479
0.01425
0.014355
0.013456
0.013412
0.01346
0.013498
0.013449
0.013525
0.013582
0.013559
0.013696
0.014465
0.014286
0.014335
0.014319
0.014277
0.014312
0.014221
0.014339
0.014301
0.013088
0.013042
0.013173
0.013044
0.012965
0.013095
0.012919
0.012984
0.012942
0.013644
0.013719
0.013627
0.013604
0.013627
0.013583
0.013752
0.013647
0.0137
0.013748
0.013869
0.014126
0.013991
0.013919
0.01394
0.01388
0.013865
0.014052
0.012716
0.012588
0.012491
0.012527
