total_time:
0.00204
0.001613
0.001611
0.0016
0.001595
0.001594
0.001594
0.001889
0.001687
0.001696
0.001581
0.001553
0.001577
0.001584
0.001651
0.001709
0.001754
0.001924
0.001667
0.001583
0.001565
0.001577
0.001699
0.001565
0.001578
0.001613
0.001628
0.001732
0.001799
0.00158
0.00165
0.001603
0.001612
0.001691
0.001854
0.00169
0.001573
0.001712
0.001661
0.001778
0.001579
0.001735
0.001753
0.001993
0.001756
0.00181
0.001564
0.00172
0.001613
0.001667
0.001674
0.00163
0.001819
0.001761
0.001653
0.001627
0.001668
0.001585
0.001612
0.00172
0.001642
0.001605
0.00159
0.001724
0.00156
0.001618
0.001953
0.001883
0.002043
0.001648
0.001916
0.001617
0.001614
0.001604
0.001685
0.001703
0.001651
0.001728
0.001953
0.001575
0.001965
0.001562
0.001539
0.001792
0.001584
0.001713
0.001803
0.0018
