compile_opencl_time:
0.074035
0.075293
0.072337
0.076693
0.073394
0.072373
0.072866
0.07269
0.074513
0.073466
total_time:
0.015062
0.014392
0.014358
0.014786
0.014857
0.014981
0.014909
0.014819
0.015062
0.015307
0.015486
0.014035
0.01416
0.014596
0.014606
0.014946
0.014693
0.01516
0.015169
0.015809
0.014267
0.013642
0.01386
0.014271
0.014141
0.014099
0.014377
0.01467
0.014465
0.014619
0.015362
0.014301
0.015713
0.014962
0.016442
0.014948
0.015288
0.015579
0.015418
0.015409
0.014706
0.012881
0.013105
0.013298
0.013529
0.013677
0.013942
0.013906
0.013877
0.014342
0.014514
0.013252
0.01339
0.013576
0.014195
0.015388
0.014295
0.014248
0.016844
0.014447
0.012864
0.012817
0.013061
0.013445
0.013679
0.013685
0.013666
0.013514
0.013702
0.013691
0.015125
0.013524
0.013695
0.013946
0.015788
0.016438
0.014584
0.014637
0.014645
0.014683
0.013909
0.014392
0.014682
0.015011
0.015038
0.015079
0.015416
0.015619
0.015448
0.012687
0.012347
0.012538
0.012738
0.01401
0.013416
0.013498
0.013389
0.013536
0.013531
