total_time:
0.082784
0.003464
0.003393
0.003399
0.003400
0.003389
0.003462
0.003394
0.003386
0.003392
0.083560
0.003468
0.003404
0.003389
0.003391
0.003389
0.003385
0.003387
0.003426
0.003388
0.085858
0.003485
0.003426
0.003418
0.003424
0.003415
0.003414
0.003411
0.003459
0.003414
0.081134
0.003473
0.003433
0.003394
0.003393
0.003406
0.003418
0.003395
0.003432
0.003389
0.079179
0.003474
0.003395
0.003392
0.003398
0.003393
0.003391
0.003388
0.003443
0.003385
0.082677
0.003462
0.003394
0.003398
0.003395
0.003388
0.003387
0.003394
0.003392
0.003388
0.087307
0.003467
0.003394
0.003383
0.003380
0.003391
0.003420
0.003376
0.003423
0.003375
0.080124
0.003465
0.003390
0.003387
0.003395
0.003387
0.003391
0.003379
0.003392
0.003391
0.083454
0.003473
0.003406
0.003392
0.003400
0.003450
0.003394
0.003400
0.003435
0.003390
0.081435
0.003482
0.003417
0.003446
0.003399
0.003456
0.003402
0.003406
0.003485
0.003395