total_time:
0.082888
0.004543
0.004453
0.004424
0.004419
0.004430
0.004409
0.004427
0.004412
0.004411
0.086718
0.004560
0.004451
0.004423
0.004439
0.004450
0.004438
0.004428
0.004438
0.004456
0.080046
0.004523
0.004393
0.004419
0.004400
0.004407
0.004394
0.004373
0.004422
0.004418
0.084286
0.004542
0.004418
0.004412
0.004425
0.004447
0.004417
0.004422
0.004446
0.004444
0.086135
0.004530
0.004406
0.004397
0.004398
0.004389
0.004484
0.004401
0.004441
0.004405
0.080957
0.004546
0.004480
0.004458
0.004405
0.004408
0.004409
0.004404
0.004411
0.004391
0.080089
0.004514
0.004396
0.004403
0.004378
0.004393
0.004440
0.004410
0.004397
0.004447
0.092581
0.004483
0.004380
0.004378
0.004375
0.004381
0.004413
0.004370
0.004412
0.004373
0.081013
0.004554
0.004427
0.004425
0.004399
0.004403
0.004460
0.004405
0.004409
0.004453
0.087532
0.004710
0.004583
0.004568
0.004578
0.004608
0.004587
0.004573
0.004609
0.004604