compile_opencl_time:
0.071328
0.071837
0.073430
0.073175
0.073725
0.072337
0.072753
0.076116
0.074284
0.071516
total_time:
0.002396
0.002224
0.002328
0.002577
0.002422
0.002319
0.002556
0.001985
0.002041
0.001883
0.002819
0.002413
0.002104
0.002050
0.002059
0.001954
0.001987
0.002075
0.002127
0.001953
0.002682
0.002038
0.002015
0.002046
0.001965
0.002034
0.002028
0.002025
0.002016
0.002094
0.002820
0.002114
0.002118
0.001969
0.002178
0.002359
0.002297
0.001997
0.001889
0.001995
0.003011
0.002999
0.002371
0.002647
0.002376
0.002241
0.002633
0.001902
0.002003
0.002157
0.002260
0.002059
0.002308
0.002208
0.001879
0.001973
0.001910
0.001893
0.001913
0.001846
0.002540
0.002094
0.002029
0.002065
0.001968
0.001882
0.002189
0.002112
0.002351
0.002436
0.005390
0.001970
0.002099
0.002036
0.001981
0.002229
0.001950
0.002003
0.001994
0.001934
0.002243
0.002001
0.001934
0.001997
0.001983
0.001899
0.001954
0.002075
0.002047
0.001857
0.002996
0.002827
0.002161
0.002278
0.001961
0.001982
0.001998
0.001994
0.002124
0.002807