total_time:
0.000884
0.000919
0.000877
0.00088
0.000882
0.000885
0.000912
0.000878
0.000916
0.000849
0.000804
0.000807
0.00083
0.000822
0.000819
0.000814
0.000812
0.000812
0.001016
0.001025
0.000981
0.000981
0.000982
0.000982
0.00098
0.000985
0.000987
0.000871
0.000865
0.000864
0.000865
0.000869
0.000861
0.000861
0.000868
0.000867
0.00101
0.001009
0.00098
0.000986
0.00099
0.001002
0.000984
0.000984
0.000986
0.000998
0.000988
0.000988
0.000987
0.000983
0.000989
0.000982
0.000984
0.000986
0.000878
0.000874
0.000867
0.000864
0.00086
0.000894
0.000885
0.000878
0.000878
0.00103
0.000985
0.000981
0.000977
0.000984
0.000983
0.000988
0.000986
0.000994
0.001018
0.001003
0.001023
0.000991
0.000999
0.000993
0.001013
0.00101
0.000997
0.000886
0.000877
0.000875
0.000871
0.000875
0.000874
0.00087
0.000901
0.000906
