total_time:
0.607695
0.529643
0.525493
0.528139
0.527570
0.525591
0.526914
0.527277
0.528390
0.527466
0.599575
0.529046
0.524397
0.527250
0.525779
0.525650
0.526574
0.525627
0.523775
0.524750
0.601067
0.526827
0.522460
0.526195
0.523722
0.523672
0.527835
0.524861
0.526117
0.524833
0.609809
0.533627
0.532169
0.534681
0.533510
0.533196
0.530890
0.534388
0.537201
0.535177
0.604735
0.526799
0.525239
0.524424
0.524509
0.524349
0.531061
0.525923
0.524256
0.528095
0.598821
0.526785
0.524402
0.536214
0.524696
0.523290
0.523002
0.526047
0.523162
0.523904
0.600339
0.527414
0.525828
0.528117
0.524585
0.525865
0.525793
0.527153
0.526726
0.527824
0.613156
0.541395
0.539967
0.537803
0.539285
0.537913
0.538191
0.539580
0.537443
0.537993
0.603942
0.527497
0.527621
0.523363
0.524666
0.526790
0.523335
0.527303
0.524767
0.524116
0.612120
0.543709
0.539062
0.537403
0.534363
0.538408
0.536449
0.535104
0.540105
0.539900