compile_opencl_time:
0.079587
0.078864
0.080063
0.079100
0.078066
0.079076
0.075942
0.074728
0.077404
0.081313
total_time:
0.072740
0.071220
0.066254
0.067239
0.067367
0.067001
0.066682
0.068188
0.068935
0.068760
0.072062
0.071983
0.066073
0.066404
0.066133
0.066699
0.066192
0.065704
0.067513
0.067427
0.074209
0.072217
0.067545
0.066567
0.066534
0.072283
0.068010
0.069247
0.067740
0.067021
0.074836
0.074080
0.068495
0.067900
0.069467
0.067197
0.066607
0.067370
0.067527
0.067395
0.075858
0.077114
0.069111
0.069892
0.070251
0.070057
0.069420
0.071616
0.070857
0.070303
0.072224
0.071235
0.067889
0.066266
0.066735
0.068048
0.067230
0.066073
0.066396
0.065956
0.076652
0.076828
0.070466
0.072000
0.069959
0.071481
0.071302
0.071717
0.071683
0.071579
0.076759
0.078909
0.070278
0.072754
0.074413
0.074658
0.072620
0.073623
0.072588
0.074803
0.078776
0.076186
0.071914
0.071777
0.069287
0.069560
0.069024
0.069299
0.070480
0.068267
0.078599
0.073777
0.067817
0.067235
0.067468
0.069894
0.069825
0.072771
0.075550
0.088542