total_time:
1.068361
1.066522
1.061614
1.063073
1.064903
1.060576
1.060669
1.058350
1.058833
1.059666
1.064878
1.064422
1.057343
1.056733
1.063023
1.058677
1.059269
1.058246
1.059748
1.060290
1.072964
1.063423
1.057305
1.055989
1.056404
1.061451
1.061807
1.062649
1.059787
1.062507
1.078171
1.075536
1.067441
1.068435
1.067821
1.066850
1.067198
1.064176
1.065156
1.065716
1.064139
1.064130
1.057045
1.056088
1.056509
1.057188
1.056082
1.053647
1.055456
1.060992
1.068422
1.071072
1.056849
1.056001
1.055712
1.056835
1.056486
1.054416
1.056692
1.056721
1.067136
1.066584
1.059478
1.060575
1.058733
1.056606
1.053510
1.057611
1.056124
1.054666
1.063104
1.062668
1.058800
1.058390
1.059566
1.053151
1.059690
1.055504
1.058580
1.052702
1.063654
1.064010
1.057774
1.056650
1.057806
1.057383
1.056279
1.059120
1.055746
1.054761
1.077626
1.075397
1.067220
1.065136
1.067804
1.070711
1.066360
1.068655
1.122597
1.073651