select_time:
0.000014
0.000011
0.000012
0.000012
0.000011
0.000013
0.000010
0.000015
0.000012
0.000012

total_time:
0.053776
0.063400
0.059029
0.064432
0.068626
0.071517
0.075903
0.080624
0.084839
0.092311
0.151016
0.063682
0.059341
0.063561
0.065814
0.070620
0.074975
0.078103
0.086303
0.090648
0.054914
0.061871
0.058006
0.062905
0.066161
0.068991
0.074394
0.078395
0.083625
0.082925
0.053270
0.060810
0.056352
0.061154
0.065848
0.068279
0.072076
0.076810
0.080041
0.086080
0.054124
0.063499
0.058733
0.064334
0.067731
0.070892
0.075180
0.080028
0.080716
0.085888
0.053357
0.062937
0.057990
0.063428
0.067544
0.070354
0.074474
0.079513
0.084758
0.086188
0.128870
0.067205
0.061603
0.067019
0.069373
0.073724
0.078670
0.081275
0.085798
0.087461
0.053864
0.063660
0.059703
0.065408
0.069359
0.072236
0.076688
0.081454
0.086794
0.088116
0.052637
0.058870
0.056813
0.061899
0.064666
0.068412
0.072836
0.077044
0.081162
0.083036
0.053280
0.063071
0.059230
0.064768
0.068337
0.071701
0.075958
0.080614
0.085443
0.087036
