total_time:
0.223116
0.151167
0.152713
0.149082
0.150207
0.149506
0.150599
0.150614
0.151397
0.149901
0.235137
0.154629
0.154343
0.150260
0.151013
0.150746
0.151832
0.150639
0.150391
0.149197
0.233089
0.153606
0.154025
0.151574
0.155273
0.150649
0.153097
0.151207
0.155087
0.154803
0.225900
0.153103
0.152279
0.152809
0.151990
0.154603
0.151958
0.149425
0.150884
0.151817
0.234263
0.154981
0.154199
0.155503
0.155038
0.154219
0.154500
0.154028
0.155562
0.155117
0.242237
0.153549
0.151494
0.151147
0.152166
0.153746
0.154015
0.151959
0.152913
0.151439
0.225958
0.153952
0.157523
0.155912
0.153397
0.153148
0.153817
0.153471
0.154019
0.154728
0.225593
0.152468
0.152944
0.152033
0.152303
0.151340
0.153778
0.152910
0.151948
0.152594
0.222078
0.150071
0.148784
0.152011
0.150236
0.152640
0.151155
0.151072
0.150680
0.151997
0.231765
0.157431
0.155509
0.154720
0.155247
0.154671
0.150653
0.152669
0.150634
0.148323