total_time:
0.131517
0.060171
0.060535
0.059670
0.059669
0.059525
0.059392
0.059318
0.059373
0.059264
0.134543
0.060955
0.060739
0.059826
0.059937
0.060024
0.060578
0.061765
0.061524
0.061466
0.134141
0.062145
0.062164
0.061257
0.061541
0.061794
0.063265
0.063192
0.062644
0.062817
0.130349
0.058882
0.059166
0.058201
0.058336
0.058216
0.058452
0.058215
0.058590
0.058881
0.134776
0.063892
0.063805
0.062690
0.063429
0.064780
0.064723
0.064372
0.063934
0.064009
0.134620
0.059914
0.060002
0.059099
0.059185
0.059171
0.059176
0.059077
0.059053
0.059006
0.134747
0.061277
0.061350
0.060535
0.060533
0.060747
0.060937
0.060887
0.060854
0.060689
0.134582
0.059153
0.059303
0.058438
0.058419
0.058444
0.058438
0.058420
0.058463
0.058366
0.135652
0.059506
0.059870
0.058951
0.058905
0.058924
0.058923
0.059136
0.059032
0.059088
0.129854
0.059770
0.059863
0.059083
0.058935
0.058842
0.059054
0.058837
0.058851
0.058712