total_time:
0.142727
0.137950
0.136359
0.137388
0.139453
0.136787
0.138375
0.137744
0.138384
0.137143
0.139217
0.138249
0.136613
0.136865
0.137555
0.136670
0.137601
0.138120
0.138451
0.137228
0.138211
0.138124
0.135734
0.135271
0.136519
0.136146
0.137719
0.136366
0.135956
0.136602
0.137972
0.137530
0.136613
0.136783
0.136131
0.136263
0.136524
0.136291
0.135867
0.135970
0.143171
0.139886
0.136326
0.138599
0.139665
0.138255
0.138902
0.137946
0.136556
0.135854
0.140404
0.136269
0.134605
0.135812
0.136060
0.136434
0.135015
0.135491
0.138018
0.136150
0.150853
0.137071
0.136141
0.136657
0.137532
0.137014
0.137488
0.135809
0.137042
0.138338
0.141948
0.136652
0.136739
0.137317
0.136484
0.137632
0.137168
0.138167
0.136106
0.136705
0.140620
0.139920
0.138074
0.138895
0.137924
0.138863
0.138882
0.138508
0.136410
0.138886
0.141543
0.137316
0.137634
0.137561
0.139008
0.138350
0.137359
0.138566
0.138097
0.138738