total_time:
0.279769
0.275915
0.282783
0.280442
0.271106
0.274545
0.278658
0.276541
0.283933
0.290127
0.278016
0.282406
0.282276
0.285424
0.277117
0.279185
0.278595
0.277704
0.278190
0.284801
0.270836
0.277792
0.274150
0.276779
0.285024
0.280107
0.280971
0.279797
0.281515
0.278249
0.278429
0.284745
0.288309
0.288752
0.284222
0.276173
0.281455
0.300862
0.291566
0.287578
0.281534
0.283311
0.283257
0.293083
0.280851
0.280522
0.286444
0.290562
0.286211
0.291879
0.274136
0.279278
0.278776
0.274165
0.272755
0.281253
0.282239
0.279633
0.279190
0.274201
0.275815
0.284081
0.282135
0.284666
0.279249
0.282191
0.278910
0.281696
0.277409
0.277851
0.276797
0.279656
0.272913
0.281348
0.278455
0.278408
0.280387
0.278215
0.280535
0.277668
0.276685
0.278822
0.280955
0.282136
0.279993
0.281040
0.274630
0.277781
0.281316
0.277099
0.278898
0.281698
0.282018
0.278967
0.285565
0.278402
0.284190
0.279815
0.280538
0.277522