total_time:
0.174701
0.172204
0.172201
0.172296
0.172508
0.172308
0.172255
0.172194
0.172244
0.175259
0.172713
0.172621
0.172674
0.172717
0.172956
0.172954
0.173014
0.172603
0.173342
0.173295
0.17362
0.173615
0.173695
0.173775
0.173491
0.173385
0.174396
0.172115
0.172095
0.171863
0.171844
0.171898
0.171952
0.171791
0.171945
0.175664
0.173202
0.173228
0.173227
0.173229
0.173217
0.173239
0.173209
0.173231
0.175512
0.172822
0.172855
0.172963
0.173074
0.173226
0.17331
0.173071
0.17303
0.173115
0.170625
0.170644
0.17086
0.170633
0.170523
0.17065
0.170611
0.170826
0.17436
0.172023
0.17207
0.171987
0.172027
0.172049
0.172309
0.172294
0.172166
0.173486
0.173682
0.173559
0.173733
0.173532
0.173519
0.173534
0.173541
0.175764
0.173867
0.173698
0.173639
0.173411
0.17345
0.173172
0.173282
0.173293
