compile_opencl_time:
0.077294
0.077946
0.080072
0.077046
0.075861
0.080655
0.079092
0.079596
0.076615
0.075356
total_time:
0.070056
0.068386
0.065233
0.067227
0.067908
0.066767
0.068588
0.066734
0.06727
0.071725
0.073622
0.071231
0.070161
0.070293
0.069091
0.071876
0.073838
0.068972
0.067239
0.067173
0.068201
0.066458
0.066811
0.067171
0.069456
0.071206
0.071765
0.066362
0.067494
0.066595
0.066131
0.065343
0.067346
0.066116
0.066027
0.068008
0.068286
0.06328
0.06383
0.0652
0.065565
0.063456
0.064838
0.065475
0.064
0.07004
0.071343
0.062766
0.063604
0.064762
0.066097
0.06515
0.066782
0.065313
0.065682
0.067348
0.065409
0.060268
0.060998
0.06231
0.061154
0.062965
0.060872
0.061096
0.06195
0.068262
0.067326
0.062216
0.061975
0.062721
0.062815
0.065443
0.062393
0.062544
0.062927
0.065507
0.06838
0.063741
0.063335
0.065953
0.065102
0.065833
0.067124
0.068062
0.064981
0.064529
0.069446
0.065542
0.064308
0.064285
0.065496
0.065175
0.064247
0.064376
0.0645
