total_time:
0.225563
0.226672
0.225454
0.225804
0.225336
0.225688
0.225249
0.225109
0.225274
0.225506
0.22636
0.225127
0.225519
0.225244
0.225358
0.225196
0.225585
0.22512
0.225882
0.226113
0.225334
0.225313
0.225406
0.225378
0.22516
0.22546
0.225529
0.226016
0.226343
0.225417
0.225996
0.225984
0.225673
0.22593
0.225686
0.226255
0.225559
0.225854
0.22545
0.225101
0.225394
0.225012
0.22482
0.225229
0.225398
0.225946
0.225982
0.225403
0.225347
0.225558
0.225119
0.225546
0.225212
0.225741
0.22547
0.226238
0.22497
0.225466
0.225315
0.2256
0.225314
0.225601
0.225099
0.225545
0.226543
0.225169
0.225559
0.225111
0.225066
0.22532
0.225604
0.225203
0.225525
0.225765
0.225125
0.225097
0.225282
0.224842
0.225123
0.224881
0.225379
0.225461
0.225816
0.225363
0.225222
0.225185
0.225152
0.225372
0.225106
0.225438
