compile_opencl_time:
0.002424
0.002402
0.002294
0.002271
0.002358
0.002349
0.002344
0.002261
0.002312
total_time:
0.189606
0.18959
0.189336
0.189382
0.189211
0.189341
0.189399
0.18941
0.189899
0.18999
0.189841
0.189849
0.189763
0.189787
0.189854
0.189655
0.190424
0.190514
0.190264
0.190365
0.190349
0.19029
0.19028
0.190313
0.188899
0.18887
0.188867
0.188745
0.188863
0.188798
0.188731
0.188689
0.190659
0.19044
0.190505
0.190436
0.190471
0.190395
0.190341
0.19043
0.190277
0.190098
0.190263
0.190093
0.190242
0.19011
0.190233
0.190101
0.192448
0.187898
0.187818
0.187798
0.187778
0.187808
0.187834
0.187862
0.187827
0.189227
0.18931
0.189242
0.189153
0.189348
0.189279
0.189218
0.189341
0.190873
0.190724
0.190793
0.190788
0.190858
0.19073
0.190842
0.190692
0.19079
0.190548
0.190595
0.190669
0.190668
0.190494
0.19062
0.190645
