total_time:
0.000172
0.000165
0.000165
0.00017
0.000229
0.000227
0.000281
0.00024
0.000236
0.000234
0.000235
0.000232
0.000232
0.000232
0.000253
0.000251
0.000262
0.000241
0.000237
0.000238
0.000236
0.000234
0.000235
0.000237
0.000241
0.000238
0.000183
0.00016
0.000285
0.000252
0.000248
0.000247
0.000251
0.000247
0.000246
0.000246
0.00025
0.000248
0.000247
0.000215
0.00021
0.000208
0.000212
0.000207
0.000207
0.000212
0.000213
0.000215
0.000237
0.000212
0.000208
0.000206
0.000206
0.000208
0.000204
0.000204
0.00021
0.000214
0.000276
0.000243
0.000239
0.000237
0.000241
0.000236
0.000237
0.000238
0.000239
0.000237
0.000252
0.00022
0.000215
0.000212
0.000215
0.000211
0.000212
0.000211
0.000211
0.000226
0.00027
0.000246
0.000249
0.00024
0.000239
0.000238
0.000238
0.000242
0.000238
0.000238
