total_time:
0.000675
0.000672
0.000668
0.000705
0.000673
0.000687
0.000676
0.000674
0.000684
0.000678
0.000672
0.000696
0.000677
0.00067
0.000678
0.000675
0.000688
0.000676
0.000797
0.000746
0.000739
0.00074
0.000727
0.00074
0.000748
0.000745
0.000743
0.000672
0.0007
0.000671
0.00067
0.000691
0.00067
0.00067
0.000669
0.000676
0.000754
0.000779
0.000749
0.000768
0.000738
0.000742
0.000751
0.000751
0.000767
0.000778
0.000747
0.000742
0.000753
0.000734
0.000742
0.000754
0.000756
0.000767
0.000751
0.000778
0.000747
0.00076
0.000749
0.000749
0.000732
0.000734
0.000734
0.000795
0.000748
0.00077
0.000752
0.000751
0.000751
0.000747
0.000772
0.000746
0.000753
0.000745
0.000765
0.000747
0.000738
0.000753
0.000739
0.000741
0.000751
0.000677
0.00071
0.000671
0.000668
0.000677
0.000675
0.00068
0.000668
0.000657
