total_time:
0.457153
0.457502
0.457431
0.457157
0.457449
0.457326
0.457577
0.457329
0.457438
0.457561
0.457808
0.455826
0.456298
0.456472
0.45586
0.456222
0.456614
0.455721
0.455306
0.456788
0.457336
0.456543
0.456341
0.456177
0.456443
0.456606
0.456524
0.455941
0.45643
0.457555
0.456372
0.456129
0.456097
0.456476
0.45636
0.456146
0.456314
0.455932
0.455893
0.456058
0.456241
0.455952
0.455669
0.455584
0.456096
0.459004
0.458092
0.458489
0.458614
0.458364
0.458784
0.460719
0.461431
0.45851
0.457818
0.457572
0.459556
0.460884
0.458161
0.457052
0.457374
0.457353
0.457491
0.455469
0.455567
0.455799
0.456097
0.455247
0.455517
0.455231
0.455385
0.455442
0.458755
0.45927
0.458732
0.459397
0.459219
0.458822
0.459246
0.45909
0.458664
0.457549
0.457554
0.45759
0.457439
0.45746
0.457922
0.457204
0.457429
0.457729
