total_time:
0.160298
0.163816
0.152178
0.15162
0.152892
0.151369
0.15199
0.153296
0.154965
0.155077
0.155901
0.157166
0.147384
0.147373
0.146435
0.145866
0.145153
0.146412
0.147417
0.143758
0.158813
0.158579
0.15055
0.153326
0.146785
0.151247
0.14958
0.153192
0.14516
0.154019
0.16259
0.14912
0.148125
0.148884
0.145436
0.150022
0.150565
0.157327
0.151446
0.157223
0.159832
0.151852
0.150492
0.150831
0.156308
0.152729
0.151945
0.149361
0.153365
0.164024
0.15035
0.150724
0.155947
0.153161
0.156034
0.149493
0.150617
0.157476
0.154892
0.158859
0.150075
0.150586
0.151523
0.143393
0.150833
0.146305
0.146678
0.145447
0.156559
0.160736
0.143674
0.150335
0.151825
0.151186
0.157007
0.155473
0.146914
0.151837
0.158339
0.160497
0.149279
0.14893
0.15192
0.15171
0.151904
0.145541
0.149571
0.151401
0.157147
0.157058
0.145279
0.148918
0.151868
0.146859
0.147682
0.147345
0.148609
0.150612
