total_time:
0.099486
0.004957
0.004814
0.004798
0.004795
0.004797
0.004794
0.004794
0.004794
0.004793
0.084735
0.004468
0.004315
0.004314
0.004311
0.004310
0.004309
0.004308
0.004308
0.004309
0.086831
0.004701
0.004629
0.004476
0.004452
0.004451
0.004447
0.004467
0.004448
0.004459
0.085583
0.004554
0.004405
0.004396
0.004423
0.004398
0.004395
0.004401
0.004393
0.004423
0.082290
0.004604
0.004449
0.004423
0.004414
0.004417
0.004410
0.004431
0.004409
0.004413
0.080178
0.005188
0.005138
0.005275
0.005233
0.005099
0.005021
0.005046
0.005011
0.005013
0.083150
0.004609
0.004457
0.004454
0.004453
0.004448
0.004444
0.004449
0.004446
0.004445
0.076370
0.004897
0.004720
0.004710
0.004706
0.004709
0.004709
0.004703
0.004702
0.004699
0.086137
0.004654
0.004463
0.004427
0.004433
0.004430
0.004420
0.004429
0.004422
0.004445
0.080538
0.004731
0.004537
0.004523
0.004523
0.004520
0.004521
0.004535
0.004521
0.004549