total_time:
0.330365
0.258949
0.254431
0.255851
0.256214
0.256320
0.256301
0.254503
0.254154
0.254344
0.334701
0.258700
0.254009
0.253825
0.254005
0.254034
0.254316
0.254360
0.254127
0.254010
0.329309
0.255810
0.252997
0.252317
0.252391
0.252117
0.252428
0.252305
0.252475
0.252502
0.333623
0.254950
0.250151
0.250452
0.249592
0.249723
0.249835
0.249960
0.249705
0.248907
0.332167
0.255554
0.251220
0.250508
0.250121
0.250194
0.250976
0.251313
0.250929
0.250761
0.316906
0.247024
0.243184
0.242154
0.242771
0.242687
0.242429
0.243122
0.242185
0.243235
0.323767
0.251532
0.246192
0.246653
0.246690
0.245796
0.247046
0.246176
0.246378
0.247002
0.334157
0.262266
0.256169
0.256005
0.256775
0.256940
0.257025
0.256568
0.256228
0.256247
0.322969
0.250356
0.245504
0.245982
0.245155
0.246091
0.246232
0.245416
0.246350
0.246216
0.329302
0.257477
0.253377
0.253523
0.253514
0.253370
0.252974
0.253393
0.253515
0.254770