compile_opencl_time:
0.002224
0.002095
0.002069
0.002043
0.002034
0.002099
0.002119
0.002075
0.002085
0.002109
total_time:
0.005311
0.005186
0.005123
0.005103
0.005111
0.005110
0.005098
0.005097
0.005098
0.005110
0.004891
0.004777
0.004690
0.004693
0.004680
0.004679
0.004677
0.004685
0.004677
0.004684
0.005047
0.004931
0.004861
0.004860
0.004900
0.004856
0.004899
0.004911
0.004902
0.004903
0.004972
0.004864
0.004798
0.004793
0.004788
0.004784
0.004782
0.004775
0.004783
0.004817
0.004983
0.004879
0.004813
0.004805
0.004805
0.004801
0.004795
0.004825
0.004824
0.004799
0.005744
0.005595
0.005538
0.005543
0.005538
0.005532
0.005526
0.005531
0.005539
0.005531
0.005056
0.004968
0.004927
0.004916
0.004923
0.004917
0.004861
0.004871
0.004912
0.004920
0.005434
0.005358
0.005251
0.005244
0.005267
0.005242
0.005234
0.005232
0.005259
0.005233
0.004970
0.004849
0.004785
0.004778
0.004780
0.004799
0.004773
0.004769
0.004763
0.004769
0.005196
0.005078
0.005003
0.004987
0.005089
0.005081
0.005072
0.005067
0.005074
0.005085