total_time:
0.096427
0.012002
0.011855
0.011859
0.011851
0.011841
0.011779
0.011798
0.011794
0.011791
0.084122
0.012033
0.011814
0.011798
0.011895
0.011857
0.011804
0.011810
0.011826
0.011850
0.083174
0.012061
0.011846
0.011800
0.011843
0.011865
0.011817
0.011835
0.011816
0.011854
0.088431
0.012032
0.011823
0.011788
0.011851
0.011866
0.011821
0.011822
0.011799
0.011818
0.086934
0.012078
0.011809
0.011855
0.011835
0.011890
0.011876
0.011823
0.011834
0.011842
0.084209
0.012047
0.011810
0.011777
0.011821
0.011797
0.011804
0.011795
0.011799
0.011791
0.084964
0.012133
0.011927
0.011934
0.011958
0.011903
0.011891
0.011861
0.011896
0.011886
0.096355
0.012022
0.011829
0.011820
0.011842
0.011853
0.011825
0.011816
0.011833
0.011817
0.085201
0.012032
0.011831
0.011782
0.011788
0.011811
0.011812
0.011785
0.011787
0.011781
0.088755
0.012031
0.011869
0.011831
0.011837
0.011872
0.011843
0.011825
0.011828
0.011849