total_time:
0.082569
0.012320
0.012024
0.011904
0.011986
0.011959
0.011938
0.011899
0.011910
0.011964
0.083610
0.012336
0.012026
0.011981
0.011936
0.011928
0.011958
0.011940
0.011972
0.011962
0.085005
0.012411
0.012009
0.011971
0.012020
0.012014
0.011973
0.011974
0.011980
0.011983
0.087321
0.012386
0.012027
0.011987
0.011988
0.011956
0.011966
0.011980
0.011972
0.011952
0.093129
0.012396
0.012042
0.012058
0.012003
0.011954
0.011956
0.011957
0.011967
0.011959
0.087202
0.012404
0.012036
0.012003
0.011974
0.012003
0.012002
0.011916
0.011936
0.011946
0.084389
0.012420
0.012035
0.011966
0.011973
0.011990
0.011996
0.012035
0.011990
0.012052
0.083794
0.012380
0.011977
0.011936
0.011969
0.011941
0.011968
0.011936
0.011937
0.011945
0.083892
0.012373
0.012012
0.011971
0.011954
0.011956
0.011986
0.011928
0.011927
0.011953
0.085684
0.012404
0.011990
0.011984
0.011974
0.011948
0.011974
0.011936
0.011994
0.011944