compile_opencl_time:
0.148798
0.144613
0.139479
0.148666
0.137677
0.149688
0.148376
0.137633
0.142455
0.141342
total_time:
0.009043
0.006176
0.006291
0.006183
0.005877
0.005880
0.006061
0.006677
0.006016
0.006857
0.008480
0.006927
0.006544
0.006519
0.005995
0.006906
0.006482
0.006073
0.006436
0.005874
0.008685
0.007135
0.006660
0.006218
0.006256
0.006733
0.006052
0.006917
0.006293
0.006372
0.008920
0.006547
0.007073
0.006341
0.006471
0.006168
0.006332
0.007338
0.006660
0.006592
0.009664
0.007496
0.006717
0.007670
0.006373
0.006750
0.007000
0.006389
0.006529
0.006283
0.008469
0.006788
0.006446
0.007217
0.005821
0.006081
0.006002
0.006155
0.006434
0.005992
0.008898
0.006731
0.007090
0.006860
0.006415
0.006380
0.006304
0.006615
0.006217
0.006075
0.008296
0.006627
0.006443
0.006456
0.006434
0.006333
0.006331
0.006058
0.005777
0.006139
0.008533
0.006273
0.006148
0.005920
0.006054
0.005952
0.006093
0.006078
0.005720
0.006115
0.008654
0.006894
0.006745
0.007068
0.006361
0.006217
0.006490
0.006094
0.006925
0.006793