total_time:
0.402945
0.40292
0.402834
0.403016
0.402873
0.402906
0.402898
0.402902
0.402887
0.404422
0.404589
0.404235
0.404338
0.404232
0.404445
0.404561
0.404353
0.404541
0.405741
0.405874
0.406174
0.405692
0.405906
0.406373
0.406367
0.40633
0.405958
0.40262
0.402895
0.402867
0.402832
0.402849
0.40302
0.40294
0.402976
0.402854
0.404952
0.404655
0.404889
0.404813
0.404717
0.404916
0.404622
0.404772
0.404751
0.402619
0.402492
0.402498
0.402343
0.402521
0.402321
0.402331
0.402337
0.402538
0.403566
0.403584
0.4034
0.403563
0.403602
0.403378
0.403758
0.403439
0.40372
0.404126
0.40388
0.403988
0.403761
0.404006
0.403662
0.404008
0.403758
0.406378
0.403239
0.403424
0.403334
0.403127
0.403283
0.403341
0.403279
0.403095
0.403325
0.403832
0.403884
0.404057
0.403872
0.404086
0.40406
0.403727
0.403919
0.403834
