total_time:
0.62476
0.625283
0.626287
0.624492
0.62321
0.623448
0.624031
0.630838
0.631653
0.628563
0.638371
0.630592
0.62676
0.62704
0.628588
0.631919
0.634194
0.629336
0.624574
0.622132
0.623848
0.624468
0.624673
0.631568
0.630706
0.625209
0.625224
0.624007
0.630126
0.624789
0.621758
0.621206
0.626816
0.627025
0.62807
0.623502
0.626507
0.62523
0.629995
0.632903
0.627734
0.626613
0.630644
0.632737
0.630014
0.61835
0.621807
0.623107
0.618825
0.618043
0.620854
0.621516
0.629578
0.623212
0.624454
0.625324
0.625848
0.6255
0.623793
0.626457
0.625519
0.626637
0.626636
0.625211
0.630219
0.62858
0.625095
0.631994
0.628122
0.625878
0.61714
0.616183
0.616612
0.616436
0.619579
0.620626
0.620935
0.625102
0.625573
0.624581
0.623176
0.620832
0.621893
0.624521
0.62489
0.624666
0.625923
0.627114
