total_time:
0.588882
0.599483
0.593897
0.600236
0.593887
0.589004
0.588747
0.595467
0.595248
0.594094
0.593662
0.593644
0.593735
0.593874
0.593904
0.59368
0.59394
0.593707
0.593242
0.59318
0.593814
0.593421
0.598797
0.595019
0.594362
0.590338
0.589963
0.590265
0.599192
0.595561
0.590602
0.590239
0.598314
0.597051
0.595013
0.594561
0.594427
0.59409
0.593993
0.600259
0.600935
0.587256
0.58682
0.586434
0.586854
0.586215
0.598311
0.59073
0.594849
0.589962
0.59077
0.590637
0.590825
0.594454
0.592612
0.591204
0.592477
0.592005
0.591189
0.59394
0.593378
0.593577
0.593363
0.593699
0.59346
0.593823
0.603431
0.60086
0.586153
0.585843
0.585918
0.585847
0.58624
0.585895
0.594497
0.590319
0.586228
0.59097
0.590636
0.590707
0.590907
0.590506
0.590542
0.590153
0.590708
0.590727
