total_time:
1.255401
1.259929
1.259422
1.256075
1.256754
1.265318
1.260607
1.264615
1.262523
1.272634
1.275333
1.27196
1.263983
1.274974
1.270298
1.269731
1.276819
1.273625
1.260437
1.27135
1.264412
1.268545
1.274592
1.275409
1.272409
1.280482
1.273584
1.265489
1.261308
1.267891
1.275538
1.276546
1.272422
1.262535
1.265714
1.265859
1.265794
1.27023
1.27397
1.267952
1.269485
1.266087
1.282309
1.279512
1.276024
1.257636
1.254021
1.260413
1.269084
1.254392
1.256262
1.263956
1.260896
1.261408
1.265455
1.270214
1.266434
1.263041
1.266601
1.27372
1.261691
1.26685
1.262542
1.295243
1.301232
1.300109
1.281183
1.276903
1.279317
1.273302
1.26743
1.285598
1.287
1.288558
1.290323
1.301147
1.289238
1.291404
1.297964
1.29287
1.264008
1.267217
1.275795
1.272111
1.267582
1.262072
1.271553
1.262181
1.257875
