total_time:
0.000381
0.000079
0.000076
0.000073
0.000074
0.000075
0.000073
0.000074
0.000074
0.000074
0.000557
0.000085
0.000084
0.000079
0.000078
0.000077
0.000076
0.000076
0.000077
0.000077
0.000510
0.000083
0.000079
0.000090
0.000079
0.000077
0.000077
0.000076
0.000077
0.000076
0.000636
0.000099
0.000081
0.000078
0.000078
0.000078
0.000077
0.000077
0.000078
0.000079
0.000422
0.000107
0.000210
0.000102
0.000099
0.000100
0.000099
0.000100
0.000099
0.000098
0.000665
0.000076
0.000073
0.000072
0.000073
0.000084
0.000072
0.000073
0.000072
0.000072
0.000491
0.000088
0.000098
0.000086
0.000086
0.000086
0.000084
0.000083
0.000082
0.000082
0.000383
0.000084
0.000082
0.000081
0.000079
0.000078
0.000078
0.000077
0.000077
0.000077
0.000616
0.000090
0.000089
0.000084
0.000084
0.000094
0.000081
0.000084
0.000083
0.000083
0.000385
0.000086
0.000084
0.000082
0.000081
0.000082
0.000082
0.000081
0.000081
0.000107