total_time:
0.000366
0.000334
0.000330
0.000316
0.000262
0.000260
0.000272
0.000263
0.000253
0.000253
0.000435
0.000343
0.000356
0.000338
0.000341
0.000342
0.000342
0.000345
0.000343
0.000346
0.000434
0.000391
0.000376
0.000375
0.000377
0.000374
0.000377
0.000379
0.000377
0.000379
0.000287
0.000255
0.000269
0.000253
0.000253
0.000252
0.000255
0.000258
0.000272
0.000262
0.000472
0.000352
0.000348
0.000279
0.000253
0.000253
0.000250
0.000249
0.000242
0.000263
0.000378
0.000333
0.000328
0.000330
0.000327
0.000336
0.000339
0.000337
0.000339
0.000343
0.000415
0.000390
0.000377
0.000376
0.000383
0.000376
0.000380
0.000377
0.000376
0.000379
0.000414
0.000394
0.000377
0.000376
0.000379
0.000374
0.000374
0.000379
0.000379
0.000383
0.000432
0.000388
0.000386
0.000382
0.000381
0.000384
0.000382
0.000381
0.000383
0.000381
0.000277
0.000354
0.000288
0.000255
0.000254
0.000254
0.000254
0.000248
0.000273
0.000251