compile_opencl_time:
0.002242
0.002294
0.002255
0.002283
0.002176
0.002254
0.002241
0.002305
0.002303
0.002169
total_time:
0.026423
0.025452
0.025437
0.025428
0.025412
0.025396
0.025402
0.025401
0.025366
0.025404
0.026570
0.025803
0.025808
0.025765
0.025768
0.025739
0.025778
0.025741
0.025756
0.025731
0.026210
0.025467
0.025433
0.025399
0.025397
0.025392
0.025367
0.025354
0.025380
0.025365
0.026183
0.025432
0.025365
0.025360
0.025364
0.025345
0.025336
0.025324
0.025314
0.025320
0.026189
0.025476
0.025522
0.025382
0.025431
0.025389
0.025386
0.025385
0.025425
0.025436
0.026277
0.025447
0.025430
0.025395
0.025452
0.025426
0.025439
0.025425
0.025402
0.025412
0.026476
0.025738
0.025696
0.025656
0.025685
0.025635
0.025761
0.025621
0.025645
0.025669
0.026219
0.025445
0.025401
0.025407
0.025433
0.025389
0.025367
0.025382
0.025374
0.025359
0.026090
0.025510
0.025375
0.025431
0.025415
0.025391
0.025449
0.025410
0.025374
0.025397
0.026183
0.025392
0.025373
0.025399
0.025448
0.025514
0.025364
0.025349
0.025386
0.025337