compile_opencl_time:
0.139682
0.141876
0.141490
0.142098
0.148404
0.140326
0.140643
0.139804
0.141880
0.139898
total_time:
0.015666
0.013684
0.013256
0.013045
0.013212
0.013438
0.013402
0.013278
0.012898
0.013275
0.016272
0.013886
0.013555
0.013698
0.013529
0.013294
0.013548
0.013306
0.013471
0.013212
0.015629
0.013782
0.013533
0.013377
0.012987
0.013099
0.012987
0.013478
0.012960
0.013191
0.015930
0.013673
0.013062
0.013653
0.013333
0.013488
0.013586
0.013081
0.013609
0.013203
0.015937
0.013316
0.013624
0.013814
0.013470
0.013468
0.013554
0.013478
0.013121
0.013304
0.015630
0.013796
0.013408
0.013226
0.012969
0.013580
0.013075
0.013139
0.013079
0.013322
0.016221
0.013934
0.013446
0.013712
0.013661
0.013134
0.013359
0.013871
0.013166
0.013478
0.015782
0.014036
0.013479
0.012985
0.013272
0.013247
0.012838
0.012939
0.012925
0.013285
0.015876
0.013591
0.013917
0.013837
0.013212
0.013274
0.013253
0.013114
0.013411
0.013445
0.015739
0.013696
0.013186
0.013061
0.013281
0.013385
0.012855
0.012891
0.013065
0.013264