total_time:
0.064982
0.063752
0.063825
0.063093
0.063619
0.063503
0.063230
0.063509
0.064093
0.063802
0.065997
0.064673
0.063361
0.062710
0.062636
0.063856
0.064452
0.063166
0.063600
0.063748
0.065373
0.065062
0.064280
0.064757
0.063899
0.065760
0.065269
0.064993
0.064436
0.065042
0.065060
0.063132
0.062882
0.063152
0.062891
0.064729
0.063125
0.062346
0.063014
0.062475
0.066038
0.065473
0.065060
0.064304
0.065671
0.064639
0.064801
0.065304
0.064942
0.064844
0.065174
0.065427
0.063433
0.063990
0.063338
0.062672
0.063982
0.064733
0.064025
0.066282
0.064487
0.063646
0.063808
0.062816
0.062429
0.063406
0.062914
0.063091
0.063864
0.063370
0.065801
0.064063
0.063535
0.063318
0.063579
0.062688
0.063743
0.063177
0.063686
0.065102
0.065127
0.063977
0.062505
0.063412
0.063560
0.064246
0.064205
0.062564
0.064252
0.064485
0.064661
0.065581
0.065755
0.064919
0.065304
0.064916
0.064804
0.064177
0.063799
0.063891