select_time:
0.000010
0.000010
0.000009
0.000008
0.000010
0.000011
0.000011
0.000010
0.000009
0.000013

total_time:
0.006017
0.005233
0.003954
0.003972
0.004115
0.004163
0.004259
0.004291
0.004295
0.004411
0.005668
0.005127
0.004096
0.004154
0.004241
0.004275
0.004408
0.004424
0.004448
0.004563
0.005900
0.005103
0.003967
0.003989
0.004034
0.004138
0.004214
0.004289
0.004309
0.004321
0.005274
0.004690
0.003557
0.003648
0.003673
0.003772
0.004188
0.004259
0.004254
0.004307
0.005498
0.004739
0.003659
0.003717
0.003742
0.003860
0.003937
0.004022
0.004040
0.004057
0.005855
0.004893
0.003504
0.003535
0.003652
0.003667
0.003727
0.003823
0.003967
0.003974
0.005452
0.005056
0.003874
0.003993
0.004011
0.004097
0.004179
0.004322
0.004312
0.004358
0.005528
0.005185
0.003978
0.004094
0.004339
0.004453
0.004500
0.004556
0.004582
0.004735
0.005730
0.005121
0.003940
0.003960
0.003993
0.004152
0.004217
0.004310
0.004347
0.004362
0.005909
0.005394
0.004209
0.004222
0.004235
0.004380
0.004497
0.004542
0.004585
0.004622
