total_time:
0.071156
0.000488
0.000482
0.000479
0.000478
0.000487
0.000474
0.000479
0.000475
0.000475
0.077296
0.000454
0.000452
0.000444
0.000455
0.000441
0.000449
0.000451
0.000450
0.000450
0.069942
0.000487
0.000523
0.000482
0.000531
0.000484
0.000528
0.000481
0.000480
0.000472
0.076496
0.000501
0.000451
0.000456
0.000459
0.000451
0.000448
0.000446
0.000453
0.000446
0.071684
0.000525
0.000522
0.000514
0.000514
0.000516
0.000527
0.000518
0.000519
0.000509
0.071604
0.000487
0.000447
0.000485
0.000456
0.000448
0.000448
0.000449
0.000449
0.000444
0.071833
0.000454
0.000445
0.000485
0.000456
0.000453
0.000451
0.000453
0.000450
0.000442
0.072314
0.000572
0.000524
0.000522
0.000519
0.000509
0.000520
0.000520
0.000510
0.000511
0.071861
0.000487
0.000508
0.000484
0.000483
0.000477
0.000473
0.000476
0.000475
0.000482
0.069948
0.000451
0.000487
0.000453
0.000452
0.000441
0.000451
0.000453
0.000449
0.000444