total_time:
0.071354
0.000465
0.000462
0.000486
0.000463
0.000466
0.000470
0.000476
0.000462
0.000459
0.072355
0.000435
0.000435
0.000432
0.000478
0.000429
0.000430
0.000431
0.000430
0.000429
0.071709
0.000471
0.000465
0.000465
0.000463
0.000467
0.000462
0.000490
0.000459
0.000463
0.074410
0.000444
0.000436
0.000438
0.000433
0.000434
0.000436
0.000433
0.000437
0.000432
0.070390
0.000500
0.000502
0.000498
0.000498
0.000498
0.000518
0.000495
0.000521
0.000495
0.076088
0.000438
0.000457
0.000434
0.000477
0.000432
0.000430
0.000430
0.000430
0.000429
0.075629
0.000440
0.000436
0.000445
0.000433
0.000433
0.000434
0.000435
0.000436
0.000430
0.072819
0.000502
0.000493
0.000494
0.000493
0.000542
0.000494
0.000519
0.000492
0.000492
0.074281
0.000468
0.000468
0.000465
0.000512
0.000463
0.000463
0.000460
0.000486
0.000462
0.071363
0.000449
0.000438
0.000437
0.000434
0.000433
0.000436
0.000433
0.000435
0.000432