compile_opencl_time:
0.125242
0.125767
0.124943
0.125795
0.125496
0.125696
0.126833
0.126354
0.125068
0.126070
total_time:
0.003101
0.001124
0.001117
0.001086
0.001218
0.001095
0.000928
0.001130
0.001120
0.001073
0.003013
0.001158
0.001044
0.000970
0.000968
0.000954
0.000959
0.001021
0.001142
0.001002
0.003151
0.001187
0.001084
0.001059
0.001116
0.001121
0.001122
0.001180
0.001109
0.001272
0.003381
0.001110
0.001010
0.000949
0.001045
0.001002
0.001055
0.001016
0.001075
0.000964
0.003237
0.001244
0.001146
0.001082
0.001206
0.001186
0.001153
0.001053
0.001133
0.001076
0.003416
0.001342
0.001067
0.001062
0.001056
0.000977
0.001063
0.000976
0.001154
0.001032
0.003063
0.001131
0.001036
0.001053
0.001137
0.001062
0.001151
0.001060
0.001025
0.001026
0.003191
0.001148
0.001201
0.001164
0.001237
0.001076
0.001091
0.001234
0.001137
0.001284
0.003263
0.001257
0.001136
0.001105
0.001155
0.001078
0.001015
0.001149
0.000990
0.001073
0.003075
0.001160
0.001293
0.000964
0.000906
0.001036
0.000958
0.001054
0.000926
0.001063