compile_opencl_time:
0.073433
0.072524
0.072834
0.072131
0.074554
0.078392
0.072422
0.077884
0.074738
0.074164
total_time:
0.001225
0.001045
0.000615
0.000590
0.000605
0.000614
0.000581
0.000588
0.000564
0.000533
0.001064
0.000770
0.000650
0.000609
0.000613
0.000526
0.000549
0.000529
0.000528
0.000517
0.001068
0.000667
0.000601
0.000587
0.000616
0.000604
0.000619
0.000608
0.000590
0.000614
0.000989
0.000934
0.000749
0.000569
0.000555
0.000544
0.000569
0.000541
0.000551
0.000544
0.000941
0.000657
0.000670
0.000648
0.000650
0.000635
0.000620
0.000625
0.000623
0.000592
0.001077
0.000907
0.001032
0.000905
0.000654
0.000544
0.000525
0.000531
0.000522
0.000489
0.001454
0.000717
0.000618
0.000586
0.000609
0.000580
0.000561
0.000551
0.000513
0.000538
0.000994
0.000655
0.000658
0.000683
0.000623
0.000645
0.000683
0.000618
0.000588
0.000572
0.000982
0.000710
0.000691
0.000618
0.000597
0.000624
0.000599
0.000606
0.000581
0.000601
0.001143
0.000673
0.000577
0.000595
0.000592
0.000587
0.000578
0.000562
0.000546
0.000554