total_time:
0.000578
0.000067
0.000063
0.000063
0.000062
0.000062
0.000063
0.000061
0.000078
0.000062
0.000474
0.000062
0.000058
0.000058
0.000057
0.000057
0.000057
0.000057
0.000056
0.000056
0.000491
0.000057
0.000056
0.000062
0.000054
0.000054
0.000054
0.000052
0.000053
0.000053
0.000573
0.000061
0.000055
0.000052
0.000051
0.000052
0.000051
0.000051
0.000051
0.000050
0.000336
0.000060
0.000059
0.000059
0.000057
0.000057
0.000058
0.000059
0.000057
0.000057
0.000451
0.000072
0.000106
0.000053
0.000052
0.000053
0.000052
0.000052
0.000051
0.000050
0.000443
0.000061
0.000059
0.000058
0.000058
0.000057
0.000057
0.000056
0.000057
0.000066
0.000508
0.000057
0.000054
0.000056
0.000054
0.000054
0.000062
0.000056
0.000054
0.000053
0.000457
0.000066
0.000063
0.000063
0.000061
0.000062
0.000079
0.000073
0.000064
0.000063
0.000348
0.000059
0.000058
0.000057
0.000057
0.000056
0.000056
0.000056
0.000055
0.000055