total_time:
0.071552
0.000836
0.000842
0.000828
0.000828
0.000827
0.000818
0.000850
0.000823
0.000822
0.072720
0.000904
0.000888
0.000894
0.000918
0.000887
0.000882
0.000885
0.000893
0.000897
0.070390
0.000787
0.000802
0.000764
0.000758
0.000752
0.000776
0.000752
0.000765
0.000745
0.074511
0.000794
0.000765
0.000763
0.000754
0.000751
0.000761
0.000755
0.000764
0.000753
0.074016
0.000686
0.000721
0.000682
0.000677
0.000669
0.000684
0.000688
0.000695
0.000674
0.073437
0.000771
0.000776
0.000795
0.000762
0.000736
0.000770
0.000764
0.000773
0.000736
0.077528
0.000778
0.000778
0.000763
0.000804
0.000743
0.000768
0.000761
0.000766
0.000756
0.071559
0.000939
0.000981
0.000975
0.000974
0.000934
0.000984
0.000937
0.000944
0.000950
0.072364
0.000969
0.000983
0.000933
0.000944
0.000935
0.000953
0.000947
0.000953
0.000953
0.072352
0.000760
0.000767
0.000752
0.000761
0.000745
0.000764
0.000749
0.000767
0.000735