total_time:
0.000573
0.000050
0.000048
0.000048
0.000049
0.000048
0.000047
0.000046
0.000046
0.000046
0.000560
0.000053
0.000051
0.000051
0.000051
0.000051
0.000050
0.000050
0.000050
0.000049
0.000341
0.000052
0.000051
0.000050
0.000050
0.000050
0.000050
0.000049
0.000049
0.000050
0.000446
0.000056
0.000053
0.000053
0.000051
0.000052
0.000052
0.000052
0.000051
0.000051
0.000319
0.000048
0.000048
0.000047
0.000046
0.000046
0.000046
0.000045
0.000045
0.000046
0.000351
0.000051
0.000051
0.000050
0.000049
0.000056
0.000059
0.000048
0.000050
0.000049
0.000320
0.000048
0.000046
0.000046
0.000050
0.000048
0.000047
0.000046
0.000045
0.000045
0.000453
0.000060
0.000059
0.000059
0.000060
0.000057
0.000058
0.000067
0.000059
0.000058
0.000532
0.000060
0.000058
0.000057
0.000055
0.000056
0.000056
0.000056
0.000057
0.000056
0.000320
0.000053
0.000051
0.000051
0.000049
0.000050
0.000052
0.000051
0.000050
0.000050