total_time:
0.559361
0.468749
0.466995
0.467076
0.467177
0.466899
0.467155
0.467060
0.467040
0.467008
0.556136
0.465818
0.463946
0.464081
0.464207
0.463993
0.464116
0.463983
0.464145
0.463840
0.560991
0.469173
0.467022
0.466698
0.467139
0.467020
0.467034
0.467043
0.467173
0.467085
0.560848
0.470081
0.467916
0.468119
0.467863
0.467763
0.467757
0.467905
0.468051
0.467695
0.555708
0.465298
0.463446
0.463395
0.463331
0.463442
0.463235
0.463393
0.463414
0.463280
0.556747
0.466306
0.463084
0.463190
0.463456
0.463215
0.463403
0.463152
0.463180
0.463376
0.556527
0.465706
0.463003
0.462954
0.462566
0.462706
0.462689
0.462894
0.462852
0.462764
0.557552
0.464794
0.462797
0.463021
0.462881
0.463130
0.463281
0.463063
0.462817
0.462825
0.558578
0.469017
0.466703
0.466995
0.467023
0.466999
0.466766
0.466782
0.467147
0.467018
0.556194
0.465640
0.463602
0.463858
0.463695
0.463664
0.463697
0.463654
0.463925
0.463473