total_time:
0.695692
0.632167
0.645467
0.632379
0.624336
0.629615
0.629959
0.626623
0.629937
0.637196
0.704212
0.624951
0.638873
0.628871
0.622342
0.630463
0.625915
0.630805
0.632736
0.642116
0.697462
0.648709
0.636719
0.627393
0.627576
0.626875
0.629982
0.639722
0.645901
0.634201
0.694146
0.626787
0.636566
0.630360
0.633537
0.633537
0.625888
0.628377
0.629753
0.627224
0.696746
0.629842
0.627998
0.623352
0.627471
0.629118
0.633730
0.630817
0.634185
0.629453
0.692189
0.626922
0.624715
0.625087
0.639678
0.630418
0.623296
0.619496
0.626676
0.625476
0.696495
0.621738
0.625570
0.630205
0.625816
0.626954
0.626945
0.623217
0.622908
0.625178
0.691666
0.626024
0.623984
0.625845
0.631229
0.632515
0.627623
0.629766
0.632140
0.624676
0.691009
0.623921
0.628440
0.641072
0.631189
0.624288
0.635113
0.625287
0.626510
0.626774
0.697415
0.624304
0.622317
0.625259
0.623950
0.626142
0.638182
0.629890
0.626739
0.624193