total_time:
0.665794
0.594335
0.586888
0.584186
0.583584
0.589299
0.585982
0.585306
0.585004
0.600597
0.661022
0.589189
0.586625
0.585360
0.586270
0.588890
0.584131
0.586281
0.593823
0.612538
0.662922
0.591221
0.585935
0.585046
0.584726
0.584456
0.585683
0.592825
0.600323
0.610640
0.665684
0.591426
0.585947
0.585110
0.589656
0.585513
0.583703
0.584336
0.599419
0.593598
0.652792
0.586609
0.585613
0.591989
0.590569
0.586561
0.586856
0.584571
0.587997
0.589095
0.657134
0.582793
0.583818
0.583593
0.583624
0.583801
0.583195
0.592216
0.602841
0.593569
0.657010
0.582412
0.583259
0.582270
0.585341
0.583954
0.583462
0.593753
0.589917
0.592749
0.653835
0.582494
0.583767
0.584437
0.586283
0.594857
0.602549
0.593325
0.592037
0.590617
0.658344
0.583656
0.585107
0.584840
0.584910
0.587414
0.606524
0.596834
0.598704
0.593745
0.654601
0.582839
0.584426
0.584896
0.589441
0.599482
0.593614
0.592811
0.591181
0.586102