total_time:
1.460032
1.391683
1.383005
1.380814
1.400238
1.390565
1.395306
1.391670
1.395564
1.371838
1.426720
1.366658
1.359590
1.358814
1.362619
1.360559
1.358552
1.370578
1.373248
1.366262
1.445782
1.365193
1.370645
1.362320
1.371256
1.363744
1.368598
1.378945
1.370127
1.375027
1.453838
1.399194
1.392680
1.383286
1.392536
1.393513
1.379681
1.382987
1.383949
1.385402
1.450599
1.373970
1.381285
1.367728
1.373232
1.394790
1.379542
1.373938
1.370605
1.383584
1.429444
1.353641
1.364025
1.358150
1.363157
1.364757
1.366843
1.373052
1.370749
1.369760
1.434244
1.356478
1.346355
1.369365
1.368816
1.356214
1.348154
1.357379
1.363861
1.345976
1.443090
1.351047
1.361233
1.353279
1.349801
1.351396
1.365314
1.356509
1.363349
1.363199
1.460369
1.385098
1.387934
1.387041
1.395340
1.396892
1.392507
1.391158
1.400387
1.403473
1.463074
1.395009
1.388765
1.398518
1.389693
1.394206
1.384131
1.381327
1.398257
1.401707