compile_opencl_time:
0.002422
0.002414
0.002328
0.002352
0.002415
0.002404
0.002466
0.002451
0.002379
0.002313
total_time:
0.478123
0.478311
0.469452
0.469091
0.470533
0.469223
0.469362
0.469474
0.469536
0.469520
0.474946
0.474748
0.466238
0.466224
0.466136
0.465952
0.466204
0.466037
0.466244
0.466132
0.478470
0.477655
0.469520
0.469514
0.469601
0.469338
0.469403
0.469511
0.469185
0.469671
0.479111
0.478405
0.469882
0.469895
0.469900
0.470084
0.470217
0.470090
0.470216
0.470166
0.474353
0.474120
0.465245
0.465305
0.465626
0.465416
0.465320
0.465226
0.465634
0.465189
0.475294
0.475084
0.466215
0.466494
0.466418
0.466485
0.466313
0.466478
0.466456
0.466363
0.474942
0.474099
0.465940
0.465724
0.466023
0.465878
0.465735
0.466043
0.465910
0.465712
0.473768
0.473587
0.464672
0.465137
0.464936
0.464614
0.464733
0.464800
0.464537
0.464827
0.477988
0.477484
0.469157
0.469309
0.469302
0.469398
0.469249
0.469022
0.468923
0.469420
0.474754
0.473806
0.465853
0.466135
0.465742
0.465734
0.465835
0.465829
0.465737
0.465784