total_time:
0.060525
0.059805
0.059797
0.059666
0.059711
0.059507
0.060096
0.060058
0.059245
0.059651
0.058839
0.058464
0.058712
0.058178
0.058411
0.05831
0.057683
0.057774
0.059006
0.057785
0.058255
0.058606
0.057306
0.058203
0.057427
0.058063
0.05838
0.059322
0.058163
0.057807
0.057762
0.058063
0.058335
0.057744
0.05818
0.058501
0.059146
0.058419
0.058719
0.058242
0.058249
0.058538
0.058311
0.058951
0.058552
0.059418
0.058804
0.058642
0.058277
0.058407
0.058726
0.058405
0.058605
0.058763
0.059922
0.059912
0.060101
0.059336
0.05925
0.059133
0.060063
0.059677
0.059255
0.058872
0.058974
0.057817
0.058037
0.057862
0.058362
0.057583
0.057963
0.058273
0.059294
0.059033
0.058667
0.058338
0.058512
0.058297
0.058154
0.058719
0.05899
0.058608
0.058284
0.058419
0.05868
0.058365
0.058473
0.058544
0.058092
0.058095
