total_time:
0.020682
0.020662
0.020664
0.020666
0.020637
0.020634
0.020642
0.020664
0.020686
0.020671
0.020667
0.020684
0.020665
0.020657
0.020649
0.02065
0.020579
0.02058
0.020631
0.020542
0.020548
0.020545
0.02056
0.020599
0.020568
0.020562
0.020544
0.02052
0.020541
0.020532
0.020517
0.020533
0.02056
0.020538
0.020534
0.020556
0.020514
0.020527
0.020521
0.020563
0.020699
0.020649
0.020649
0.020661
0.020634
0.020621
0.020615
0.020619
0.020635
0.020679
0.020632
0.020639
0.020621
0.020622
0.020678
0.020676
0.020555
0.020547
0.020555
0.020531
0.020525
0.020527
0.020518
0.020528
0.020668
0.02069
0.020654
0.020695
0.020639
0.020674
0.020645
0.020655
0.02068
0.020669
0.02065
0.020644
0.020651
0.020646
0.020643
0.020648
