total_time:
0.00505
0.004942
0.004917
0.00497
0.00499
0.005014
0.004978
0.005026
0.005093
0.004694
0.004643
0.004625
0.004686
0.004646
0.004664
0.004705
0.004675
0.004649
0.004544
0.004496
0.004466
0.004501
0.004473
0.004486
0.004424
0.004471
0.004457
0.00487
0.004852
0.004807
0.004932
0.004896
0.004899
0.004945
0.004938
0.004887
0.004948
0.004856
0.004907
0.004919
0.004849
0.004879
0.004894
0.004846
0.004871
0.004746
0.004673
0.004738
0.004725
0.004684
0.004772
0.004709
0.004663
0.004674
0.004572
0.004442
0.004405
0.00444
0.004378
0.004366
0.004427
0.004453
0.004411
0.004458
0.004413
0.004435
0.004456
0.004446
0.004524
0.00455
0.00452
0.004511
0.005174
0.005098
0.005111
0.005109
0.005031
0.005125
0.005077
0.005147
0.005057
0.00483
0.004732
0.00486
0.004759
0.004791
0.004732
0.004813
0.004797
0.00477
