total_time:
0.169241
0.168377
0.168292
0.167833
0.16837
0.168141
0.167844
0.168208
0.169356
0.168481
0.168275
0.168442
0.168462
0.168221
0.168333
0.168155
0.170264
0.16932
0.169336
0.169379
0.169188
0.169199
0.169243
0.169354
0.169322
0.168386
0.168344
0.16836
0.168434
0.168264
0.168434
0.168359
0.169891
0.169039
0.168993
0.168998
0.168866
0.168995
0.168931
0.168821
0.169441
0.168618
0.168505
0.168723
0.168547
0.168653
0.168597
0.168517
0.169657
0.168915
0.168929
0.168789
0.168775
0.168894
0.168848
0.168882
0.169072
0.168269
0.168308
0.168383
0.168139
0.168244
0.168298
0.168232
0.170374
0.169348
0.169448
0.169383
0.16945
0.169405
0.169331
0.169362
0.169769
0.168755
0.168804
0.168761
0.168769
0.16869
0.168703
0.168861
