total_time:
0.152282
0.152283
0.152472
0.152538
0.152487
0.152596
0.152069
0.152283
0.154801
0.152203
0.152693
0.152602
0.152277
0.152539
0.152241
0.152544
0.152503
0.15315
0.15302
0.153224
0.153153
0.153133
0.153137
0.153107
0.153202
0.15509
0.152418
0.152474
0.152436
0.15242
0.152397
0.152551
0.152501
0.152427
0.153157
0.153221
0.153172
0.153157
0.153171
0.153225
0.153182
0.153173
0.152831
0.152835
0.15283
0.152768
0.1528
0.152898
0.152836
0.15282
0.153085
0.153072
0.153068
0.153055
0.153081
0.153047
0.153073
0.153047
0.154959
0.152465
0.152418
0.152422
0.152408
0.152402
0.152382
0.152421
0.152364
0.153677
0.15361
0.153525
0.153535
0.153578
0.153587
0.153552
0.153616
0.153031
0.153064
0.153006
0.152986
0.153054
0.153084
0.153061
0.153014
