total_time:
0.014206
0.014169
0.014176
0.014161
0.014157
0.014285
0.014154
0.014161
0.014278
0.013628
0.013622
0.013615
0.013745
0.013935
0.013855
0.013842
0.013624
0.0138
0.013342
0.013339
0.013316
0.013365
0.013326
0.01334
0.013338
0.01333
0.01336
0.012243
0.012238
0.012207
0.01226
0.012209
0.0122
0.012203
0.012231
0.012205
0.014097
0.014101
0.014063
0.014054
0.014087
0.014044
0.014069
0.014154
0.014112
0.01326
0.013422
0.013548
0.013463
0.013552
0.013374
0.013468
0.013476
0.013402
0.014362
0.014427
0.01474
0.014535
0.014542
0.014606
0.014612
0.014539
0.014596
0.012502
0.012468
0.012431
0.012452
0.012473
0.012445
0.012423
0.012433
0.012446
0.014438
0.014504
0.01478
0.014744
0.014833
0.014592
0.014722
0.01473
0.0147
0.012366
0.012464
0.012248
0.012483
0.012324
0.012572
0.012415
0.012412
0.012546
