total_time:
0.026674
0.028939
0.027313
0.028328
0.025338
0.027505
0.024079
0.027756
0.027597
0.025604
0.028112
0.025383
0.024914
0.025552
0.02962
0.025691
0.024698
0.02618
0.026667
0.024983
0.024987
0.025876
0.026925
0.028706
0.025638
0.026272
0.024244
0.025662
0.023378
0.028894
0.023713
0.024703
0.024316
0.024229
0.026951
0.02289
0.029046
0.028952
0.028088
0.027492
0.028954
0.027573
0.027931
0.03028
0.025702
0.029076
0.027122
0.028124
0.025602
0.024722
0.026472
0.028476
0.024678
0.026279
0.027511
0.027391
0.026247
0.029098
0.027463
0.028803
0.025687
0.025346
0.026737
0.02783
0.024049
0.027634
0.026921
0.027475
0.027153
0.024693
0.025373
0.025335
0.024436
0.026429
0.025401
0.027041
0.02479
0.029921
0.027544
0.027646
0.029013
0.025414
0.022333
0.022058
0.024179
0.026878
0.026817
0.023085
0.024514
0.023892
