total_time:
0.007863
0.007865
0.008091
0.008095
0.008091
0.008073
0.008187
0.008088
0.008158
0.007533
0.007538
0.007673
0.007755
0.007797
0.007885
0.007788
0.007843
0.007905
0.007426
0.007592
0.007591
0.00769
0.007608
0.007616
0.007708
0.007678
0.007794
0.006898
0.0068
0.006941
0.006942
0.006903
0.00698
0.006925
0.006923
0.006924
0.008096
0.008101
0.008067
0.00808
0.008139
0.008165
0.008153
0.00814
0.008186
0.007801
0.007796
0.007804
0.007861
0.008067
0.00813
0.00791
0.007932
0.007921
0.009022
0.008123
0.008038
0.007979
0.008071
0.008125
0.008001
0.008018
0.008099
0.006958
0.006941
0.006969
0.007064
0.007077
0.007054
0.007105
0.00711
0.007075
0.008519
0.008474
0.008545
0.008532
0.008575
0.008788
0.00871
0.008788
0.008731
0.006861
0.006891
0.006999
0.00692
0.006976
0.006925
0.006949
0.006965
0.007029
