total_time:
0.005782
0.00561
0.005484
0.005498
0.005512
0.005488
0.005444
0.005537
0.005475
0.005396
0.005365
0.005387
0.005376
0.005357
0.005325
0.005414
0.005366
0.005332
0.005487
0.005358
0.005382
0.005442
0.005368
0.005446
0.005338
0.005409
0.005377
0.005459
0.005349
0.005329
0.005411
0.005348
0.005399
0.005384
0.005343
0.005349
0.005386
0.005354
0.005369
0.00541
0.005308
0.005358
0.005341
0.005402
0.005347
0.005687
0.005636
0.005611
0.0056
0.005508
0.005575
0.005583
0.005553
0.00551
0.005598
0.00541
0.005498
0.005435
0.005479
0.005449
0.005519
0.005432
0.005432
0.005421
0.005307
0.005346
0.005354
0.005312
0.005285
0.005345
0.00538
0.00535
0.005687
0.005543
0.005488
0.00552
0.005478
0.005575
0.005515
0.00558
0.005492
0.005523
0.005407
0.005448
0.005461
0.005419
0.005436
0.00546
0.005556
0.00544
