compile_opencl_time:
0.002181
0.002208
0.0022
0.002227
0.00216
0.002261
0.002141
0.002164
0.002162
0.002298
total_time:
0.002941
0.002898
0.002887
0.002886
0.002884
0.002907
0.002946
0.002921
0.002881
0.002875
0.002818
0.002773
0.002788
0.002817
0.002808
0.002793
0.00281
0.002776
0.002775
0.002884
0.002829
0.002784
0.002801
0.002832
0.00282
0.002786
0.002793
0.00279
0.002782
0.002942
0.002823
0.002782
0.002796
0.002825
0.002779
0.002815
0.002784
0.002827
0.00278
0.002873
0.002819
0.002825
0.002863
0.002836
0.002826
0.002821
0.002847
0.002844
0.002823
0.00295
0.002872
0.002828
0.002844
0.002886
0.002882
0.002835
0.002843
0.002835
0.002883
0.002885
0.002805
0.002766
0.002771
0.00277
0.002774
0.002805
0.002773
0.002774
0.002766
0.002929
0.002857
0.002838
0.002826
0.002821
0.002826
0.00286
0.002822
0.00282
0.002819
0.002956
0.002866
0.002817
0.00284
0.002839
0.002884
0.002832
0.002838
0.002875
0.002852
0.002889
0.002827
0.002787
0.002834
0.002841
0.002824
0.002824
0.002804
0.002829
0.002774
