total_time:
0.003476
0.003362
0.003356
0.003382
0.00336
0.003363
0.003371
0.003385
0.003359
0.003379
0.003264
0.003269
0.003247
0.003267
0.003318
0.00325
0.003245
0.00329
0.00341
0.003308
0.00328
0.00328
0.003277
0.003278
0.003323
0.003298
0.003276
0.003401
0.003287
0.003263
0.003284
0.003282
0.003279
0.003257
0.003265
0.003261
0.003506
0.003393
0.003386
0.003406
0.003393
0.003433
0.003419
0.003392
0.003385
0.003455
0.003353
0.003344
0.003354
0.003355
0.003355
0.003398
0.003386
0.003331
0.003319
0.003201
0.003214
0.003208
0.003212
0.00322
0.003279
0.003205
0.00324
0.003552
0.003406
0.003409
0.003417
0.003419
0.003404
0.00345
0.003407
0.00342
0.003512
0.003365
0.003384
0.003362
0.003381
0.003376
0.003354
0.003371
0.00343
0.003453
0.003343
0.003326
0.003325
0.003333
0.003334
0.003315
0.003331
0.003356
