total_time:
0.000592
0.000586
0.000581
0.000584
0.000586
0.000574
0.000577
0.000588
0.000619
0.000567
0.000572
0.000562
0.000554
0.000573
0.000573
0.000567
0.000561
0.000568
0.000551
0.000553
0.000563
0.000568
0.000561
0.000571
0.000564
0.000545
0.000536
0.000541
0.000537
0.000536
0.000543
0.000571
0.00056
0.000592
0.000526
0.000523
0.000532
0.000522
0.000548
0.000535
0.000525
0.000535
0.000585
0.000573
0.000575
0.000585
0.000585
0.00059
0.000574
0.000571
0.000574
0.000577
0.000568
0.000576
0.000555
0.000567
0.000567
0.000565
0.000558
0.000581
0.000568
0.000567
0.000576
0.000567
0.000556
0.00056
0.000585
0.000538
0.000527
0.00054
0.000552
0.000532
0.000523
0.000542
0.000531
0.000579
0.000565
0.000574
0.000577
0.000572
0.000582
0.000559
0.000575
