total_time:
0.478875
0.388559
0.385991
0.385740
0.385530
0.385778
0.385721
0.385580
0.385873
0.385611
0.482312
0.392056
0.389161
0.387763
0.387685
0.387828
0.387574
0.387875
0.387742
0.387904
0.478106
0.388157
0.385401
0.385066
0.385127
0.385062
0.385305
0.385425
0.385013
0.385184
0.479775
0.388501
0.385818
0.385707
0.385998
0.385970
0.385461
0.385690
0.385814
0.385603
0.482805
0.392524
0.389782
0.389570
0.389548
0.389864
0.389582
0.389459
0.389473
0.389498
0.479692
0.388552
0.385881
0.385520
0.385786
0.385727
0.385587
0.385741
0.385724
0.385466
0.483196
0.392150
0.389348
0.388775
0.388919
0.388931
0.388918
0.388959
0.388982
0.389048
0.480340
0.390562
0.387984
0.387662
0.387672
0.387965
0.387719
0.387853
0.387801
0.387736
0.483135
0.393019
0.390181
0.389578
0.389512
0.389456
0.389541
0.389612
0.389668
0.389707
0.485368
0.392600
0.389644
0.389393
0.389419
0.389251
0.389250
0.389332
0.389403
0.389358