total_time:
2.101549
2.079685
2.073952
2.068341
2.072329
2.061355
2.064048
2.056517
2.053215
2.032332
2.045978
2.035891
2.024121
2.019124
2.030814
2.016347
2.017810
2.020561
2.010335
2.013627
2.046471
2.041548
2.027462
2.017251
2.011442
2.014449
2.012286
2.010365
2.019214
2.010297
2.055498
2.035341
2.019743
2.010783
2.016769
2.010146
2.005404
2.005144
2.004608
1.994710
2.041077
2.036983
2.020155
2.015097
2.017345
2.013404
2.014461
2.020781
2.014201
2.011104
2.085506
2.099282
2.080376
2.067010
2.066333
2.055384
2.053608
2.035864
2.045288
2.036213
2.066338
2.045022
2.023010
2.019008
2.020609
2.012783
2.007709
2.008079
2.009177
2.008621
2.046480
2.038842
2.025193
2.012248
2.016128
2.006703
2.003347
2.004286
2.003858
2.006079
2.065854
2.100787
2.087781
2.089632
2.071998
2.066127
2.067878
2.066045
2.065886
2.055132
2.043454
2.041840
2.016467
2.013607
2.014987
2.006557
2.009109
2.018703
2.025519
2.015306