total_time:
0.002584
0.002572
0.002312
0.002395
0.00229
0.002272
0.002383
0.002253
0.002338
0.003127
0.003088
0.002427
0.002448
0.002421
0.002465
0.002542
0.002306
0.002338
0.004009
0.003629
0.003771
0.003349
0.00341
0.003831
0.003528
0.00348
0.003413
0.003689
0.003594
0.003472
0.003473
0.003437
0.003524
0.00323
0.003406
0.003459
0.004098
0.004041
0.003714
0.003625
0.003613
0.00336
0.00279
0.003618
0.003224
0.004915
0.004866
0.004879
0.005013
0.004909
0.004916
0.005126
0.002724
0.00256
0.002495
0.002394
0.002472
0.002254
0.002248
0.002788
0.002408
0.002337
0.002463
0.002449
0.002458
0.002426
0.002426
0.002424
0.00261
0.002518
0.004089
0.003817
0.003982
0.003599
0.003434
0.003413
0.003417
0.003424
0.002913
0.00367
0.002952
0.003243
0.003388
0.003483
0.003418
0.003449
0.003403
0.003508
