total_time:
0.832958
0.750369
0.753040
0.750570
0.750687
0.753024
0.752581
0.751365
0.751113
0.752250
0.842639
0.767732
0.766526
0.768033
0.766302
0.764646
0.766082
0.772078
0.770066
0.771144
0.841121
0.764498
0.768790
0.764708
0.763908
0.766299
0.767828
0.767659
0.767758
0.778039
0.842933
0.764663
0.767770
0.770178
0.770202
0.769705
0.762975
0.764092
0.771741
0.774232
0.821150
0.744590
0.746961
0.747610
0.743574
0.745745
0.745133
0.749329
0.749683
0.750785
0.838747
0.760723
0.763981
0.758874
0.762667
0.755127
0.759083
0.760478
0.760922
0.761254
0.830527
0.762128
0.764883
0.759506
0.765975
0.761459
0.762235
0.764183
0.761690
0.762589
0.828117
0.744120
0.746089
0.745090
0.744867
0.745987
0.745870
0.745778
0.743631
0.746665
0.833601
0.761357
0.764590
0.763775
0.759311
0.758570
0.758653
0.759633
0.764393
0.765597
0.817514
0.742435
0.745795
0.742960
0.742904
0.743479
0.746260
0.745413
0.744133
0.750634