total_time:
0.377333
0.303572
0.303252
0.303804
0.303205
0.304001
0.303246
0.303834
0.303185
0.304081
0.375172
0.303647
0.303243
0.303734
0.303074
0.303912
0.303107
0.303955
0.303196
0.303961
0.376492
0.304790
0.304698
0.304601
0.304856
0.304537
0.305055
0.304375
0.305231
0.304416
0.375883
0.303041
0.302452
0.303317
0.302482
0.303059
0.302936
0.302622
0.302864
0.302547
0.378501
0.304914
0.305112
0.304660
0.305365
0.304428
0.305476
0.304478
0.305252
0.304492
0.378524
0.304127
0.304662
0.303962
0.304675
0.304187
0.304873
0.303957
0.304648
0.303991
0.375216
0.302274
0.301615
0.301858
0.301937
0.301417
0.302364
0.301628
0.301598
0.301954
0.383663
0.305048
0.305247
0.304990
0.305671
0.304890
0.305539
0.304683
0.305113
0.305059
0.377208
0.305358
0.306083
0.305511
0.305609
0.306159
0.305363
0.305964
0.305347
0.305763
0.380178
0.304278
0.303687
0.304234
0.304785
0.304068
0.304951
0.303853
0.305008
0.304160