compile_opencl_time:
0.002326
0.002355
0.002341
0.002347
0.002281
0.002267
0.002329
0.002335
0.002303
0.002355
total_time:
0.335106
0.334879
0.329984
0.329633
0.329593
0.329460
0.329315
0.329554
0.329984
0.329976
0.334892
0.335109
0.329994
0.329773
0.329573
0.329406
0.329784
0.330380
0.329991
0.329610
0.336670
0.336078
0.331510
0.331387
0.331083
0.331104
0.331033
0.331003
0.331021
0.330991
0.334459
0.334354
0.329827
0.329480
0.329241
0.329092
0.328794
0.328948
0.329525
0.329324
0.336607
0.336212
0.331092
0.331648
0.331952
0.331528
0.331599
0.331611
0.331509
0.331371
0.336292
0.335231
0.330909
0.330816
0.330456
0.330547
0.330527
0.330150
0.330590
0.330471
0.333686
0.333199
0.328214
0.329117
0.328653
0.328219
0.328273
0.328406
0.328843
0.328728
0.337072
0.336503
0.331590
0.331640
0.331148
0.331489
0.331552
0.331678
0.331956
0.331861
0.337287
0.337035
0.331914
0.331719
0.331701
0.332306
0.331643
0.331890
0.332404
0.331908
0.336714
0.335351
0.330522
0.330696
0.331119
0.331572
0.331143
0.331149
0.330937
0.330929