total_time:
1.548031
1.529536
1.513498
1.486687
1.514746
1.517950
1.517591
1.510214
1.511855
1.515177
1.557402
1.527356
1.528034
1.520485
1.529574
1.517908
1.511639
1.512220
1.508218
1.510469
1.573499
1.550317
1.517616
1.520477
1.529194
1.517113
1.521394
1.781798
1.731211
1.673482
1.521429
1.520061
1.513274
1.516335
1.515328
1.512090
1.511112
1.508597
1.510412
1.511590
1.529695
1.520074
1.515683
1.515404
1.526147
1.513049
1.513390
1.515689
1.512113
1.520413
1.526721
1.527358
1.520605
1.530202
1.519772
1.527817
1.519086
1.525698
1.516332
1.520560
1.519723
1.510019
1.512589
1.513605
1.514185
1.510461
1.510868
1.509085
1.507547
1.506681
1.520421
1.516436
1.524432
1.515110
1.512872
1.514024
1.515458
1.507661
1.498090
1.506168
1.553105
1.555040
1.552421
1.550624
1.563356
1.539936
1.537670
1.528311
1.537776
1.522928
1.522100
1.529374
1.530370
1.516492
1.529315
1.511454
1.513102
1.523426
1.510227
1.510685