total_time:
0.610082
0.519788
0.524662
0.520389
0.520600
0.520439
0.520625
0.520623
0.520401
0.520345
0.602881
0.507793
0.512365
0.508461
0.508431
0.508272
0.508314
0.508285
0.508250
0.508405
0.611994
0.523068
0.527422
0.523927
0.523783
0.523594
0.523400
0.523616
0.523390
0.524129
0.607049
0.517697
0.522668
0.518524
0.518483
0.518710
0.518750
0.518993
0.518953
0.518986
0.626067
0.533819
0.538578
0.534726
0.534283
0.534463
0.534500
0.534450
0.534511
0.534564
0.602585
0.513196
0.517808
0.514103
0.514027
0.514126
0.514037
0.514213
0.514278
0.514218
0.609982
0.521068
0.525653
0.521718
0.521594
0.521959
0.521939
0.521839
0.522077
0.521952
0.615198
0.525991
0.530073
0.526225
0.526384
0.526324
0.526576
0.526752
0.526510
0.526292
0.607898
0.518709
0.523216
0.519407
0.519416
0.519474
0.519334
0.519417
0.519226
0.519425
0.606357
0.515037
0.519678
0.515571
0.515592
0.515642
0.515787
0.515546
0.515368
0.515964