total_time:
0.470023
0.398415
0.399225
0.397260
0.397299
0.397483
0.397538
0.398053
0.398266
0.397894
0.468346
0.395822
0.397167
0.395552
0.395370
0.395409
0.395196
0.395098
0.395292
0.395301
0.467555
0.396084
0.396985
0.395963
0.396259
0.396145
0.396380
0.396297
0.396358
0.396051
0.471046
0.399794
0.400986
0.400088
0.399308
0.399339
0.399835
0.400032
0.399391
0.399352
0.469199
0.397648
0.399372
0.397892
0.397548
0.397503
0.397568
0.398028
0.398975
0.398685
0.467865
0.395927
0.396949
0.395665
0.395928
0.395902
0.395952
0.396156
0.396120
0.396105
0.469239
0.397575
0.397756
0.396244
0.396228
0.396094
0.396445
0.396381
0.396733
0.396772
0.468313
0.396361
0.397076
0.396535
0.396652
0.396703
0.396850
0.396661
0.396514
0.396282
0.475644
0.398950
0.400111
0.399666
0.399591
0.398862
0.398768
0.399094
0.399372
0.398777
0.470554
0.398061
0.399343
0.398969
0.399240
0.398478
0.397847
0.398218
0.398413
0.398792