total_time:
1.045248
0.969487
0.981532
0.971170
0.970635
0.972332
0.970654
0.945888
0.944267
0.949527
1.039072
0.964078
0.962818
0.970106
0.964890
0.964652
0.966443
0.969573
0.969865
0.970286
1.038681
0.966955
0.960036
0.945911
0.944445
0.942958
0.940737
0.945060
0.948458
0.945341
1.024041
0.952017
0.947871
0.953662
0.948876
0.951869
0.949502
0.945340
0.953212
0.955970
1.015135
0.940091
0.943784
0.940078
0.940739
0.938130
0.948628
0.942501
0.943748
0.943857
1.046888
0.974425
0.971122
0.971641
0.978738
0.971771
0.974770
0.973921
0.972480
0.968971
1.035775
0.969476
0.968886
0.945862
0.942540
0.943779
0.946712
0.945306
0.949819
0.950627
1.031008
0.950322
0.952421
0.946110
0.948799
0.948382
0.951712
0.949274
0.946110
0.943078
1.042658
0.962356
0.962204
0.970940
0.967582
0.969737
0.970890
0.974403
0.968742
0.968454
1.021251
0.943109
0.947915
0.945946
0.946650
0.946326
0.944909
0.948271
0.946046
0.943402