total_time:
0.891969
0.817029
0.816060
0.813748
0.812434
0.819109
0.817225
0.819822
0.813078
0.812770
0.891153
0.816556
0.815164
0.809963
0.812856
0.810435
0.809613
0.808867
0.812632
0.814754
0.890660
0.813683
0.815055
0.812853
0.817568
0.814696
0.812364
0.813703
0.815288
0.812112
0.896992
0.822463
0.815142
0.821504
0.819792
0.813678
0.817292
0.816967
0.820309
0.815877
0.893629
0.817730
0.815248
0.809459
0.813448
0.812678
0.813354
0.814224
0.811275
0.810344
0.920173
0.837742
0.834859
0.835742
0.836449
0.835045
0.835578
0.836031
0.832706
0.833007
0.888785
0.820588
0.812362
0.812052
0.814313
0.809390
0.811755
0.815111
0.816053
0.814793
0.885483
0.810698
0.808631
0.811437
0.809820
0.810671
0.817335
0.810408
0.814235
0.812991
0.897181
0.817977
0.816035
0.822858
0.813869
0.819676
0.816787
0.812875
0.817016
0.818800
0.886935
0.819021
0.819681
0.819113
0.818514
0.827815
0.817084
0.819623
0.819813
0.816430