total_time:
0.415386
0.323892
0.321365
0.319833
0.319879
0.320049
0.319658
0.319671
0.319949
0.319655
0.407774
0.316547
0.313519
0.313769
0.313313
0.313407
0.313411
0.313273
0.313671
0.313380
0.407153
0.316371
0.313660
0.312506
0.312223
0.312273
0.312269
0.312452
0.312861
0.312366
0.410128
0.319583
0.316812
0.315336
0.315113
0.315429
0.315668
0.315622
0.315495
0.315469
0.411655
0.321369
0.318686
0.317469
0.317080
0.317019
0.317241
0.317254
0.317263
0.317140
0.408815
0.317066
0.313932
0.312397
0.312173
0.312245
0.312407
0.312350
0.312302
0.312091
0.409025
0.318524
0.315876
0.314372
0.314257
0.314095
0.314456
0.314342
0.314534
0.314476
0.411421
0.319188
0.316572
0.315262
0.315448
0.315142
0.314912
0.314904
0.314896
0.315028
0.411691
0.321446
0.318669
0.316990
0.317052
0.317343
0.317350
0.317091
0.317191
0.317302
0.412758
0.319239
0.316424
0.315258
0.314955
0.314963
0.315141
0.314704
0.314842
0.314950