compile_opencl_time:
0.002293
0.002380
0.002335
0.002296
0.002354
0.002425
0.002449
0.002336
0.002380
0.002289
total_time:
0.332092
0.330280
0.321727
0.321702
0.321640
0.321523
0.321552
0.321683
0.321533
0.321483
0.324291
0.322219
0.314470
0.314415
0.314650
0.314751
0.314833
0.315045
0.315035
0.314723
0.323526
0.323085
0.314962
0.314996
0.314983
0.314955
0.314763
0.314605
0.314622
0.314730
0.327791
0.325983
0.317240
0.317119
0.317247
0.317206
0.317035
0.317210
0.317285
0.317217
0.328477
0.328265
0.319212
0.318981
0.319073
0.319198
0.318872
0.319059
0.318994
0.318926
0.323261
0.322609
0.313845
0.313710
0.313801
0.313878
0.313872
0.313979
0.313869
0.313966
0.326022
0.324868
0.316050
0.315885
0.315927
0.315970
0.316181
0.316134
0.315940
0.315933
0.325949
0.325385
0.316708
0.316865
0.316871
0.316751
0.316486
0.316786
0.316639
0.316717
0.328305
0.328219
0.319929
0.320080
0.320023
0.319768
0.319974
0.319995
0.319753
0.319986
0.325962
0.325713
0.317437
0.317539
0.318050
0.317735
0.317441
0.317635
0.317688
0.317522