total_time:
0.000859
0.000858
0.000852
0.000854
0.000848
0.000861
0.000846
0.000873
0.000846
0.000937
0.000937
0.000919
0.000938
0.000942
0.000931
0.000922
0.000932
0.000931
0.000708
0.000704
0.000684
0.000722
0.000712
0.00071
0.000702
0.000714
0.000714
0.000723
0.000714
0.000695
0.00073
0.00075
0.000711
0.000695
0.000729
0.000722
0.000728
0.000715
0.000685
0.000729
0.000717
0.000711
0.000707
0.00073
0.000715
0.000799
0.000787
0.000779
0.000826
0.000786
0.00079
0.000783
0.000803
0.000784
0.00084
0.000781
0.000771
0.00082
0.000774
0.000778
0.000782
0.000803
0.000788
0.000737
0.000722
0.000711
0.000733
0.000721
0.000729
0.000706
0.000728
0.000729
0.00089
0.000856
0.00085
0.000847
0.000851
0.000887
0.000851
0.000853
0.00084
0.000729
0.000713
0.000712
0.000725
0.000718
0.000717
0.0007
0.000725
0.000716
