total_time:
0.127970
0.053281
0.053548
0.052651
0.052543
0.052551
0.052664
0.052521
0.052510
0.052629
0.128602
0.053747
0.053967
0.053107
0.053073
0.052982
0.053154
0.053087
0.052943
0.052991
0.125204
0.053098
0.053259
0.052531
0.052590
0.052367
0.052602
0.052480
0.052339
0.052284
0.129467
0.054041
0.054322
0.053529
0.053313
0.053303
0.053494
0.053392
0.053269
0.053221
0.124111
0.053600
0.053620
0.052700
0.052974
0.055327
0.054893
0.054521
0.054335
0.053987
0.126970
0.054346
0.054529
0.053729
0.053724
0.053484
0.053565
0.053726
0.053672
0.053584
0.128061
0.054407
0.054733
0.053755
0.053738
0.053592
0.053623
0.053746
0.053756
0.053666
0.125454
0.053906
0.054043
0.053054
0.053011
0.053138
0.053156
0.053069
0.053048
0.053189
0.126248
0.053888
0.053972
0.052982
0.053035
0.053062
0.053061
0.052960
0.053025
0.053233
0.124502
0.053295
0.053332
0.052470
0.052586
0.052526
0.052478
0.052542
0.052429
0.052330