total_time:
0.132944
0.058780
0.058865
0.058158
0.058590
0.058647
0.058697
0.058140
0.058931
0.058636
0.135421
0.061308
0.062065
0.061047
0.061041
0.061543
0.061666
0.061758
0.061686
0.061005
0.136205
0.062677
0.062406
0.062929
0.062757
0.063011
0.061962
0.061804
0.061165
0.061498
0.135428
0.062663
0.062269
0.061583
0.062448
0.062230
0.060249
0.060335
0.060047
0.060272
0.132309
0.057246
0.057632
0.057329
0.057554
0.057652
0.057537
0.057429
0.057319
0.057663
0.131543
0.057619
0.057174
0.057550
0.057006
0.057317
0.057277
0.057340
0.057299
0.057210
0.134122
0.061774
0.061450
0.061555
0.061280
0.061157
0.061232
0.061094
0.061102
0.061287
0.137729
0.063019
0.062373
0.061483
0.062326
0.062037
0.062343
0.061906
0.061968
0.061919
0.135340
0.062974
0.060353
0.062049
0.061351
0.061907
0.061710
0.062116
0.061894
0.061395
0.140944
0.062462
0.061601
0.062309
0.061869
0.061795
0.062186
0.062650
0.061679
0.061942