total_time:
0.091821
0.020416
0.020125
0.020086
0.020073
0.020075
0.020011
0.019981
0.020011
0.020116
0.091322
0.020560
0.020165
0.020110
0.020162
0.020128
0.020106
0.020115
0.020081
0.020124
0.093415
0.020547
0.020180
0.020205
0.020186
0.020192
0.020209
0.020187
0.020194
0.020175
0.094297
0.020550
0.020189
0.020174
0.020162
0.020144
0.020111
0.020131
0.020143
0.020144
0.105067
0.019984
0.019660
0.019627
0.019624
0.019645
0.019668
0.019607
0.019658
0.019662
0.091426
0.020046
0.019708
0.019741
0.019762
0.019700
0.019706
0.019662
0.019709
0.019646
0.091687
0.020221
0.019778
0.019753
0.019763
0.019771
0.019802
0.019738
0.019816
0.019809
0.095542
0.020667
0.020312
0.020267
0.020259
0.020241
0.020270
0.020245
0.020243
0.020242
0.095439
0.020390
0.020029
0.019984
0.019980
0.019962
0.019935
0.019949
0.019943
0.019946
0.092427
0.020343
0.020097
0.019954
0.020027
0.020003
0.019977
0.019939
0.019985
0.019981