total_time:
0.110714
0.036635
0.036272
0.039372
0.037373
0.038585
0.036557
0.037574
0.037363
0.036629
0.110135
0.037235
0.036259
0.039479
0.039663
0.037715
0.036700
0.038940
0.035616
0.037133
0.112024
0.041675
0.038521
0.039638
0.040692
0.039175
0.038533
0.040089
0.040847
0.041093
0.112491
0.040210
0.040246
0.036250
0.039577
0.039152
0.038965
0.039196
0.039991
0.039126
0.110381
0.037526
0.036775
0.035680
0.034708
0.037555
0.038445
0.040107
0.038743
0.037795
0.107467
0.036255
0.037067
0.037977
0.035696
0.036762
0.036986
0.036505
0.038285
0.038688
0.117559
0.040129
0.036678
0.035534
0.034563
0.035301
0.036488
0.035125
0.036277
0.036383
0.113964
0.036882
0.036577
0.038978
0.034846
0.035513
0.037003
0.037810
0.039048
0.038076
0.116808
0.039247
0.039983
0.039928
0.038193
0.039859
0.038556
0.038990
0.040409
0.041634
0.107455
0.036545
0.036558
0.033877
0.034806
0.032165
0.037422
0.035238
0.036745
0.035779