total_time:
0.117886
0.044101
0.044298
0.044142
0.044212
0.044165
0.044014
0.044113
0.044046
0.043971
0.109450
0.039213
0.038846
0.038969
0.039504
0.039245
0.039203
0.039377
0.039217
0.038983
0.116389
0.043109
0.042564
0.042454
0.042689
0.042773
0.042351
0.042584
0.042751
0.042532
0.112543
0.042163
0.041958
0.042073
0.042256
0.041994
0.042252
0.042105
0.042518
0.042363
0.121209
0.043131
0.042695
0.042542
0.042381
0.042464
0.042444
0.042566
0.042523
0.042461
0.124984
0.045550
0.045588
0.045030
0.044704
0.044481
0.044552
0.044644
0.044605
0.044592
0.114562
0.043020
0.042860
0.042795
0.042840
0.042828
0.042853
0.042865
0.042866
0.042871
0.113335
0.040307
0.040317
0.039932
0.040041
0.039914
0.039984
0.039978
0.039938
0.039793
0.122740
0.041997
0.042124
0.041976
0.041983
0.042069
0.042198
0.042231
0.042134
0.042028
0.109919
0.037433
0.037299
0.037255
0.037738
0.037492
0.037349
0.037192
0.037410
0.037256