total_time:
0.109126
0.033994
0.033986
0.034007
0.033827
0.033983
0.034072
0.033861
0.033872
0.033932
0.106768
0.030694
0.030377
0.030519
0.030300
0.030434
0.030389
0.030341
0.030547
0.030159
0.105365
0.033522
0.033080
0.033185
0.033152
0.033077
0.033232
0.033256
0.033224
0.033323
0.104030
0.032701
0.032728
0.032842
0.032804
0.032500
0.032475
0.032607
0.032468
0.032561
0.104366
0.032939
0.033028
0.032801
0.032839
0.032668
0.032674
0.032822
0.032543
0.032724
0.104400
0.034373
0.034059
0.033832
0.034066
0.033940
0.033743
0.034012
0.034022
0.034017
0.103805
0.032910
0.033030
0.032824
0.032887
0.032945
0.032807
0.033319
0.032522
0.032863
0.102049
0.031200
0.031229
0.031037
0.030971
0.030811
0.031025
0.030897
0.031111
0.031048
0.105587
0.032559
0.032335
0.032592
0.032536
0.032526
0.032598
0.032578
0.032395
0.032611
0.108108
0.029322
0.029017
0.029202
0.029160
0.028999
0.029015
0.029172
0.029210
0.029119