select_time:
0.000007
0.000009
0.000007
0.000006
0.000007
0.000007
0.000006
0.000006
0.000007
0.000006

total_time:
0.001702
0.001533
0.001464
0.001468
0.001465
0.001457
0.001454
0.001459
0.001471
0.001458
0.001614
0.001471
0.001401
0.001382
0.001392
0.001391
0.001397
0.001384
0.001383
0.001385
0.001649
0.001450
0.001368
0.001355
0.001361
0.001393
0.001355
0.001359
0.001361
0.001365
0.001574
0.001413
0.001388
0.001354
0.001344
0.001350
0.001348
0.001349
0.001347
0.001351
0.001505
0.001383
0.001325
0.001338
0.001352
0.001377
0.001393
0.001392
0.001396
0.001421
0.001497
0.001392
0.001319
0.001315
0.001330
0.001332
0.001365
0.001350
0.001352
0.001349
0.001553
0.001394
0.001339
0.001319
0.001324
0.001335
0.001327
0.001324
0.001324
0.001324
0.001542
0.001382
0.001355
0.001334
0.001323
0.001330
0.001343
0.001329
0.001318
0.001326
0.001577
0.001394
0.001349
0.001324
0.001326
0.001339
0.001327
0.001322
0.001328
0.001320
0.001501
0.001371
0.001327
0.001321
0.001319
0.001327
0.001322
0.001323
0.001318
0.001325
