total_time:
0.071093
0.000825
0.000797
0.000796
0.000792
0.000791
0.000787
0.000789
0.000790
0.000794
0.074353
0.000936
0.000945
0.000924
0.000915
0.000950
0.000914
0.000912
0.000914
0.000911
0.072792
0.000962
0.000960
0.000998
0.000959
0.000957
0.000961
0.000959
0.000955
0.000955
0.072919
0.000846
0.000841
0.000889
0.000839
0.000842
0.000837
0.000835
0.000840
0.000846
0.076594
0.001023
0.001062
0.001038
0.001018
0.001017
0.001015
0.001031
0.001019
0.001019
0.069722
0.001263
0.001256
0.001298
0.001252
0.001252
0.001251
0.001254
0.001256
0.001254
0.071616
0.000796
0.000784
0.000825
0.000785
0.000783
0.000780
0.000782
0.000776
0.000783
0.074410
0.000865
0.000851
0.000848
0.000886
0.000854
0.000848
0.000849
0.000857
0.000863
0.072502
0.001024
0.001029
0.001028
0.001020
0.001023
0.001019
0.001023
0.001020
0.001022
0.072679
0.000809
0.000803
0.000797
0.000799
0.000796
0.000798
0.000795
0.000791
0.000792