total_time:
0.000498
0.000063
0.000059
0.000059
0.000057
0.000059
0.000058
0.000059
0.000057
0.000058
0.000610
0.000071
0.000067
0.000080
0.000134
0.000071
0.000069
0.000069
0.000068
0.000067
0.000511
0.000073
0.000069
0.000068
0.000067
0.000066
0.000067
0.000066
0.000066
0.000065
0.000605
0.000067
0.000063
0.000061
0.000061
0.000061
0.000060
0.000070
0.000061
0.000061
0.000326
0.000073
0.000073
0.000072
0.000071
0.000069
0.000070
0.000071
0.000069
0.000076
0.000390
0.000082
0.000081
0.000078
0.000088
0.000081
0.000080
0.000079
0.000078
0.000078
0.000605
0.000063
0.000061
0.000059
0.000060
0.000058
0.000059
0.000059
0.000060
0.000059
0.000328
0.000063
0.000063
0.000061
0.000058
0.000058
0.000060
0.000060
0.000058
0.000060
0.000578
0.000073
0.000070
0.000070
0.000070
0.000070
0.000069
0.000085
0.000070
0.000069
0.000442
0.000057
0.000054
0.000054
0.000053
0.000054
0.000054
0.000053
0.000062
0.000054