total_time:
0.000229
0.000220
0.000218
0.000212
0.000213
0.000212
0.000219
0.000214
0.000214
0.000214
0.000175
0.000148
0.000146
0.000145
0.000151
0.000142
0.000141
0.000141
0.000141
0.000141
0.000230
0.000216
0.000212
0.000214
0.000210
0.000210
0.000211
0.000210
0.000212
0.000209
0.000207
0.000200
0.000193
0.000192
0.000192
0.000191
0.000194
0.000193
0.000192
0.000192
0.000174
0.000152
0.000150
0.000149
0.000148
0.000148
0.000149
0.000143
0.000142
0.000142
0.000232
0.000197
0.000194
0.000197
0.000196
0.000199
0.000197
0.000198
0.000199
0.000198
0.000207
0.000190
0.000187
0.000203
0.000192
0.000190
0.000189
0.000189
0.000192
0.000189
0.000241
0.000219
0.000215
0.000213
0.000216
0.000212
0.000212
0.000215
0.000214
0.000217
0.000219
0.000207
0.000216
0.000201
0.000199
0.000212
0.000211
0.000216
0.000211
0.000213
0.000228
0.000223
0.000213
0.000210
0.000210
0.000210
0.000212
0.000213
0.000213
0.000213