total_time:
0.037532
0.036994
0.037181
0.037349
0.037127
0.037043
0.036917
0.036842
0.036768
0.038131
0.039071
0.039216
0.039151
0.039122
0.039109
0.03835
0.038167
0.038154
0.0391
0.038371
0.038283
0.038319
0.038301
0.038348
0.038194
0.038225
0.038267
0.038293
0.037498
0.03733
0.037371
0.037385
0.037395
0.037315
0.037561
0.037412
0.041274
0.040421
0.040442
0.040584
0.040501
0.040397
0.040424
0.040462
0.040571
0.037337
0.03644
0.036337
0.036362
0.036381
0.036487
0.036724
0.036728
0.036687
0.037579
0.037069
0.037143
0.037112
0.037398
0.037208
0.037388
0.037147
0.037086
0.038375
0.037571
0.037528
0.037655
0.037682
0.037576
0.03763
0.037446
0.037681
0.039298
0.038835
0.038668
0.038652
0.038748
0.038731
0.038766
0.038731
0.038683
0.038977
0.038439
0.03834
0.038241
0.038257
0.038157
0.038228
0.038083
0.038001
