total_time:
0.089609
0.015598
0.015632
0.015769
0.015871
0.015729
0.015677
0.015703
0.015753
0.015772
0.089783
0.016490
0.016383
0.016527
0.016318
0.016445
0.016415
0.016394
0.016448
0.016296
0.085351
0.014649
0.014613
0.014552
0.014730
0.014633
0.014799
0.014732
0.014794
0.014601
0.087589
0.016329
0.016202
0.016222
0.016243
0.016314
0.016243
0.016200
0.016272
0.016239
0.089603
0.014472
0.014579
0.014565
0.014499
0.014697
0.014541
0.014486
0.014545
0.014572
0.093777
0.016577
0.016352
0.016554
0.016390
0.016342
0.016351
0.016320
0.016366
0.016314
0.086046
0.014103
0.014007
0.014021
0.013977
0.014001
0.014081
0.014182
0.014047
0.014049
0.086075
0.013854
0.013855
0.013743
0.013922
0.013705
0.013829
0.013709
0.013620
0.013793
0.087565
0.015839
0.015746
0.015968
0.015737
0.015805
0.015957
0.015792
0.015932
0.015866
0.088917
0.015885
0.015986
0.015786
0.015783
0.015752
0.015828
0.015709
0.015884
0.015965