total_time:
0.003364
0.003383
0.002470
0.002185
0.002180
0.002716
0.002125
0.002087
0.002244
0.002155
0.002893
0.002196
0.002374
0.002147
0.002288
0.002445
0.002335
0.002480
0.002627
0.002624
0.003177
0.003094
0.003073
0.003062
0.003089
0.003107
0.002940
0.002182
0.002233
0.002432
0.003469
0.002898
0.002253
0.002402
0.002192
0.002332
0.002237
0.002127
0.002111
0.002234
0.002736
0.002237
0.002143
0.002173
0.002194
0.002360
0.002319
0.002490
0.002140
0.002152
0.002301
0.002217
0.002209
0.002169
0.002421
0.002209
0.002550
0.002309
0.002259
0.002354
0.003200
0.003156
0.002733
0.002170
0.002156
0.002151
0.002214
0.002247
0.002501
0.002098
0.003436
0.003359
0.002321
0.002290
0.002217
0.002145
0.002295
0.002289
0.002269
0.002315
0.003459
0.003014
0.002289
0.002151
0.002209
0.002202
0.002253
0.002396
0.002331
0.002341
0.003327
0.003039
0.002143
0.002387
0.002429
0.002189
0.002206
0.002406
0.002515
0.002422