compile_opencl_time:
0.002293
0.002446
0.002340
0.002303
0.002305
0.002364
0.002292
0.002323
0.002258
0.002293
total_time:
7.310901
7.310728
7.304779
7.303374
7.302062
7.302173
7.304519
7.305045
7.306375
7.305333
7.129671
7.127475
7.120080
7.119333
7.120982
7.122475
7.122651
7.121199
7.116614
7.115280
7.265273
7.261383
7.250850
7.250774
7.249045
7.252114
7.254273
7.251885
7.253576
7.252633
7.267993
7.265007
7.254421
7.253815
7.254497
7.254462
7.252783
7.253037
7.253645
7.251639
7.283510
7.283408
7.271095
7.272320
7.274589
7.274910
7.273616
7.277743
7.281079
7.280009
7.321712
7.322383
7.310523
7.311910
7.313710
7.312701
7.313522
7.312304
7.315147
7.315422
7.259617
7.261013
7.246879
7.244716
7.244276
7.245017
7.244659
7.245459
7.249453
7.250055
7.002677
7.001178
6.990870
6.988595
6.990697
6.989674
6.990635
6.988640
6.987956
6.988125
7.148322
7.147286
7.137100
7.137147
7.139592
7.139730
7.139256
7.139412
7.139585
7.140223
7.252443
7.254230
7.245132
7.244739
7.242927
7.242228
7.242136
7.242510
7.244118
7.245616