total_time:
0.564432
0.473896
0.473939
0.474200
0.474114
0.474384
0.473840
0.474131
0.474071
0.474180
0.563991
0.473161
0.473342
0.473238
0.473259
0.473671
0.473169
0.473454
0.473284
0.473617
0.566184
0.475745
0.475628
0.475777
0.475670
0.475625
0.475475
0.475841
0.475516
0.475837
0.569181
0.474849
0.473230
0.473394
0.473410
0.473161
0.473319
0.473508
0.473446
0.473411
0.563046
0.472810
0.473500
0.473055
0.473068
0.473069
0.473056
0.473500
0.472856
0.473074
0.564049
0.473330
0.473547
0.473641
0.473699
0.473867
0.473585
0.473502
0.473606
0.473750
0.564527
0.472265
0.471692
0.471508
0.471664
0.471657
0.471792
0.471595
0.471563
0.471508
0.562686
0.472369
0.472912
0.473020
0.472625
0.472750
0.472812
0.473083
0.473119
0.472930
0.562731
0.472603
0.472651
0.472724
0.472613
0.473024
0.472610
0.472836
0.472894
0.472735
0.564897
0.474319
0.474558
0.474447
0.474674
0.474662
0.474539
0.474713
0.474417
0.474790