total_time:
1.163859
1.109897
1.114352
1.096344
1.109794
1.097237
1.104140
1.106737
1.118177
1.098082
1.172367
1.097133
1.092104
1.096138
1.094779
1.099954
1.087391
1.097871
1.097773
1.095911
1.204025
1.125743
1.122816
1.120630
1.128237
1.127619
1.129710
1.120688
1.126690
1.123091
1.165806
1.090117
1.100615
1.098147
1.099267
1.091506
1.096415
1.098797
1.105114
1.106147
1.208763
1.136704
1.131724
1.138786
1.137202
1.129696
1.128713
1.128956
1.130299
1.132787
1.166038
1.100284
1.094484
1.101561
1.091515
1.099273
1.098380
1.100521
1.100725
1.098893
1.204127
1.131275
1.125629
1.131575
1.127215
1.133680
1.134853
1.134685
1.135329
1.129111
1.166021
1.104309
1.098057
1.089441
1.097169
1.099638
1.110454
1.111302
1.095755
1.096626
1.174743
1.101970
1.101062
1.105119
1.108121
1.096538
1.106445
1.101980
1.103588
1.104791
1.163030
1.114971
1.101422
1.099226
1.100582
1.100990
1.099132
1.099215
1.098848
1.106372