select_time:
0.000010
0.000010
0.000036
0.000010
0.000012
0.000010
0.000011
0.000009
0.000010
0.000010

total_time:
0.126869
0.156054
0.150658
0.167523
0.175071
0.179380
0.186444
0.188818
0.213197
0.208940
0.191576
0.157425
0.153648
0.167998
0.186116
0.184220
0.184464
0.197846
0.198648
0.209670
0.128873
0.192685
0.220368
0.221625
0.196836
0.211602
0.213548
0.214500
0.198803
0.223379
0.132579
0.160542
0.159462
0.220178
0.241111
0.221113
0.219834
0.223348
0.204827
0.243550
0.164068
0.183108
0.175720
0.180820
0.217255
0.217073
0.221028
0.206683
0.208492
0.204795
0.131869
0.158543
0.157250
0.173063
0.185056
0.206720
0.202422
0.211440
0.223783
0.227067
0.128293
0.154195
0.158620
0.175338
0.184756
0.200779
0.202759
0.202488
0.214590
0.222265
0.127150
0.159094
0.158271
0.170180
0.181740
0.198402
0.207358
0.223722
0.214315
0.214984
0.132427
0.158015
0.157637
0.172003
0.180317
0.198232
0.207000
0.212862
0.209264
0.207473
0.127706
0.154938
0.152103
0.166868
0.181673
0.196496
0.223748
0.212839
0.199850
0.234007
