total_time:
0.071584
0.001178
0.001183
0.001172
0.001163
0.001176
0.001180
0.001186
0.001171
0.001177
0.077012
0.001496
0.001465
0.001474
0.001457
0.001470
0.001482
0.001454
0.001442
0.001463
0.071693
0.001179
0.001177
0.001176
0.001164
0.001171
0.001169
0.001172
0.001158
0.001180
0.072296
0.001403
0.001386
0.001386
0.001378
0.001386
0.001383
0.001373
0.001366
0.001377
0.073226
0.001171
0.001168
0.001159
0.001146
0.001157
0.001163
0.001165
0.001150
0.001164
0.072853
0.001173
0.001168
0.001161
0.001153
0.001155
0.001163
0.001160
0.001154
0.001184
0.071135
0.001242
0.001244
0.001236
0.001234
0.001245
0.001234
0.001248
0.001222
0.001240
0.075397
0.001457
0.001416
0.001432
0.001422
0.001423
0.001417
0.001426
0.001417
0.001427
0.072632
0.001371
0.001365
0.001360
0.001348
0.001371
0.001373
0.001354
0.001346
0.001362
0.075587
0.001171
0.001164
0.001153
0.001156
0.001150
0.001152
0.001157
0.001149
0.001157