total_time:
0.000934
0.000846
0.000840
0.000839
0.000835
0.000837
0.000686
0.000537
0.000558
0.000547
0.000673
0.000529
0.000520
0.000530
0.000526
0.000521
0.000520
0.000518
0.000573
0.000542
0.000613
0.000550
0.000551
0.000544
0.000531
0.000766
0.000631
0.000531
0.000733
0.000823
0.000798
0.000738
0.000733
0.000736
0.000762
0.000763
0.000761
0.000765
0.000773
0.000760
0.000591
0.000671
0.000734
0.000551
0.000649
0.000763
0.000533
0.000529
0.000534
0.000535
0.000819
0.000733
0.000725
0.000673
0.000569
0.000543
0.000553
0.000550
0.000551
0.000545
0.000970
0.000758
0.000755
0.000751
0.000751
0.000553
0.000541
0.000544
0.000532
0.000535
0.000581
0.000541
0.000532
0.000533
0.000529
0.000532
0.000531
0.000532
0.000539
0.000805
0.000946
0.000829
0.000825
0.000821
0.000827
0.000827
0.000827
0.000847
0.000635
0.000549
0.000803
0.000737
0.000725
0.000734
0.000756
0.000760
0.000758
0.000621
0.000551
0.000543