total_time:
0.087815
0.094524
0.085135
0.085682
0.087213
0.086561
0.086596
0.085492
0.086053
0.086601
0.089033
0.092926
0.084640
0.084401
0.085583
0.085826
0.085537
0.085117
0.085281
0.086057
0.090649
0.088204
0.080680
0.082274
0.084955
0.085710
0.083966
0.084690
0.084774
0.086313
0.087197
0.091641
0.083934
0.083869
0.083716
0.085968
0.085528
0.084831
0.084312
0.084828
0.085551
0.093314
0.085477
0.084985
0.085838
0.086564
0.085706
0.084657
0.083584
0.084608
0.088211
0.094007
0.085033
0.086513
0.087203
0.088578
0.085108
0.085484
0.086434
0.086456
0.090978
0.094609
0.084876
0.086778
0.086665
0.086324
0.086462
0.086623
0.086608
0.087140
0.086343
0.087480
0.079830
0.079755
0.080641
0.080585
0.080000
0.081000
0.080386
0.083832
0.086587
0.091131
0.083736
0.081417
0.080935
0.082546
0.082215
0.083399
0.082765
0.082285
0.088465
0.090920
0.082784
0.083553
0.084725
0.084826
0.084698
0.084246
0.083747
0.084880