total_time:
0.003173
0.003097
0.003097
0.003101
0.003116
0.003094
0.003109
0.00313
0.003125
0.003204
0.003143
0.003144
0.003148
0.003148
0.003178
0.003156
0.003184
0.003139
0.00318
0.00311
0.003113
0.003112
0.003142
0.003115
0.003118
0.003139
0.00315
0.003174
0.003104
0.003105
0.003101
0.003108
0.003104
0.003109
0.003109
0.003105
0.003188
0.003117
0.003117
0.003122
0.003125
0.003118
0.003121
0.003119
0.003127
0.003196
0.003126
0.003132
0.003126
0.003128
0.003125
0.003133
0.003133
0.003148
0.003181
0.003108
0.003113
0.003108
0.003132
0.003109
0.003148
0.003122
0.003123
0.003195
0.003132
0.003156
0.003132
0.003164
0.003176
0.003135
0.00316
0.003128
0.003233
0.003157
0.003186
0.003197
0.003197
0.003194
0.003149
0.003164
0.003151
0.003211
0.003145
0.003144
0.003164
0.003143
0.003173
0.003136
0.003154
0.003141
