total_time:
0.004154
0.004075
0.004072
0.004084
0.004063
0.00407
0.004077
0.004069
0.004064
0.003992
0.003937
0.003954
0.003938
0.003909
0.003952
0.0039
0.003927
0.003907
0.003957
0.003886
0.003877
0.003904
0.003873
0.003893
0.003925
0.003888
0.003862
0.003971
0.003876
0.003883
0.0039
0.003893
0.003917
0.003915
0.003918
0.003875
0.004015
0.003945
0.003916
0.003921
0.00392
0.003917
0.003923
0.003927
0.003934
0.003985
0.003878
0.003882
0.003874
0.003882
0.003853
0.003898
0.003857
0.003875
0.004079
0.003991
0.004006
0.004041
0.004015
0.003991
0.003993
0.004
0.004006
0.004069
0.003924
0.003933
0.003952
0.003914
0.003931
0.003927
0.003927
0.003915
0.003963
0.003895
0.003903
0.003889
0.003894
0.003892
0.003903
0.003885
0.003901
0.004068
0.004002
0.003995
0.004005
0.004
0.003982
0.003989
0.004022
0.003979
