total_time:
0.004224
0.004102
0.004088
0.004111
0.004152
0.004085
0.004091
0.004109
0.00411
0.004049
0.003933
0.003937
0.003932
0.003946
0.003931
0.003931
0.003939
0.00395
0.004015
0.003912
0.003916
0.003909
0.0039
0.003898
0.003874
0.003897
0.003878
0.003993
0.003874
0.003868
0.003876
0.003889
0.003879
0.003911
0.003873
0.003873
0.004041
0.003947
0.00393
0.003943
0.003929
0.003996
0.003934
0.003961
0.003957
0.004139
0.004059
0.004028
0.00403
0.004013
0.003926
0.003979
0.003924
0.003942
0.004046
0.003917
0.003904
0.003911
0.00391
0.003922
0.003949
0.003928
0.003901
0.004051
0.003937
0.003938
0.003969
0.003955
0.003957
0.003969
0.003968
0.003932
0.004025
0.003913
0.003917
0.00391
0.003875
0.003929
0.003898
0.003898
0.003897
0.004084
0.003969
0.003958
0.00397
0.003965
0.004001
0.004005
0.003976
0.003969
