total_time:
0.082731
0.003841
0.003881
0.003913
0.003947
0.003945
0.003911
0.003869
0.003884
0.003900
0.084118
0.005644
0.005709
0.005609
0.005648
0.005680
0.005695
0.005670
0.005726
0.005680
0.079065
0.004248
0.004319
0.004344
0.004427
0.004387
0.004406
0.004350
0.004371
0.004399
0.087293
0.004789
0.004781
0.004801
0.004942
0.004901
0.004809
0.004848
0.004865
0.004913
0.081142
0.003887
0.003911
0.004017
0.003955
0.003922
0.003952
0.003895
0.003929
0.003898
0.079997
0.004304
0.004309
0.004332
0.004384
0.004402
0.004494
0.004374
0.004322
0.004409
0.080460
0.004906
0.004952
0.004992
0.005025
0.005025
0.005043
0.004990
0.004995
0.004967
0.079160
0.005405
0.005447
0.005475
0.005451
0.005475
0.005515
0.005482
0.005572
0.005493
0.081415
0.004112
0.004137
0.004255
0.004200
0.004209
0.004239
0.004217
0.004241
0.004174
0.082197
0.003970
0.004002
0.003999
0.004070
0.004027
0.004096
0.004043
0.004107
0.004017