total_time:
0.103126
0.025831
0.025407
0.025427
0.025429
0.025336
0.025515
0.025505
0.025360
0.025412
0.100104
0.025804
0.025416
0.025444
0.025378
0.025383
0.025441
0.025438
0.025325
0.025423
0.098475
0.025666
0.025204
0.025070
0.025182
0.025167
0.025094
0.025061
0.025180
0.025264
0.101896
0.025820
0.025460
0.025364
0.025371
0.025388
0.025390
0.025359
0.025250
0.025358
0.103391
0.026208
0.025888
0.025894
0.025721
0.025822
0.025864
0.025741
0.025896
0.025855
0.101049
0.025874
0.025434
0.025450
0.025447
0.025375
0.025470
0.025426
0.025419
0.025465
0.098283
0.025736
0.025443
0.025517
0.025352
0.025350
0.025457
0.025394
0.025389
0.025450
0.101630
0.025730
0.025387
0.025428
0.025310
0.025408
0.025436
0.025295
0.025386
0.025398
0.099398
0.026261
0.025709
0.025841
0.025762
0.025830
0.025802
0.025756
0.025803
0.025832
0.102552
0.026168
0.025833
0.025733
0.025718
0.025720
0.025754
0.025682
0.025744
0.025705