select_time:
0.000011
0.000010
0.000010
0.000010
0.000009
0.000009
0.000009
0.000009
0.000011
0.000011

total_time:
0.005516
0.005302
0.004121
0.004265
0.004265
0.004302
0.004349
0.004458
0.004525
0.004649
0.006220
0.005143
0.003960
0.003985
0.004118
0.004121
0.004146
0.004238
0.004321
0.004456
0.006398
0.005560
0.004077
0.004075
0.004217
0.004245
0.004246
0.004392
0.004422
0.004561
0.006223
0.005272
0.003905
0.003974
0.004049
0.004057
0.004104
0.004108
0.004265
0.004261
0.006146
0.005141
0.004028
0.004307
0.004493
0.004379
0.004415
0.004480
0.004589
0.004669
0.006060
0.005226
0.003888
0.003883
0.004026
0.004046
0.004071
0.004208
0.004235
0.004385
0.006014
0.005151
0.003900
0.003943
0.004030
0.004060
0.004081
0.004164
0.004257
0.004271
0.005638
0.005009
0.003538
0.003631
0.003670
0.003758
0.003788
0.004148
0.004086
0.004255
0.005465
0.004972
0.003985
0.003996
0.004107
0.004155
0.004188
0.004253
0.004354
0.004373
0.006662
0.005748
0.004273
0.004343
0.004430
0.004454
0.004456
0.004644
0.004649
0.004821
