total_time:
0.079114
0.002047
0.002041
0.002022
0.002011
0.002014
0.002007
0.002013
0.002011
0.002016
0.078390
0.001710
0.001695
0.001693
0.001686
0.001677
0.001674
0.001687
0.001682
0.001678
0.088626
0.001951
0.001988
0.001920
0.001915
0.001923
0.001921
0.001942
0.001935
0.001933
0.076963
0.001461
0.001449
0.001452
0.001444
0.001443
0.001441
0.001448
0.001448
0.001439
0.088819
0.001887
0.001875
0.001870
0.001907
0.001959
0.001945
0.001874
0.001889
0.001870
0.076926
0.001527
0.001497
0.001489
0.001504
0.001481
0.001497
0.001482
0.001475
0.001481
0.083870
0.002505
0.002537
0.002492
0.002473
0.002489
0.002508
0.002477
0.002502
0.002483
0.076064
0.001678
0.001664
0.001660
0.001644
0.001648
0.001644
0.001655
0.001697
0.001710
0.087344
0.002054
0.002041
0.002026
0.002075
0.002051
0.002025
0.002034
0.002034
0.002031
0.081382
0.002041
0.002032
0.002015
0.002022
0.002020
0.002013
0.002019
0.002022
0.002029