compile_opencl_time:
0.071333
0.070039
0.070496
0.071491
0.068544
0.069269
0.069489
0.071369
0.069879
0.068520
total_time:
0.006774
0.002410
0.002231
0.002324
0.002298
0.003191
0.002349
0.002250
0.002287
0.002254
0.002995
0.001985
0.001918
0.001894
0.001967
0.001952
0.001917
0.001983
0.001984
0.001939
0.003046
0.002241
0.002089
0.002150
0.002493
0.002130
0.002085
0.002177
0.002218
0.002201
0.008568
0.001985
0.001773
0.001762
0.001760
0.001786
0.001842
0.001784
0.001733
0.001799
0.002681
0.002044
0.002426
0.002386
0.002047
0.002055
0.002036
0.002087
0.002052
0.002075
0.002353
0.001848
0.001734
0.001754
0.001704
0.001774
0.001775
0.001734
0.001797
0.001726
0.003934
0.002514
0.002473
0.002601
0.002581
0.002567
0.002534
0.002646
0.002646
0.002638
0.002397
0.002010
0.001894
0.001884
0.001991
0.001970
0.001991
0.002025
0.001954
0.001905
0.003165
0.002363
0.002275
0.002320
0.002340
0.002318
0.002302
0.002362
0.002391
0.002462
0.003514
0.002309
0.002193
0.002234
0.002245
0.002262
0.002335
0.002276
0.002265
0.002289