total_time:
0.035219
0.035198
0.035171
0.035159
0.035216
0.035202
0.035202
0.035168
0.035511
0.035503
0.035527
0.035522
0.035538
0.035522
0.035488
0.035486
0.035485
0.035498
0.03549
0.03548
0.03547
0.035484
0.035475
0.035515
0.035174
0.035191
0.035208
0.0352
0.03519
0.035176
0.035164
0.035201
0.035187
0.03518
0.035239
0.035247
0.035207
0.035181
0.03517
0.035168
0.035253
0.035207
0.035259
0.035287
0.035233
0.03527
0.035218
0.035241
0.035508
0.035462
0.035431
0.035445
0.035487
0.035494
0.03548
0.035395
0.035154
0.035169
0.035157
0.035158
0.03517
0.035156
0.035167
0.035148
0.035906
0.035144
0.035186
0.035133
0.035176
0.035141
0.035117
0.035122
0.035097
0.0355
0.035492
0.035447
0.035442
0.035451
0.035483
0.035483
0.035499
