total_time:
0.047418
0.047503
0.046901
0.046645
0.04673
0.046824
0.046688
0.046834
0.046762
0.048052
0.048964
0.04798
0.048079
0.047222
0.047315
0.047109
0.047288
0.047043
0.047265
0.047146
0.047477
0.04756
0.046882
0.046719
0.046758
0.046524
0.046686
0.046619
0.04666
0.04741
0.04748
0.046875
0.046656
0.046765
0.046662
0.046961
0.046769
0.046731
0.047528
0.04759
0.04693
0.046756
0.04689
0.046661
0.046825
0.046828
0.046497
0.047898
0.047914
0.047244
0.047094
0.047187
0.047206
0.047244
0.047068
0.04722
0.047212
0.047157
0.04628
0.046228
0.04626
0.04634
0.046174
0.04626
0.046187
0.047099
0.047189
0.04621
0.0464
0.04644
0.046316
0.046465
0.046323
0.046399
0.047849
0.047908
0.047275
0.047125
0.047211
0.047143
0.047164
0.047181
0.047108
