total_time:
0.110559
0.110289
0.10964
0.109398
0.108788
0.108789
0.108942
0.109823
0.109333
0.112403
0.110572
0.110869
0.111468
0.111026
0.110795
0.110268
0.11151
0.110745
0.108194
0.107403
0.106661
0.107807
0.106619
0.106832
0.108133
0.106651
0.107556
0.110535
0.11019
0.109567
0.109357
0.110086
0.11008
0.109735
0.108764
0.109285
0.106957
0.106249
0.106424
0.106411
0.106559
0.1055
0.106682
0.106827
0.1062
0.112029
0.111138
0.110687
0.110899
0.111248
0.111175
0.111642
0.110454
0.109993
0.109558
0.108271
0.108437
0.108043
0.108309
0.107983
0.107764
0.108211
0.107337
0.108236
0.106622
0.106946
0.106645
0.106749
0.106557
0.10716
0.105988
0.106524
0.110942
0.110079
0.109427
0.110166
0.10955
0.108612
0.108801
0.109769
0.110399
0.112214
0.111707
0.110065
0.1114
0.111315
0.110312
0.111774
0.11008
0.109771
