total_time:
0.051361
0.05119
0.050783
0.050809
0.050493
0.050793
0.05068
0.05081
0.050786
0.051181
0.051185
0.050714
0.050495
0.050591
0.05073
0.050517
0.050708
0.050599
0.051248
0.051408
0.050687
0.05079
0.050667
0.050689
0.050768
0.050493
0.050674
0.05123
0.05163
0.050838
0.050726
0.050918
0.050903
0.050665
0.050916
0.050722
0.051406
0.051534
0.051015
0.050955
0.050876
0.050988
0.050741
0.051003
0.051024
0.051593
0.051431
0.051011
0.051055
0.050779
0.051197
0.051052
0.050964
0.051105
0.0512
0.051136
0.050669
0.050427
0.050599
0.050655
0.050389
0.05068
0.050583
0.051299
0.05135
0.050689
0.050852
0.05062
0.050631
0.050822
0.05048
0.050666
0.05157
0.051482
0.051002
0.050988
0.050856
0.051081
0.050863
0.050892
0.051047
0.051373
0.051521
0.05104
0.050774
0.050883
0.051037
0.050757
0.051049
0.050907
