compile_opencl_time:
0.143381
0.148571
0.140824
0.14121
0.143044
0.148768
0.141537
0.150822
0.14099
0.143417
total_time:
0.027476
0.023183
0.02524
0.025054
0.024465
0.024831
0.026113
0.02509
0.024667
0.025884
0.02622
0.023552
0.023111
0.026619
0.026048
0.023271
0.022988
0.026553
0.023145
0.023394
0.028427
0.025303
0.022962
0.026317
0.026397
0.026198
0.022619
0.022787
0.0226
0.022851
0.026718
0.023044
0.026242
0.027014
0.024876
0.027084
0.027166
0.023402
0.024888
0.025665
0.026802
0.027198
0.025159
0.023146
0.024651
0.025908
0.026524
0.02603
0.024765
0.02664
0.025864
0.023561
0.023726
0.023051
0.02346
0.02594
0.024658
0.026306
0.023288
0.026287
0.025461
0.024518
0.026375
0.023239
0.023295
0.026421
0.025479
0.026228
0.025043
0.025879
0.026266
0.023361
0.023279
0.025005
0.025472
0.024876
0.024448
0.023333
0.025247
0.025124
0.025216
0.023229
0.022735
0.023402
0.022528
0.023366
0.023387
0.022904
0.022535
0.024177
0.02736
0.025224
0.025742
0.025051
0.026312
0.026549
0.023157
0.023218
0.023062
0.023196
