total_time:
0.05193
0.051455
0.051141
0.051333
0.051443
0.051126
0.051259
0.051442
0.051142
0.051941
0.051244
0.051385
0.051147
0.051192
0.051415
0.051164
0.051369
0.051309
0.052285
0.051417
0.051409
0.051652
0.051433
0.05145
0.051588
0.05146
0.051402
0.052357
0.051615
0.051765
0.051617
0.051523
0.051663
0.051269
0.051293
0.051437
0.052184
0.051707
0.051402
0.051593
0.051769
0.051459
0.051526
0.051729
0.051594
0.051979
0.05126
0.051252
0.051415
0.051265
0.051171
0.051366
0.051257
0.051193
0.051862
0.050865
0.051045
0.05087
0.050955
0.050879
0.0508
0.050929
0.052362
0.052145
0.051244
0.051296
0.051486
0.051242
0.051401
0.051456
0.051383
0.051257
0.051582
0.05166
0.051871
0.051617
0.051656
0.051795
0.051664
0.051563
0.052284
0.05174
0.051678
0.051647
0.051484
0.051718
0.051649
0.05142
0.0516
