compile_opencl_time:
0.133982
0.125433
0.133068
0.124614
0.124319
0.125155
0.131702
0.131227
0.131450
0.124297
total_time:
0.005960
0.004230
0.004102
0.004047
0.004024
0.004125
0.004012
0.003999
0.004033
0.004012
0.007164
0.005445
0.005204
0.005238
0.005060
0.005115
0.005178
0.005195
0.005132
0.005160
0.007112
0.005179
0.005103
0.005112
0.005048
0.005214
0.005222
0.005207
0.005113
0.005361
0.007029
0.005258
0.005194
0.005178
0.005146
0.005157
0.005198
0.005188
0.005140
0.005200
0.006693
0.004927
0.004857
0.004829
0.004817
0.004782
0.004779
0.004808
0.004828
0.004806
0.006364
0.004411
0.004245
0.004174
0.004446
0.004135
0.004325
0.004441
0.004445
0.004509
0.006711
0.004777
0.004592
0.004598
0.004804
0.004786
0.004659
0.004778
0.004690
0.004738
0.006094
0.004537
0.004272
0.004223
0.004292
0.004235
0.004219
0.004317
0.004179
0.004196
0.006680
0.004718
0.004780
0.004808
0.004841
0.004716
0.004801
0.004723
0.004699
0.004719
0.006421
0.004574
0.004478
0.004449
0.004437
0.004404
0.004422
0.004449
0.004450
0.004428