total_time:
0.001259
0.000767
0.000719
0.000708
0.000720
0.000711
0.000717
0.000745
0.000702
0.000739
0.001590
0.000995
0.000931
0.000930
0.000943
0.000933
0.000955
0.000963
0.000939
0.000938
0.001402
0.000937
0.000884
0.000896
0.000917
0.000891
0.000889
0.000881
0.000884
0.000886
0.001385
0.000952
0.000885
0.000888
0.000887
0.000899
0.000927
0.000952
0.000958
0.000921
0.001183
0.000839
0.000828
0.000803
0.000794
0.000819
0.000812
0.000828
0.000821
0.000815
0.001054
0.000782
0.000738
0.000725
0.000734
0.000734
0.000722
0.000734
0.000728
0.000720
0.001106
0.000834
0.000787
0.000790
0.000789
0.000766
0.000778
0.000784
0.000770
0.000774
0.001298
0.000844
0.000790
0.000780
0.000783
0.000777
0.000779
0.000777
0.000781
0.000782
0.001415
0.000876
0.000818
0.000825
0.000811
0.000816
0.000818
0.000818
0.000820
0.000820
0.001091
0.000789
0.000748
0.000747
0.000773
0.000744
0.000754
0.000733
0.000746
0.000735