select_time:
0.000006
0.000006
0.000006
0.000006
0.000006
0.000006
0.000007
0.000007
0.000006
0.000006

total_time:
0.000807
0.000432
0.000421
0.000409
0.000458
0.000447
0.000435
0.000470
0.000435
0.000435
0.000775
0.000542
0.000566
0.000568
0.000550
0.000543
0.000531
0.000514
0.000495
0.000503
0.000857
0.000559
0.000554
0.000556
0.000547
0.000550
0.000556
0.000550
0.000548
0.000550
0.000900
0.000597
0.000562
0.000564
0.000559
0.000563
0.000557
0.000566
0.000567
0.000559
0.000812
0.000524
0.000510
0.000503
0.000504
0.000495
0.000492
0.000499
0.000494
0.000500
0.000788
0.000493
0.000460
0.000447
0.000439
0.000442
0.000440
0.000436
0.000448
0.000436
0.000817
0.000509
0.000487
0.000492
0.000501
0.000491
0.000500
0.000492
0.000496
0.000489
0.000785
0.000477
0.000559
0.000546
0.000538
0.000523
0.000522
0.000500
0.000524
0.000507
0.000763
0.000731
0.000718
0.000694
0.000682
0.000671
0.000647
0.000655
0.000618
0.000603
0.000759
0.000461
0.000475
0.000493
0.000480
0.000467
0.000457
0.000454
0.000445
0.000451
