compile_opencl_time:
0.002294
0.002360
0.002360
0.002299
0.002345
0.002313
0.002436
0.002320
0.002403
0.002269
total_time:
0.042979
0.042458
0.041659
0.041768
0.041682
0.041695
0.041579
0.041702
0.041572
0.041611
0.043082
0.042589
0.041744
0.041678
0.041747
0.041723
0.041708
0.041750
0.041731
0.041687
0.043046
0.042578
0.041773
0.041682
0.041730
0.041698
0.041688
0.041734
0.041672
0.041622
0.043066
0.042493
0.041782
0.041728
0.041670
0.041627
0.041659
0.041722
0.041667
0.041687
0.042927
0.042353
0.041655
0.041688
0.041640
0.041680
0.041632
0.041639
0.041659
0.041632
0.042963
0.042454
0.041692
0.041748
0.041783
0.041660
0.041707
0.041798
0.041830
0.041722
0.042966
0.042398
0.041576
0.041613
0.041584
0.041571
0.041607
0.041657
0.041629
0.041634
0.042979
0.042455
0.041684
0.041704
0.041665
0.041668
0.041673
0.041643
0.041583
0.041666
0.042965
0.042468
0.041677
0.041670
0.041627
0.041671
0.041570
0.041571
0.041659
0.041718
0.042975
0.042417
0.041772
0.041626
0.041720
0.041772
0.041631
0.041665
0.041597
0.041645