total_time:
0.073838
0.001881
0.001914
0.001858
0.001870
0.001869
0.001871
0.001870
0.001948
0.001882
0.085140
0.002588
0.002597
0.002585
0.002581
0.002595
0.002582
0.002647
0.002645
0.002647
0.079101
0.001615
0.001596
0.001599
0.001622
0.001628
0.001610
0.001644
0.001667
0.001617
0.073911
0.001865
0.001883
0.001840
0.001867
0.001870
0.001858
0.001855
0.001868
0.001869
0.074635
0.001623
0.001606
0.001648
0.001624
0.001624
0.001612
0.001606
0.001618
0.001617
0.075807
0.001840
0.001854
0.001837
0.001842
0.001856
0.001832
0.001837
0.001845
0.001834
0.077344
0.001963
0.001990
0.001954
0.002022
0.001976
0.001973
0.001955
0.001995
0.001996
0.080088
0.002552
0.002548
0.002557
0.002549
0.002535
0.002563
0.002608
0.002612
0.002587
0.073327
0.001896
0.001868
0.001847
0.001876
0.001873
0.001868
0.001914
0.001979
0.001868
0.073257
0.002250
0.002252
0.002252
0.002241
0.002243
0.002280
0.002244
0.002279
0.002298