compile_opencl_time:
0.072051
0.073860
0.074088
0.071572
0.073720
0.072188
0.071534
0.072763
0.074680
0.072299
total_time:
0.001640
0.001030
0.000957
0.001052
0.000969
0.000966
0.001055
0.001038
0.001010
0.000989
0.002678
0.001310
0.001202
0.001212
0.001804
0.002049
0.001275
0.001257
0.001235
0.001245
0.002019
0.000987
0.000857
0.000852
0.000795
0.000833
0.000827
0.000835
0.000873
0.000869
0.001786
0.001499
0.000966
0.000971
0.000960
0.000953
0.000960
0.000988
0.000972
0.000994
0.002131
0.001020
0.000886
0.000845
0.000857
0.000836
0.000857
0.000828
0.000965
0.000931
0.001560
0.001049
0.000994
0.000975
0.000978
0.001010
0.000957
0.001026
0.000982
0.001002
0.001568
0.001079
0.001043
0.000996
0.001034
0.001019
0.000984
0.001012
0.001020
0.000984
0.001933
0.001344
0.001347
0.001273
0.001293
0.001332
0.001261
0.001309
0.001265
0.001276
0.002003
0.001037
0.000970
0.000979
0.000975
0.000965
0.000996
0.000984
0.001063
0.000998
0.001898
0.001195
0.001134
0.001133
0.001102
0.001164
0.001211
0.001196
0.001182
0.001162