total_time:
0.000368
0.000081
0.000082
0.000081
0.000080
0.000079
0.000083
0.000080
0.000095
0.000080
0.000542
0.000107
0.000114
0.000104
0.000104
0.000104
0.000103
0.000104
0.000102
0.000104
0.000594
0.000080
0.000079
0.000077
0.000078
0.000093
0.000078
0.000077
0.000077
0.000076
0.000474
0.000099
0.000095
0.000091
0.000098
0.000092
0.000089
0.000091
0.000091
0.000091
0.000601
0.000098
0.000086
0.000084
0.000086
0.000085
0.000084
0.000084
0.000084
0.000085
0.000621
0.000094
0.000094
0.000092
0.000094
0.000099
0.000092
0.000091
0.000091
0.000091
0.000354
0.000095
0.000093
0.000093
0.000092
0.000094
0.000098
0.000094
0.000092
0.000093
0.000598
0.000109
0.000114
0.000107
0.000104
0.000104
0.000104
0.000104
0.000104
0.000104
0.000501
0.000097
0.000111
0.000094
0.000094
0.000092
0.000093
0.000092
0.000093
0.000093
0.000486
0.000108
0.000105
0.000189
0.000106
0.000103
0.000104
0.000104
0.000104
0.000104