total_time:
0.000144
0.000120
0.000117
0.000117
0.000120
0.000121
0.000120
0.000123
0.000120
0.000120
0.000143
0.000132
0.000129
0.000140
0.000126
0.000127
0.000127
0.000127
0.000127
0.000127
0.000142
0.000135
0.000129
0.000149
0.000129
0.000128
0.000127
0.000127
0.000127
0.000127
0.000129
0.000133
0.000115
0.000116
0.000116
0.000116
0.000116
0.000116
0.000116
0.000119
0.000127
0.000119
0.000116
0.000114
0.000112
0.000113
0.000112
0.000112
0.000091
0.000091
0.000144
0.000132
0.000128
0.000136
0.000127
0.000127
0.000128
0.000128
0.000128
0.000128
0.000148
0.000133
0.000129
0.000128
0.000128
0.000127
0.000130
0.000128
0.000129
0.000128
0.000147
0.000135
0.000131
0.000129
0.000143
0.000130
0.000129
0.000129
0.000129
0.000129
0.000143
0.000133
0.000140
0.000127
0.000126
0.000127
0.000128
0.000128
0.000127
0.000127
0.000149
0.000136
0.000138
0.000132
0.000130
0.000130
0.000130
0.000130
0.000130
0.000130