total_time:
0.525729
0.434710
0.431578
0.430582
0.430582
0.430615
0.430573
0.430595
0.430716
0.430609
0.531489
0.440816
0.437656
0.438701
0.437626
0.437508
0.437636
0.437701
0.437515
0.437314
0.527585
0.435510
0.432105
0.432025
0.431925
0.431820
0.433216
0.431979
0.432040
0.431992
0.527727
0.436976
0.434036
0.433931
0.433926
0.434149
0.433977
0.434649
0.434183
0.434294
0.529016
0.437880
0.434553
0.433153
0.433316
0.433221
0.433310
0.433524
0.433206
0.433419
0.530260
0.437584
0.434413
0.434708
0.434452
0.434371
0.434305
0.434314
0.434365
0.434597
0.521598
0.431432
0.428348
0.428338
0.428152
0.428296
0.428179
0.428328
0.428386
0.428291
0.520481
0.429985
0.427215
0.426171
0.426250
0.426376
0.426296
0.426312
0.426214
0.426309
0.531886
0.441160
0.437867
0.437677
0.437882
0.437680
0.437649
0.437830
0.437824
0.437583
0.523840
0.433331
0.430240
0.430267
0.430064
0.430022
0.430279
0.430205
0.430062
0.429932