total_time:
0.006556
0.006483
0.006554
0.006517
0.006558
0.006562
0.006528
0.00656
0.006538
0.006671
0.006562
0.006601
0.006562
0.006509
0.006652
0.006548
0.006513
0.006521
0.006577
0.006587
0.00654
0.006575
0.006484
0.006675
0.006532
0.006571
0.006696
0.0066
0.006648
0.006605
0.006589
0.006526
0.006587
0.006584
0.006607
0.006582
0.006582
0.006541
0.006575
0.006588
0.006541
0.006537
0.006542
0.00653
0.006623
0.006622
0.006668
0.006573
0.006568
0.006614
0.006565
0.006578
0.006587
0.006526
0.006558
0.006601
0.006575
0.006513
0.00655
0.006565
0.00659
0.006586
0.006618
0.006686
0.006519
0.006553
0.006554
0.006625
0.006604
0.006574
0.0065
0.006498
0.006552
0.006491
0.006549
0.006593
0.006574
0.006565
0.006516
0.006529
0.006478
0.006536
0.0065
0.006568
0.006491
0.006485
0.006562
