compile_opencl_time:
0.124532
0.124358
0.132796
0.122873
0.125248
0.124495
0.124005
0.130358
0.123786
0.129798
total_time:
0.002616
0.002511
0.002392
0.00242
0.002313
0.002249
0.002367
0.002377
0.002365
0.002555
0.002415
0.002519
0.002377
0.00244
0.002389
0.002385
0.002401
0.002261
0.002612
0.002616
0.002448
0.002419
0.00243
0.002346
0.002374
0.002474
0.002393
0.002635
0.002469
0.002546
0.002479
0.002425
0.002467
0.002383
0.002376
0.002424
0.002603
0.00259
0.002417
0.00238
0.002339
0.002321
0.002275
0.002314
0.002291
0.002569
0.002416
0.00234
0.002354
0.002477
0.002336
0.002321
0.002355
0.002416
0.002579
0.002402
0.002421
0.002347
0.002372
0.002434
0.002375
0.002566
0.002366
0.002567
0.002632
0.002528
0.002472
0.002459
0.002515
0.002614
0.002424
0.002338
0.002411
0.002399
0.002361
0.00232
0.002317
0.002283
0.002559
0.002521
0.002519
0.002366
0.002269
0.002397
0.002448
0.002345
0.002317
