select_time:
0.000009
0.000009
0.000010
0.000009
0.000010
0.000010
0.000010
0.000009
0.000009
0.000010

total_time:
1.715446
1.610017
1.610754
1.610739
1.640466
1.620858
1.611705
1.658279
1.627319
1.620861
1.624187
1.542800
1.538204
1.529612
1.530175
1.532062
1.531704
1.531081
1.533742
1.535167
1.637275
1.566198
1.567474
1.568047
1.568836
1.567708
1.568491
1.568716
1.568842
1.567957
1.656925
1.583599
1.583471
1.583849
1.584275
1.583660
1.586330
1.588879
1.588687
1.585539
1.681077
1.610880
1.612153
1.609334
1.612663
1.614581
1.615557
1.614217
1.615757
1.615823
1.671511
1.600437
1.599648
1.600377
1.599889
1.600188
1.596335
1.596405
1.595852
1.595997
1.635354
1.566022
1.569937
1.565740
1.566689
1.566075
1.567307
1.567094
1.568622
1.566477
1.657478
1.588196
1.589382
1.587783
1.589847
1.590177
1.589870
1.588032
1.590075
1.595411
1.611413
1.539064
1.540938
1.537347
1.539425
1.540178
1.540795
1.539325
1.541101
1.542530
1.678308
1.610630
1.613568
1.613053
1.612759
1.612866
1.609915
1.629887
1.652150
1.615751
