total_time:
0.180232
0.184263
0.174661
0.169584
0.173164
0.177269
0.180202
0.173981
0.177469
0.181073
0.181955
0.182024
0.170039
0.168348
0.172915
0.173659
0.175878
0.176394
0.173887
0.175194
0.179865
0.186553
0.172079
0.17223
0.172665
0.17183
0.179491
0.180175
0.178426
0.177041
0.183902
0.189309
0.182407
0.182891
0.177943
0.183568
0.180398
0.180056
0.180665
0.182029
0.182688
0.175942
0.171543
0.177771
0.175309
0.17494
0.173134
0.171459
0.174644
0.180251
0.181231
0.171082
0.16881
0.168945
0.173501
0.171777
0.180622
0.181522
0.171519
0.185057
0.184366
0.177844
0.178603
0.179386
0.179356
0.175189
0.178603
0.174076
0.171605
0.179688
0.1852
0.177961
0.174461
0.178187
0.179429
0.174518
0.171649
0.172733
0.172537
0.181005
0.189884
0.171044
0.172124
0.173215
0.173009
0.175249
0.174708
0.173367
0.180689
0.1838
0.183415
0.166692
0.173277
0.17232
0.171926
0.168741
0.174592
0.169204
0.175617
