compile_opencl_time:
0.138795
0.140465
0.141258
0.140143
0.140168
0.138995
0.138246
0.140377
0.142123
total_time:
0.540475
0.530675
0.524589
0.522947
0.522507
0.520887
0.52084
0.527341
0.520019
0.526167
0.560173
0.417525
0.409118
0.402354
0.402344
0.401452
0.40077
0.401114
0.407473
0.407526
0.422977
0.42289
0.413559
0.411107
0.415793
0.409694
0.412619
0.420636
0.430674
0.415009
0.42002
0.425402
0.426453
0.405764
0.411289
0.404695
0.414069
0.412419
0.411223
0.408311
0.531648
0.527205
0.519557
0.506479
0.526833
0.523781
0.524124
0.524213
0.522817
0.52445
0.533856
0.515148
0.513861
0.494322
0.495164
0.516235
0.511955
0.514297
0.511416
0.495555
0.538492
0.532589
0.524493
0.52176
0.505083
0.524663
0.521982
0.522755
0.51953
0.522627
0.422145
0.685335
0.530995
0.406272
0.406996
0.407164
0.406236
0.407449
0.408533
0.406576
0.428272
0.447638
0.419189
0.412046
0.417978
0.411491
0.434097
0.419728
0.416092
0.418444
0.422412
0.413036
0.408166
0.406671
0.407382
0.407196
0.406493
0.408093
0.406412
0.407308
