compile_opencl_time:
0.078887
0.08414
0.08461
0.084526
0.081273
0.079398
0.084092
0.079554
0.08135
0.0813
total_time:
0.281643
0.299044
0.297643
0.294273
0.295231
0.299099
0.294166
0.290438
0.293216
0.287172
0.301654
0.303252
0.29771
0.288552
0.292958
0.291263
0.292663
0.286437
0.292936
0.287782
0.296235
0.306021
0.294797
0.301299
0.284972
0.299045
0.281375
0.294127
0.284648
0.292599
0.30609
0.293995
0.283818
0.295931
0.287834
0.294347
0.293223
0.291847
0.29242
0.292865
0.305218
0.298851
0.289501
0.288909
0.283882
0.281488
0.285388
0.284422
0.285232
0.284292
0.279799
0.285379
0.283589
0.283432
0.268362
0.279084
0.286695
0.282241
0.276549
0.27303
0.298183
0.298013
0.287658
0.295791
0.292021
0.296446
0.294266
0.292192
0.280769
0.287144
0.304427
0.288206
0.279505
0.30145
0.30178
0.289909
0.285316
0.290503
0.285814
0.307497
0.288021
0.283356
0.286977
0.290799
0.287878
0.295083
0.289524
0.282264
0.308203
0.313593
0.301832
0.313255
0.287435
0.298008
0.295336
0.308761
