total_time:
0.790727
0.794547
0.796876
0.792737
0.791454
0.792425
0.807497
0.832507
0.805775
0.791487
0.807644
0.799237
0.80788
0.821531
0.801757
0.805459
0.816998
0.828149
0.791521
0.797229
0.799337
0.796643
0.804229
0.803297
0.794399
0.793613
0.79697
0.800865
0.791956
0.789977
0.803091
0.798288
0.808534
0.79922
0.803965
0.815422
0.792252
0.792473
0.795955
0.793002
0.791246
0.808446
0.83046
0.804664
0.801517
0.791453
0.811211
0.800366
0.811926
0.803048
0.816383
0.801658
0.810937
0.833814
0.790484
0.791077
0.808971
0.80013
0.805912
0.80131
0.799834
0.795752
0.791729
0.794631
0.791695
0.791219
0.795186
0.79875
0.794538
0.792634
0.791025
0.801726
0.791238
0.793347
0.812293
0.804565
0.802009
0.822888
0.803219
0.81288
0.808002
0.800654
0.810458
0.800395
0.799334
0.800471
0.796109
0.799114
0.799436
