total_time:
0.092128
0.016196
0.015715
0.015570
0.015798
0.015868
0.015805
0.015581
0.015676
0.015584
0.094182
0.014832
0.014691
0.014797
0.014961
0.014868
0.015042
0.014651
0.014615
0.014461
0.102348
0.016296
0.015220
0.015363
0.015410
0.015025
0.014818
0.014822
0.014745
0.014767
0.085369
0.014700
0.014701
0.014702
0.014753
0.014979
0.014580
0.014475
0.014389
0.014506
0.096189
0.016217
0.016134
0.014102
0.014790
0.014777
0.014795
0.014776
0.014735
0.014755
0.089270
0.015861
0.015738
0.015654
0.015696
0.015588
0.015585
0.015700
0.015655
0.015677
0.091407
0.016529
0.016283
0.016293
0.016385
0.016358
0.016278
0.016162
0.016243
0.015926
0.090830
0.015357
0.015024
0.014753
0.014831
0.014761
0.014672
0.014617
0.014758
0.014736
0.091096
0.015991
0.015815
0.014738
0.014509
0.015657
0.015064
0.016194
0.015045
0.015102
0.089744
0.014666
0.014840
0.014762
0.014779
0.014785
0.014651
0.014701
0.014681
0.014668