total_time:
1.151777
1.149527
1.156694
1.15248
1.152292
1.152467
1.153038
1.153502
1.159959
1.153366
1.143667
1.15497
1.158299
1.161955
1.153974
1.152384
1.157641
1.163785
1.144711
1.156906
1.144311
1.146055
1.161875
1.147912
1.141831
1.147074
1.154858
1.166387
1.16799
1.169525
1.172046
1.165969
1.179845
1.173991
1.173991
1.176716
1.212546
1.143413
1.140564
1.143585
1.150494
1.142534
1.151509
1.174105
1.179915
1.177322
1.149406
1.145884
1.144107
1.151324
1.15253
1.152893
1.158102
1.151825
1.160448
1.158252
1.145566
1.150748
1.155101
1.146484
1.147438
1.151073
1.156273
1.167601
1.172746
1.177728
1.176109
1.175235
1.177948
1.175141
1.185022
1.182435
1.18741
1.150929
1.153023
1.150603
1.160498
1.160177
1.15318
1.15406
1.155056
1.150334
1.18654
1.180933
1.181507
1.188432
1.17788
1.185876
1.152079
1.153141
1.157906
