total_time:
0.517094
0.518308
0.511244
0.507726
0.504122
0.514861
0.517652
0.517192
0.52124
0.507871
0.519178
0.528086
0.516578
0.522022
0.51791
0.517504
0.524345
0.512303
0.52129
0.511266
0.525863
0.514793
0.504317
0.502379
0.50779
0.502355
0.51344
0.515893
0.508602
0.512044
0.511711
0.523283
0.510841
0.52428
0.513014
0.506431
0.514437
0.510538
0.508493
0.505223
0.502493
0.506393
0.503294
0.513093
0.514933
0.517958
0.527191
0.518915
0.508689
0.507021
0.525546
0.519584
0.509304
0.511365
0.504217
0.510338
0.505038
0.508918
0.505307
0.509095
0.505712
0.516334
0.523174
0.507289
0.515715
0.516847
0.509129
0.522091
0.51476
0.516764
0.508957
0.506951
0.514524
0.513427
0.530074
0.517815
0.507426
0.503912
0.508247
0.532806
0.519387
0.51588
0.508941
0.508034
0.509802
0.506348
0.508806
0.504688
0.509503
0.505334
