compile_opencl_time:
0.002294
0.002223
0.002252
0.002298
0.002178
0.002197
0.002244
0.002274
0.002225
0.002259
total_time:
0.207758
0.206222
0.200337
0.200356
0.200378
0.200283
0.200283
0.200447
0.200144
0.200312
0.205862
0.204529
0.198567
0.198572
0.198597
0.198538
0.198610
0.198674
0.198347
0.198597
0.202912
0.200669
0.195051
0.195252
0.195085
0.195052
0.195115
0.195200
0.195210
0.195238
0.200665
0.199314
0.193396
0.193284
0.193267
0.193067
0.193089
0.193043
0.193156
0.193046
0.203764
0.203539
0.197690
0.197639
0.197635
0.197624
0.197646
0.197693
0.197615
0.197479
0.200378
0.199080
0.193401
0.193186
0.193417
0.193323
0.193275
0.193206
0.193110
0.193199
0.209277
0.207575
0.201878
0.201880
0.201848
0.201878
0.201881
0.201761
0.201784
0.201712
0.211193
0.209906
0.204147
0.204342
0.204200
0.204227
0.204136
0.203977
0.204202
0.204192
0.199821
0.198997
0.193257
0.193310
0.193226
0.193188
0.193266
0.193255
0.193163
0.193314
0.196352
0.195223
0.189522
0.189459
0.189383
0.189350
0.189335
0.189390
0.189406
0.189378