compile_opencl_time:
0.002141
0.002247
0.002201
0.002148
0.002099
0.002204
0.002276
0.002184
0.002211
0.002162
total_time:
0.002253
0.002223
0.002188
0.002143
0.00214
0.002138
0.002139
0.002147
0.002147
0.002144
0.002204
0.002165
0.002189
0.002158
0.002154
0.002239
0.002204
0.002164
0.00222
0.002242
0.002186
0.00215
0.002166
0.002191
0.002193
0.002169
0.002147
0.002179
0.002144
0.002247
0.002197
0.002195
0.002188
0.002191
0.002201
0.002206
0.002207
0.002208
0.002263
0.00218
0.002144
0.002142
0.00214
0.002142
0.002144
0.002148
0.00215
0.002149
0.002259
0.002221
0.002148
0.002169
0.002147
0.002146
0.002147
0.002184
0.002158
0.002154
0.002246
0.0022
0.002147
0.002144
0.002176
0.00219
0.002184
0.002141
0.002147
0.002138
0.002254
0.002179
0.002146
0.00214
0.002134
0.002163
0.002165
0.002149
0.002223
0.00214
0.002265
0.002192
0.002143
0.002185
0.002145
0.00214
0.002174
0.002187
0.002144
0.002165
0.002242
0.002166
0.002127
0.002127
0.002128
0.002128
0.002128
0.002132
0.002138
0.002168
