total_time:
0.322605
0.321054
0.324186
0.324627
0.324956
0.32324
0.320689
0.326554
0.326674
0.32563
0.32463
0.324812
0.325926
0.324596
0.326419
0.32894
0.327981
0.323952
0.32091
0.325596
0.32184
0.320777
0.319933
0.319834
0.325163
0.323468
0.325508
0.324034
0.327457
0.325618
0.32284
0.321158
0.32122
0.320471
0.320596
0.323584
0.322477
0.321519
0.321226
0.320747
0.32121
0.32263
0.321485
0.321117
0.320973
0.321272
0.319984
0.321351
0.321177
0.319498
0.31956
0.319707
0.321776
0.320242
0.324533
0.323882
0.324635
0.324623
0.323654
0.32338
0.322889
0.323134
0.322878
0.325637
0.324067
0.32326
0.322727
0.323321
0.324359
0.323273
0.323081
0.322287
0.320536
0.319185
0.318754
0.319232
0.319491
0.319288
0.318978
0.319328
0.319563
0.322395
0.320645
0.320648
0.320747
0.320757
0.320797
0.320953
0.320972
0.321141
