total_time:
0.689095
0.682556
0.685222
0.689903
0.680891
0.676947
0.6806
0.6843
0.682867
0.664968
0.660864
0.661929
0.662698
0.663464
0.665684
0.662333
0.659816
0.657938
0.674046
0.673711
0.675869
0.677677
0.676012
0.667672
0.674139
0.672366
0.667488
0.657585
0.657863
0.655818
0.655091
0.660513
0.656805
0.65933
0.655596
0.655427
0.67779
0.672804
0.674187
0.67189
0.671302
0.674436
0.671795
0.673572
0.673014
0.65537
0.654615
0.653705
0.651943
0.655617
0.652874
0.656609
0.656571
0.657752
0.674706
0.670903
0.672975
0.670585
0.673164
0.675667
0.673045
0.673543
0.671282
0.662308
0.656025
0.656147
0.65665
0.655837
0.65643
0.657667
0.654547
0.6578
0.654972
0.653133
0.651398
0.652902
0.652811
0.652971
0.65098
0.651999
0.650117
0.655171
0.653185
0.651037
0.648857
0.650502
0.651741
0.651543
0.648933
0.650585
