total_time:
0.165896
0.075323
0.073444
0.073356
0.073364
0.073340
0.073286
0.073502
0.073425
0.073483
0.166076
0.075019
0.073477
0.073447
0.073123
0.073154
0.073357
0.073312
0.073316
0.073354
0.168166
0.075229
0.073329
0.073226
0.073156
0.073402
0.073302
0.073374
0.073283
0.073305
0.165033
0.074682
0.072933
0.073081
0.073073
0.073075
0.073034
0.073025
0.072985
0.073050
0.164605
0.075124
0.073485
0.073597
0.073270
0.073277
0.073411
0.073256
0.073399
0.073302
0.160970
0.074815
0.073434
0.072949
0.072935
0.073004
0.073042
0.073094
0.073159
0.073042
0.166884
0.074757
0.072926
0.072825
0.072913
0.073018
0.072989
0.073048
0.072947
0.073032
0.161206
0.074816
0.072815
0.072890
0.073034
0.073063
0.073016
0.073020
0.072950
0.072982
0.166443
0.074956
0.073484
0.073044
0.072879
0.073045
0.073032
0.072990
0.073165
0.073083
0.162603
0.074770
0.072864
0.072897
0.072856
0.072980
0.073023
0.072998
0.073067
0.073078