total_time:
0.629443
0.562933
0.563477
0.562855
0.563554
0.562716
0.564089
0.562925
0.563403
0.562927
0.632866
0.563276
0.564922
0.563515
0.563955
0.563921
0.563396
0.563573
0.563604
0.563418
0.628936
0.561982
0.563086
0.562698
0.562675
0.563008
0.562276
0.563091
0.562525
0.562919
0.630334
0.563417
0.563004
0.563504
0.562914
0.564072
0.562959
0.563877
0.562800
0.563785
0.628764
0.560325
0.561243
0.561678
0.561091
0.562061
0.560739
0.561365
0.560877
0.560751
0.624340
0.560103
0.561664
0.559995
0.560509
0.563578
0.565500
0.561012
0.560116
0.560768
0.634842
0.564525
0.564163
0.564524
0.564274
0.564511
0.564289
0.565211
0.564385
0.564922
0.629529
0.564911
0.564837
0.565193
0.565005
0.565242
0.564505
0.565827
0.565500
0.564803
0.628166
0.563070
0.562912
0.563409
0.562867
0.562853
0.562574
0.563278
0.562468
0.563215
0.627748
0.561654
0.562533
0.561733
0.562395
0.561142
0.562002
0.562317
0.561803
0.562311