select_time:
0.000010
0.000010
0.000034
0.000010
0.000010
0.000010
0.000010
0.000009
0.000009
0.000009

total_time:
0.131226
0.169613
0.171827
0.178362
0.199357
0.203088
0.212525
0.204497
0.223866
0.238180
0.131219
0.168017
0.171819
0.184754
0.193304
0.200482
0.191506
0.234533
0.207944
0.222305
0.131752
0.164726
0.167064
0.179314
0.195254
0.195003
0.193909
0.211746
0.240497
0.222215
0.129080
0.166780
0.167522
0.181494
0.193100
0.207639
0.211743
0.210830
0.225465
0.214326
0.131875
0.162350
0.164598
0.176046
0.187259
0.205392
0.214353
0.210727
0.234150
0.216747
0.152757
0.193215
0.214578
0.259909
0.233995
0.249716
0.283323
0.261034
0.280455
0.312688
0.135934
0.178427
0.182002
0.203271
0.209776
0.253664
0.252067
0.272772
0.256204
0.259460
0.130508
0.173072
0.175272
0.195645
0.200648
0.219726
0.214312
0.241885
0.223572
0.223959
0.131923
0.166697
0.162294
0.172582
0.175376
0.176427
0.198805
0.202067
0.192311
0.197659
0.133386
0.159414
0.161629
0.168851
0.180415
0.191774
0.191930
0.201326
0.220495
0.201140
