total_time:
0.075154
0.003924
0.003759
0.003829
0.003843
0.003812
0.003868
0.003772
0.003693
0.003583
0.075378
0.003473
0.003264
0.003468
0.003523
0.003397
0.003454
0.003495
0.003367
0.003490
0.074251
0.003572
0.003631
0.003581
0.003482
0.003413
0.003519
0.003454
0.003432
0.003466
0.075383
0.004779
0.004026
0.004011
0.004288
0.004063
0.004047
0.004495
0.004498
0.004446
0.074135
0.003998
0.003878
0.003985
0.004004
0.003755
0.003577
0.003600
0.003596
0.003614
0.076890
0.003827
0.003865
0.003947
0.003897
0.003808
0.004026
0.003961
0.003893
0.003852
0.074162
0.003921
0.003901
0.003992
0.003976
0.003875
0.003893
0.003882
0.003869
0.003888
0.074449
0.003792
0.003890
0.003605
0.003849
0.003973
0.003930
0.003931
0.003918
0.003929
0.075478
0.003703
0.003386
0.003588
0.003521
0.003560
0.003589
0.003416
0.003517
0.003496
0.074814
0.003962
0.003917
0.003745
0.003966
0.003847
0.004003
0.003791
0.003763
0.004030