total_time:
0.070689
0.001260
0.001259
0.001233
0.001236
0.001236
0.001229
0.001242
0.001231
0.001259
0.073685
0.001243
0.001242
0.001231
0.001227
0.001236
0.001223
0.001236
0.001224
0.001233
0.072073
0.001242
0.001237
0.001261
0.001224
0.001227
0.001228
0.001248
0.001223
0.001272
0.079538
0.001298
0.001297
0.001288
0.001293
0.001279
0.001286
0.001291
0.001278
0.001282
0.072316
0.001243
0.001244
0.001232
0.001228
0.001225
0.001224
0.001231
0.001229
0.001234
0.078353
0.001299
0.001306
0.001297
0.001283
0.001280
0.001287
0.001287
0.001277
0.001289
0.072468
0.001257
0.001249
0.001243
0.001231
0.001244
0.001226
0.001244
0.001235
0.001254
0.072359
0.001240
0.001236
0.001225
0.001229
0.001231
0.001220
0.001231
0.001219
0.001230
0.078107
0.001243
0.001235
0.001225
0.001229
0.001224
0.001225
0.001231
0.001227
0.001238
0.071305
0.001257
0.001248
0.001245
0.001238
0.001245
0.001235
0.001246
0.001234
0.001245