total_time:
0.000175
0.000175
0.00017
0.000172
0.000175
0.000172
0.000167
0.000173
0.000172
0.000155
0.000153
0.000165
0.00015
0.00015
0.000149
0.00015
0.000149
0.000152
0.000145
0.000143
0.000148
0.000145
0.000153
0.000147
0.00016
0.000152
0.000163
0.00015
0.000148
0.000146
0.000144
0.000144
0.000148
0.000143
0.000142
0.000208
0.000195
0.000202
0.000196
0.000194
0.000194
0.000196
0.000204
0.000195
0.000157
0.000154
0.000155
0.000162
0.000158
0.000159
0.000158
0.000171
0.000154
0.000148
0.00016
0.000146
0.000144
0.000145
0.000144
0.000144
0.000145
0.000159
0.000154
0.000162
0.000155
0.000152
0.000152
0.000152
0.000156
0.000155
0.000141
0.000204
0.000139
0.00014
0.000139
0.000139
0.000136
0.000138
0.000145
0.000185
0.000181
0.000179
0.000177
0.000177
0.000185
0.000178
0.000174
0.000175
