total_time:
0.003464
0.003459
0.003443
0.003417
0.003447
0.003426
0.003439
0.003415
0.003422
0.00244
0.002397
0.002382
0.002376
0.002378
0.00238
0.00237
0.002381
0.002368
0.002319
0.002304
0.002298
0.002288
0.002294
0.002294
0.002309
0.002277
0.002283
0.002738
0.002772
0.002734
0.002758
0.002724
0.002746
0.002754
0.002703
0.002709
0.003462
0.003463
0.003539
0.003548
0.003451
0.003426
0.003474
0.003491
0.003475
0.002512
0.002525
0.002515
0.002509
0.00259
0.002498
0.002515
0.002547
0.002553
0.002848
0.002847
0.002853
0.002835
0.002851
0.002856
0.00284
0.002865
0.002879
0.002947
0.00294
0.002922
0.002928
0.002928
0.002937
0.002922
0.002981
0.003034
0.002664
0.002686
0.002647
0.00264
0.002647
0.002646
0.002676
0.002658
0.00266
0.003096
0.003096
0.003097
0.003173
0.003108
0.003192
0.003075
0.003082
0.003149
