compile_opencl_time:
0.002241
0.002393
0.002271
0.002308
0.002339
0.00241
0.002281
0.002276
0.00233
0.002336
total_time:
0.931124
0.931367
0.93136
0.931353
0.931431
0.931114
0.931152
0.930984
0.931121
0.930098
0.930381
0.930795
0.930938
0.930718
0.931
0.930874
0.930946
0.931104
0.929527
0.930161
0.930266
0.930327
0.930362
0.930525
0.930742
0.930595
0.930306
0.929393
0.929757
0.929933
0.929797
0.929741
0.930129
0.930014
0.930345
0.930243
0.929963
0.931478
0.931566
0.931362
0.931886
0.931629
0.931336
0.93122
0.931511
0.929347
0.93015
0.929815
0.929725
0.930248
0.929975
0.929939
0.929662
0.930377
0.929883
0.930188
0.930653
0.93033
0.930269
0.930206
0.930091
0.930135
0.930403
0.929735
0.930738
0.931591
0.931651
0.931432
0.931317
0.931118
0.930895
0.931392
0.930929
0.928571
0.928899
0.928463
0.928614
0.92878
0.928549
0.928904
0.928855
0.928158
0.930165
0.930692
0.930869
0.930529
0.930549
0.930639
0.930639
0.930739
0.930494
