total_time:
0.062525
0.061477
0.061426
0.061416
0.061374
0.061343
0.061337
0.061466
0.061386
0.062149
0.061209
0.061108
0.061039
0.061018
0.061088
0.061217
0.061218
0.061116
0.06222
0.06116
0.061263
0.061152
0.061201
0.06121
0.061271
0.061132
0.061296
0.06203
0.061082
0.061002
0.061057
0.061335
0.061295
0.061207
0.061205
0.061214
0.062338
0.061361
0.061359
0.062193
0.06192
0.062009
0.06205
0.062111
0.061911
0.062238
0.061447
0.061477
0.061484
0.061376
0.06124
0.061323
0.061464
0.061503
0.062296
0.061317
0.061401
0.061386
0.061273
0.061364
0.062105
0.061925
0.061868
0.06207
0.061105
0.060946
0.06088
0.060908
0.060977
0.061127
0.061124
0.060976
0.062061
0.060994
0.0609
0.060889
0.060955
0.061059
0.061077
0.060997
0.061094
0.062228
0.061263
0.061173
0.061164
0.06124
0.061292
0.061214
0.061172
0.061228
