total_time:
0.053181
0.053069
0.053121
0.052784
0.052828
0.052872
0.052795
0.05284
0.052706
0.052384
0.052397
0.052223
0.052397
0.052344
0.052277
0.052425
0.052772
0.052633
0.052383
0.052386
0.052358
0.052278
0.052401
0.052404
0.052694
0.052622
0.052273
0.052285
0.05224
0.052374
0.052384
0.052234
0.052074
0.052092
0.052077
0.052118
0.051953
0.052052
0.052054
0.052043
0.053249
0.05295
0.052944
0.052919
0.052963
0.052965
0.052915
0.053059
0.05227
0.05233
0.052019
0.052006
0.052083
0.05212
0.052041
0.052133
0.052568
0.052256
0.052225
0.052177
0.052215
0.052188
0.052123
0.052244
0.05238
0.05233
0.052167
0.052133
0.052142
0.052016
0.052056
0.052079
0.052717
0.052467
0.052459
0.052429
0.05242
0.052317
0.052367
0.052355
