compile_opencl_time:
0.002398
0.002271
0.002293
0.002329
0.002362
0.002313
0.002292
0.002304
0.002358
0.002300
total_time:
0.268507
0.267721
0.260543
0.260747
0.260676
0.260701
0.260576
0.260493
0.260545
0.260547
0.268096
0.266722
0.259773
0.259716
0.259527
0.259715
0.259565
0.259468
0.259627
0.259575
0.266861
0.265490
0.258243
0.258268
0.258113
0.258360
0.258151
0.258335
0.258299
0.258094
0.274225
0.272321
0.265108
0.265040
0.265091
0.264912
0.264878
0.264978
0.265059
0.264988
0.269474
0.268002
0.260270
0.260269
0.260305
0.260262
0.260235
0.260249
0.260181
0.260194
0.270245
0.268484
0.261115
0.261234
0.261070
0.260992
0.261085
0.261106
0.261149
0.261151
0.270288
0.269745
0.262665
0.262491
0.262446
0.262518
0.262645
0.262546
0.262628
0.262353
0.265166
0.264550
0.257387
0.257409
0.257392
0.257257
0.257423
0.257214
0.257156
0.257253
0.271700
0.270063
0.262953
0.262885
0.262877
0.263022
0.262914
0.262812
0.262797
0.262860
0.271284
0.269507
0.262517
0.262233
0.262491
0.262209
0.262651
0.262281
0.262523
0.262496