total_time:
0.076998
0.000822
0.000819
0.000842
0.000823
0.000820
0.000820
0.000822
0.000829
0.000821
0.070175
0.000965
0.000954
0.000996
0.000960
0.000950
0.000961
0.000961
0.000961
0.000945
0.075424
0.000927
0.000876
0.000876
0.000873
0.000871
0.000894
0.000869
0.000874
0.000870
0.070107
0.000757
0.000733
0.000736
0.000805
0.000751
0.000758
0.000752
0.000764
0.000751
0.072450
0.001019
0.001007
0.001004
0.001011
0.001001
0.001011
0.001008
0.001035
0.001040
0.077461
0.001215
0.001213
0.001198
0.001197
0.001207
0.001204
0.001196
0.001204
0.001212
0.072274
0.000773
0.000730
0.000736
0.000753
0.000748
0.000748
0.000744
0.000753
0.000746
0.071979
0.000888
0.000890
0.000925
0.000903
0.000901
0.000884
0.000888
0.000879
0.000875
0.072043
0.000820
0.000812
0.000806
0.000840
0.000827
0.000825
0.000823
0.000839
0.000822
0.071102
0.000808
0.000825
0.000830
0.000820
0.000828
0.000818
0.000849
0.000834
0.000822