select_time:
0.000008
0.000007
0.000006
0.000005
0.000007
0.000006
0.000020
0.000007
0.000007
0.000010

total_time:
0.000329
0.000064
0.000059
0.000059
0.000059
0.000057
0.000055
0.000054
0.000057
0.000057
0.000328
0.000061
0.000061
0.000060
0.000058
0.000060
0.000061
0.000059
0.000062
0.000080
0.000347
0.000061
0.000056
0.000055
0.000057
0.000053
0.000053
0.000055
0.000054
0.000056
0.000312
0.000056
0.000055
0.000052
0.000052
0.000053
0.000051
0.000052
0.000052
0.000053
0.000369
0.000057
0.000059
0.000055
0.000056
0.000056
0.000054
0.000059
0.000056
0.000053
0.000323
0.000065
0.000063
0.100015
0.157996
0.167993
0.143998
0.150997
0.149998
0.157998
0.000998
0.000260
0.000217
0.000209
0.000212
0.000228
0.000207
0.000194
0.000187
0.000188
0.000379
0.000075
0.000067
0.000068
0.000073
0.000071
0.000069
0.000070
0.000068
0.000069
0.000376
0.000069
0.000067
0.000064
0.000063
0.000062
0.000065
0.000065
0.000062
0.000062
0.000370
0.000060
0.000058
0.000055
0.000055
0.000055
0.000055
0.000055
0.000057
0.000057
