total_time:
1.109043
1.106953
1.107111
1.106092
1.105839
1.105496
1.106567
1.107424
1.10729
1.156214
1.063303
1.062414
1.062267
1.061876
1.061978
1.061312
1.062406
1.061594
1.061048
1.137508
1.13407
1.133916
1.134501
1.133487
1.133286
1.133755
1.133191
1.134384
1.136842
1.135082
1.135106
1.134831
1.135467
1.135253
1.13559
1.135478
1.135525
1.134644
1.13253
1.132254
1.13359
1.132495
1.132839
1.132434
1.133288
1.132931
1.16386
1.070629
1.068726
1.068275
1.068093
1.067888
1.068399
1.067608
1.068352
1.068172
1.102777
1.100503
1.099757
1.100293
1.099608
1.100009
1.100051
1.099782
1.100483
1.149025
1.148411
1.146737
1.146568
1.147153
1.147707
1.146996
1.147252
1.147067
1.129705
1.128933
1.127647
1.128213
1.127832
1.128299
1.127588
1.128336
1.127353
1.108185
1.105612
1.104937
1.105079
1.105568
1.105535
1.104795
1.104544
1.109729
