compile_opencl_time:
0.08037
0.077994
0.080917
0.081274
0.079934
0.082773
0.079391
0.079023
0.081188
total_time:
0.019259
0.019201
0.019775
0.018905
0.018918
0.01973
0.019526
0.019345
0.019679
0.019608
0.018965
0.020299
0.018461
0.018962
0.019283
0.019008
0.019093
0.018747
0.018803
0.018657
0.019105
0.018903
0.018785
0.019212
0.018282
0.017711
0.018061
0.018281
0.01982
0.018953
0.019646
0.018461
0.020019
0.019618
0.019885
0.018892
0.019743
0.01978
0.018776
0.019339
0.01934
0.01842
0.018142
0.018608
0.019717
0.018782
0.018875
0.018477
0.019597
0.018592
0.018406
0.019187
0.019178
0.018268
0.018994
0.018831
0.020006
0.018813
0.01952
0.018437
0.017895
0.018364
0.018203
0.018046
0.018867
0.018048
0.018596
0.018777
0.019188
0.018295
0.01841
0.018377
0.017809
0.017646
0.018209
0.018711
0.019221
0.018439
0.018874
0.019132
0.017763
0.017945
0.018991
0.019335
0.020415
0.019388
0.020132
0.018525
0.018527
0.020004
0.018437
0.018505
0.018792
0.019778
0.019417
0.019051
0.019009
0.019594
