total_time:
0.136533
0.137407
0.136433
0.136277
0.137677
0.137614
0.137803
0.136191
0.137199
0.135753
0.13585
0.136289
0.134268
0.134298
0.135501
0.133944
0.136069
0.13487
0.137244
0.136194
0.136275
0.136187
0.136116
0.136125
0.13556
0.135619
0.135318
0.137507
0.137781
0.137393
0.135987
0.13581
0.135729
0.136244
0.134882
0.135312
0.136487
0.138568
0.137595
0.138162
0.13702
0.136735
0.136955
0.137279
0.137803
0.136282
0.135819
0.135826
0.139507
0.136036
0.136093
0.136635
0.137017
0.136781
0.137014
0.136653
0.135816
0.137374
0.135952
0.135715
0.135833
0.13653
0.136131
0.134269
0.133874
0.133639
0.133382
0.133823
0.133855
0.13392
0.133439
0.134701
0.132273
0.132355
0.132743
0.132131
0.133744
0.132202
0.133626
0.133032
0.133045
0.13954
0.141215
0.14047
0.13396
0.134788
0.133391
0.132683
0.133182
0.133448
