compile_opencl_time:
0.002285
0.002268
0.002262
0.002314
0.00232
0.00224
0.002355
0.002353
0.002206
0.002339
total_time:
0.056373
0.056504
0.056401
0.056375
0.05637
0.056409
0.056232
0.056329
0.056437
0.056484
0.05643
0.056349
0.056464
0.056397
0.056386
0.056446
0.056856
0.056262
0.05616
0.056277
0.056261
0.056264
0.056213
0.056231
0.056299
0.056834
0.056266
0.056213
0.056128
0.056144
0.056255
0.056188
0.056174
0.056181
0.056487
0.056504
0.056478
0.056562
0.056496
0.05649
0.056465
0.056473
0.056207
0.056255
0.056293
0.056329
0.056201
0.056285
0.05622
0.056242
0.056543
0.056561
0.056456
0.056651
0.056571
0.056536
0.05643
0.056469
0.056815
0.056091
0.056121
0.056133
0.056141
0.056094
0.056329
0.056178
0.056163
0.056558
0.056544
0.056496
0.056497
0.056499
0.05647
0.056514
0.056395
0.056953
0.056346
0.056362
0.056324
0.056364
0.056332
0.05636
0.056336
0.056365
