total_time:
0.061853
0.061316
0.061277
0.061275
0.061462
0.061202
0.061223
0.061304
0.061253
0.06161
0.061033
0.060937
0.061002
0.061036
0.060927
0.060912
0.060918
0.061013
0.062126
0.06155
0.06147
0.06139
0.06138
0.061421
0.061453
0.06148
0.06136
0.061807
0.060978
0.060922
0.060985
0.061017
0.061017
0.061634
0.062049
0.061447
0.061224
0.061223
0.061257
0.061312
0.061311
0.061586
0.061217
0.061994
0.06139
0.061419
0.061439
0.061544
0.061324
0.061159
0.061341
0.061193
0.061674
0.061098
0.061076
0.061015
0.061055
0.060991
0.060987
0.061019
0.061051
0.061508
0.061571
0.061484
0.061456
0.061477
0.061527
0.061545
0.061589
0.061835
0.061264
0.061251
0.061227
0.061181
0.061165
0.061273
0.061213
0.06129
0.061573
0.061547
0.061677
0.061258
0.061353
0.061176
0.06121
0.061205
