total_time:
0.147605
0.075984
0.074758
0.074083
0.074934
0.075254
0.075012
0.075310
0.074510
0.074902
0.144003
0.074605
0.073302
0.073266
0.072928
0.073209
0.073743
0.073592
0.074185
0.073134
0.154964
0.077746
0.076804
0.076149
0.076345
0.076531
0.076160
0.075801
0.075783
0.075889
0.150182
0.075594
0.075258
0.075122
0.074931
0.075021
0.074852
0.075189
0.075047
0.075191
0.146359
0.073926
0.073133
0.072496
0.072613
0.071905
0.072396
0.072828
0.072687
0.072703
0.143686
0.073309
0.072905
0.072925
0.072988
0.072853
0.072188
0.073173
0.072721
0.072789
0.149477
0.077067
0.076603
0.076921
0.076466
0.075745
0.076651
0.075742
0.076181
0.075924
0.151841
0.079331
0.077877
0.076899
0.077201
0.077023
0.077099
0.076809
0.076912
0.077478
0.150043
0.075561
0.074760
0.073862
0.074260
0.074177
0.074335
0.074614
0.074032
0.074298
0.150321
0.076630
0.075973
0.076575
0.075987
0.075753
0.075410
0.075521
0.076308
0.075415