total_time:
0.144308
0.143775
0.143377
0.141830
0.142031
0.140775
0.141809
0.141696
0.141898
0.141246
0.148149
0.146688
0.145180
0.146036
0.144803
0.145355
0.145570
0.145032
0.145940
0.145167
0.150437
0.148162
0.146678
0.146492
0.146774
0.146909
0.146740
0.145786
0.146788
0.146457
0.146334
0.144579
0.143907
0.144413
0.143596
0.142280
0.143473
0.142263
0.143602
0.144801
0.145984
0.154171
0.142770
0.144231
0.143586
0.144801
0.143205
0.142745
0.147777
0.145957
0.148326
0.147577
0.146265
0.144060
0.144243
0.145819
0.145543
0.144623
0.144478
0.146158
0.148105
0.147927
0.145002
0.144154
0.143738
0.144040
0.143917
0.144060
0.143161
0.145093
0.147415
0.145304
0.144572
0.143854
0.143955
0.144431
0.143445
0.144344
0.144002
0.143964
0.146070
0.146040
0.145109
0.144813
0.144364
0.144735
0.144364
0.144021
0.143521
0.145356
0.147824
0.147625
0.147237
0.146936
0.145600
0.147247
0.145464
0.146405
0.146913
0.147175