total_time:
1.180020
1.108645
1.104161
1.108463
1.116117
1.104637
1.108314
1.119226
1.117912
1.120695
1.207640
1.127464
1.123032
1.118875
1.119989
1.118582
1.125551
1.123670
1.123447
1.127704
1.194850
1.127241
1.125708
1.116277
1.109818
1.142833
1.122823
1.118447
1.117577
1.122425
1.178267
1.100803
1.102393
1.108205
1.108242
1.108878
1.109981
1.109399
1.104507
1.106435
1.180738
1.110698
1.116534
1.117396
1.114888
1.113444
1.120161
1.122823
1.115805
1.113091
1.188401
1.119411
1.121869
1.119490
1.123767
1.113820
1.127656
1.119605
1.128355
1.125026
1.183812
1.111114
1.110273
1.112514
1.109474
1.117931
1.118780
1.115556
1.112691
1.112867
1.197959
1.112813
1.110518
1.122523
1.116387
1.116318
1.118273
1.120271
1.123222
1.115110
1.232154
1.146154
1.137700
1.143660
1.149987
1.141531
1.160807
1.143521
1.145321
1.143679
1.226318
1.152881
1.150562
1.150147
1.152977
1.153873
1.142335
1.143834
1.151600
1.146489