total_time:
0.493232
0.402825
0.399659
0.398080
0.398299
0.398488
0.398305
0.398049
0.398422
0.398143
0.512479
0.418418
0.415179
0.412521
0.412450
0.412437
0.412458
0.412439
0.412404
0.412381
0.511359
0.416695
0.413492
0.411953
0.411882
0.411980
0.411930
0.411903
0.411812
0.411757
0.494728
0.403245
0.399915
0.398669
0.398652
0.398913
0.398726
0.398629
0.398771
0.398916
0.509176
0.418631
0.415537
0.412957
0.412803
0.413024
0.413092
0.412971
0.413125
0.413249
0.516640
0.426405
0.423240
0.421714
0.421814
0.421755
0.421813
0.421770
0.421935
0.421715
0.499941
0.408898
0.405798
0.404333
0.404398
0.404363
0.404434
0.404525
0.404236
0.404318
0.504153
0.414679
0.411479
0.409959
0.410106
0.410204
0.410039
0.410088
0.410149
0.410111
0.495534
0.404979
0.402064
0.400846
0.400516
0.400720
0.400515
0.400588
0.400847
0.400500
0.499671
0.408408
0.405304
0.402749
0.402933
0.402792
0.403138
0.402872
0.402728
0.402960