compile_opencl_time:
0.086094
0.085093
0.080434
0.084422
0.082994
0.079403
0.081607
0.084352
0.080121
0.079088
total_time:
0.209218
0.209104
0.184842
0.186801
0.185129
0.184141
0.190985
0.187907
0.185422
0.185425
0.224482
0.219298
0.200428
0.194468
0.194687
0.206483
0.194140
0.196546
0.198919
0.193888
0.207380
0.212773
0.195744
0.189477
0.204344
0.199888
0.197416
0.195263
0.196360
0.196852
0.202275
0.205946
0.196051
0.195304
0.196465
0.191362
0.190734
0.190950
0.191804
0.192091
0.208948
0.203879
0.200918
0.195124
0.199989
0.199157
0.195795
0.195803
0.199823
0.204856
0.217037
0.207839
0.198821
0.203939
0.199066
0.202333
0.201509
0.203255
0.201046
0.199052
0.205946
0.212549
0.201163
0.196755
0.197951
0.193405
0.203391
0.202430
0.198444
0.198790
0.215970
0.214646
0.203900
0.204587
0.210733
0.202998
0.204323
0.203310
0.209619
0.204590
0.206867
0.196411
0.191000
0.185405
0.193836
0.185556
0.187480
0.187877
0.195862
0.194392
0.252863
0.237497
0.209308
0.196698
0.202200
0.197287
0.201516
0.207496
0.208295
0.206512