select_time:
0.000009
0.000012
0.000012
0.000012
0.000012
0.000010
0.000010
0.000013
0.000011
0.000009

total_time:
0.134357
0.162317
0.167241
0.207966
0.229393
0.252105
0.244403
0.267150
0.256991
0.246437
0.145540
0.178624
0.177718
0.216189
0.247953
0.257636
0.257110
0.270338
0.240087
0.256118
0.142334
0.177242
0.174353
0.219664
0.239381
0.243813
0.249703
0.236733
0.254746
0.251694
0.131904
0.156927
0.158480
0.183522
0.226027
0.233132
0.233320
0.237183
0.223551
0.245131
0.138348
0.179206
0.175474
0.200873
0.242092
0.248932
0.249193
0.241132
0.253310
0.250465
0.145266
0.180165
0.178659
0.202710
0.236721
0.229318
0.255160
0.261219
0.259456
0.258957
0.137398
0.171715
0.169437
0.192734
0.232634
0.229463
0.242245
0.241643
0.239163
0.238791
0.186705
0.231594
0.270891
0.304915
0.321124
0.309197
0.312021
0.300014
0.286850
0.291965
0.154616
0.185311
0.183718
0.256972
0.276501
0.286074
0.275137
0.246106
0.278489
0.278544
0.145263
0.179639
0.178459
0.220319
0.238340
0.236393
0.260795
0.243066
0.254428
0.254724
