compile_opencl_time:
0.075758
0.073995
0.074717
0.07396
0.073668
0.073827
0.073376
0.073844
0.075131
total_time:
0.001509
0.001428
0.001431
0.001381
0.001417
0.001427
0.001429
0.001352
0.001405
0.001274
0.001324
0.001275
0.001264
0.001328
0.001255
0.001295
0.001261
0.001232
0.001279
0.001242
0.001249
0.001234
0.001256
0.001482
0.001373
0.001388
0.001455
0.001376
0.001354
0.001388
0.001285
0.001318
0.001277
0.001268
0.001246
0.001213
0.001129
0.001088
0.001109
0.001117
0.001151
0.001362
0.001332
0.001303
0.001317
0.001326
0.001378
0.001339
0.001378
0.001331
0.001375
0.001421
0.001369
0.001363
0.001323
0.00134
0.00131
0.001295
0.001292
0.001416
0.001377
0.001379
0.001373
0.00137
0.00137
0.001337
0.001375
0.001198
0.001244
0.001211
0.00133
0.001178
0.001168
0.001203
0.001165
0.001138
0.001313
0.001229
0.001231
0.001238
0.001223
0.001397
0.001131
0.001177
0.001174
