compile_opencl_time:
0.132835
0.125839
0.124407
0.134967
0.137391
0.12662
0.127193
0.127143
0.126775
0.127677
total_time:
0.002017
0.001924
0.001862
0.001833
0.001818
0.001936
0.00177
0.001756
0.001948
0.001889
0.001631
0.002105
0.001691
0.00211
0.00169
0.001785
0.001618
0.001596
0.001668
0.001687
0.00195
0.001846
0.001693
0.001694
0.001632
0.002004
0.001601
0.001975
0.002005
0.001728
0.001736
0.001725
0.001647
0.001913
0.001731
0.001615
0.001748
0.001564
0.001888
0.001579
0.001551
0.001551
0.001691
0.001522
0.001745
0.001858
0.001792
0.001724
0.001773
0.001985
0.001816
0.001783
0.001714
0.001722
0.00189
0.001875
0.001807
0.001726
0.002067
0.001959
0.001896
0.001836
0.001847
0.002115
0.00188
0.001985
0.001869
0.002083
0.001897
0.002126
0.001915
0.001804
0.001928
0.001784
0.001468
0.001464
0.001833
0.001512
0.001742
0.001571
0.001492
0.001844
0.00175
0.001568
0.001467
0.001683
0.001411
0.001642
0.001364
0.001649
