total_time:
0.002031
0.002013
0.002009
0.002009
0.002008
0.002006
0.002033
0.002018
0.002039
0.001811
0.001791
0.001788
0.001794
0.001802
0.001788
0.001791
0.00179
0.001789
0.001887
0.001887
0.001886
0.001925
0.001953
0.001896
0.001885
0.001879
0.00188
0.001888
0.001884
0.001902
0.001877
0.00188
0.001874
0.001871
0.001911
0.001909
0.001851
0.00182
0.001831
0.001812
0.001852
0.00182
0.001825
0.001831
0.001823
0.00203
0.001989
0.002001
0.001996
0.002015
0.001972
0.001991
0.002004
0.002032
0.002008
0.001969
0.001991
0.001976
0.001997
0.001983
0.001974
0.001983
0.002001
0.002155
0.002127
0.002141
0.002124
0.002129
0.002123
0.002134
0.002127
0.002123
0.001735
0.001742
0.001734
0.00173
0.001736
0.001721
0.00171
0.00173
0.001731
0.001675
0.001695
0.001659
0.00163
0.001655
0.001645
0.001642
0.001646
0.001689
