total_time:
0.001266
0.001257
0.001257
0.00125
0.001252
0.001251
0.001251
0.001246
0.00125
0.001159
0.001183
0.001141
0.001134
0.001138
0.001131
0.001138
0.001134
0.001134
0.001177
0.001206
0.001185
0.001158
0.001155
0.001154
0.001158
0.001155
0.001153
0.001181
0.001178
0.001178
0.001175
0.00117
0.001172
0.00117
0.001169
0.001168
0.001119
0.001106
0.001108
0.001112
0.001101
0.001098
0.001131
0.001098
0.001102
0.001276
0.001263
0.001264
0.001258
0.001254
0.001255
0.001256
0.001255
0.001268
0.001246
0.001235
0.00127
0.001234
0.001232
0.001236
0.001262
0.001235
0.001231
0.001307
0.001317
0.001292
0.001289
0.001289
0.001291
0.001293
0.001312
0.00129
0.00113
0.001109
0.00113
0.001128
0.001103
0.001099
0.001105
0.001103
0.001102
0.001081
0.001101
0.001073
0.001067
0.001069
0.001068
0.001071
0.001067
0.00107
