total_time:
0.013806
0.014863
0.014792
0.014133
0.013835
0.013386
0.01299
0.013132
0.013154
0.014327
0.013976
0.013933
0.012885
0.013131
0.013197
0.012733
0.01283
0.0131
0.009273
0.014223
0.014514
0.012835
0.014627
0.009489
0.008844
0.014019
0.012411
0.013723
0.013682
0.013054
0.010452
0.010407
0.01035
0.010403
0.010301
0.011799
0.011847
0.012372
0.011966
0.012315
0.011392
0.013788
0.015522
0.015076
0.013562
0.0134
0.013744
0.01441
0.014181
0.012537
0.015002
0.014625
0.014547
0.014549
0.014331
0.012103
0.012592
0.014183
0.014307
0.013536
0.012833
0.01222
0.012187
0.012303
0.012363
0.012882
0.012314
0.012716
0.013119
0.011575
0.013319
0.013526
0.011449
0.011273
0.012816
0.012322
0.011616
0.011567
0.011759
0.011549
0.011621
