total_time:
0.024765
0.024469
0.024567
0.024507
0.024497
0.02448
0.024519
0.024485
0.024489
0.024821
0.024557
0.024485
0.024485
0.024498
0.024513
0.024458
0.024508
0.024504
0.024843
0.024543
0.024495
0.02453
0.024517
0.024505
0.024459
0.024498
0.024534
0.024797
0.024511
0.024482
0.024433
0.024464
0.024496
0.024464
0.024478
0.024475
0.024749
0.024509
0.024524
0.024521
0.024441
0.024496
0.024517
0.024505
0.024433
0.024823
0.024559
0.024554
0.024548
0.024518
0.024523
0.024536
0.02454
0.024526
0.024738
0.024478
0.024448
0.024469
0.024432
0.024491
0.024436
0.024444
0.024482
0.024854
0.024532
0.024529
0.024569
0.024489
0.024498
0.024532
0.02451
0.024503
0.024735
0.024476
0.024445
0.024429
0.024456
0.024445
0.024432
0.02441
0.024442
0.024754
0.024701
0.024697
0.024758
0.024699
0.02469
0.02472
0.024701
