compile_opencl_time:
0.07862
0.078053
0.078063
0.078041
0.078427
0.079221
0.079302
0.078917
0.07834
0.079024
total_time:
0.007959
0.008551
0.007541
0.007502
0.007028
0.007819
0.008094
0.008108
0.008488
0.00811
0.007977
0.00779
0.007407
0.007965
0.007661
0.008103
0.008328
0.008033
0.008622
0.008093
0.007925
0.007617
0.007087
0.007631
0.007696
0.007866
0.007864
0.008132
0.007746
0.008757
0.007789
0.007675
0.008205
0.007694
0.007887
0.008308
0.007916
0.008381
0.00805
0.00805
0.007309
0.00726
0.007795
0.007966
0.007441
0.0077
0.007709
0.007682
0.007952
0.008134
0.007399
0.007451
0.007677
0.007868
0.007717
0.008641
0.008507
0.007576
0.008704
0.007371
0.007413
0.007496
0.007979
0.007367
0.008074
0.00811
0.00816
0.007984
0.007917
0.008128
0.008585
0.007623
0.008146
0.007554
0.007351
0.007297
0.00772
0.007496
0.008585
0.007799
0.007756
0.007536
0.008599
0.007827
0.008623
0.008221
0.008751
0.008365
0.008766
0.008382
0.007422
0.00724
0.007527
0.008024
0.008164
0.008008
0.007952
0.008183
