total_time:
0.022628
0.022619
0.022607
0.022594
0.022592
0.022593
0.022591
0.0226
0.022663
0.022622
0.022587
0.022578
0.022584
0.022602
0.022646
0.022631
0.022662
0.02265
0.022624
0.02263
0.022604
0.022594
0.022628
0.022654
0.022662
0.02263
0.022614
0.022592
0.02263
0.022596
0.022583
0.022622
0.022596
0.02263
0.022587
0.022633
0.022576
0.022616
0.022586
0.022599
0.022616
0.022652
0.022603
0.022628
0.022623
0.022598
0.022636
0.022612
0.022638
0.022684
0.022643
0.022664
0.022617
0.022591
0.022667
0.022587
0.02262
0.022668
0.022648
0.022579
0.022566
0.022581
0.022599
0.022613
0.022624
0.022618
0.0226
0.022601
0.022595
0.022597
0.022588
0.022593
0.02266
0.02266
0.022651
0.022675
0.02265
0.022639
0.022644
0.022647
