compile_opencl_time:
0.139368
0.139412
0.147462
0.138536
0.139715
0.137467
0.148197
0.137763
0.148608
0.146649
total_time:
0.015482
0.012582
0.013018
0.012972
0.012387
0.012321
0.012268
0.012644
0.012375
0.011746
0.013923
0.012122
0.011937
0.011704
0.011497
0.011848
0.011725
0.011701
0.01182
0.011655
0.015307
0.013583
0.01292
0.011852
0.013425
0.01208
0.012909
0.012448
0.013405
0.012151
0.014982
0.01568
0.01336
0.01257
0.014545
0.013429
0.012421
0.014462
0.012438
0.015097
0.013562
0.012738
0.013699
0.01489
0.012182
0.013248
0.015352
0.013315
0.013043
0.014132
0.013629
0.013392
0.01225
0.012196
0.012045
0.011949
0.013716
0.013241
0.013466
0.014668
0.012519
0.01323
0.012488
0.013416
0.012934
0.013347
0.012037
0.012409
0.012148
0.015365
0.015408
0.014217
0.012637
0.013377
0.013205
0.015281
0.012788
0.012298
0.015562
0.015126
0.012773
0.013779
0.014942
0.013583
0.014829
0.013145
0.014175
0.01493
0.015947
0.015056
0.013023
0.013655
0.014314
0.013789
0.013828
0.013739
0.012442
