compile_opencl_time:
0.002293
0.002267
0.002354
0.002395
0.002181
0.002345
0.002318
0.00218
0.002381
0.002351
total_time:
0.022997
0.022964
0.022986
0.022943
0.022999
0.022951
0.022989
0.022974
0.022935
0.023019
0.022952
0.022977
0.023019
0.023012
0.022964
0.02292
0.022941
0.022957
0.022979
0.022961
0.022958
0.022939
0.022952
0.022947
0.022939
0.02294
0.022936
0.022981
0.022959
0.023001
0.022965
0.023002
0.02299
0.022957
0.02301
0.023006
0.022977
0.022989
0.022928
0.022948
0.022949
0.02298
0.022976
0.022949
0.022928
0.02301
0.023041
0.02299
0.022979
0.022954
0.02306
0.022999
0.022996
0.023027
0.023032
0.022958
0.022972
0.023012
0.022966
0.022957
0.022964
0.022984
0.022983
0.022973
0.022972
0.02294
0.023016
0.022928
0.022971
0.022922
0.022932
0.023013
0.02302
0.022987
0.022992
0.022979
0.022967
0.022952
0.022953
0.022942
0.023027
0.023023
0.023002
0.023009
0.023022
0.022997
0.023003
0.022989
0.02299
