total_time:
1.665367
1.614860
1.610875
1.601147
1.601719
1.602518
1.612115
1.609582
1.612352
1.630023
1.672855
1.597254
1.604341
1.631664
1.599726
1.607093
1.599618
1.618110
1.605809
1.604733
1.683109
1.610851
1.605508
1.605641
1.617082
1.621839
1.626061
1.629953
1.615277
1.615892
1.664910
1.605519
1.602362
1.600021
1.618500
1.610879
1.599543
1.597538
1.614973
1.606656
1.687889
1.656910
1.627030
1.624256
1.621392
1.624195
1.628992
1.628811
1.621591
1.627859
1.665131
1.597816
1.615911
1.611847
1.609974
1.609369
1.611996
1.598713
1.616647
1.601986
1.678787
1.601944
1.611666
1.601733
1.598618
1.614833
1.604951
1.600800
1.604831
1.592804
1.672146
1.609361
1.603599
1.606258
1.606075
1.610601
1.604877
1.596328
1.609745
1.594705
1.686542
1.614670
1.614643
1.618390
1.620818
1.617088
1.622494
1.614537
1.614204
1.624248
1.678525
1.599479
1.603986
1.612896
1.604005
1.614542
1.608331
1.611899
1.624502
1.598449