total_time:
0.786566
0.699072
0.702228
0.698964
0.698560
0.699226
0.699288
0.699016
0.699141
0.699426
0.783525
0.695944
0.698705
0.696110
0.696298
0.695985
0.696835
0.696702
0.696342
0.696359
0.784946
0.697064
0.700306
0.697247
0.697220
0.697355
0.697269
0.696975
0.697603
0.697407
0.784486
0.697458
0.699228
0.697237
0.697461
0.697329
0.696871
0.697339
0.697957
0.697537
0.784977
0.698058
0.699938
0.698409
0.698458
0.697719
0.698404
0.698399
0.698478
0.698101
0.782240
0.697035
0.698896
0.696919
0.697313
0.696912
0.696990
0.697119
0.696745
0.697120
0.787780
0.699153
0.701905
0.699771
0.699979
0.700189
0.699919
0.699660
0.699598
0.700146
0.785042
0.697071
0.699300
0.697244
0.696941
0.696594
0.697027
0.697246
0.696708
0.696945
0.783550
0.696952
0.698714
0.696681
0.696675
0.696773
0.696868
0.696914
0.696647
0.697065
0.785674
0.697187
0.700510
0.697326
0.697206
0.697385
0.697152
0.697091
0.696950
0.697701