compile_opencl_time:
0.080294
0.080590
0.076741
0.075839
0.074656
0.075864
0.079235
0.075856
0.075434
0.079078
total_time:
0.346086
0.338100
0.297639
0.319222
0.333230
0.334608
0.328673
0.337216
0.332864
0.313921
0.293440
0.301203
0.307062
0.309102
0.296444
0.306553
0.304957
0.305100
0.307118
0.309374
0.302846
0.327152
0.365651
0.337871
0.333434
0.349623
0.343106
0.347741
0.345943
0.344125
0.312400
0.309787
0.315846
0.313633
0.312733
0.314462
0.312931
0.319872
0.314045
0.317231
0.336896
0.305988
0.308435
0.305485
0.308334
0.310707
0.307966
0.310558
0.308500
0.316711
0.319912
0.313216
0.368671
0.314651
0.312797
0.311827
0.311522
0.312021
0.313387
0.315110
0.339986
0.324757
0.336138
0.308421
0.307165
0.303645
0.308547
0.304350
0.304030
0.304032
0.305688
0.305843
0.321956
0.309668
0.304981
0.310849
0.306507
0.308535
0.311819
0.301422
0.315177
0.303580
0.306498
0.312159
0.307070
0.306880
0.309972
0.306305
0.308320
0.309582
0.371662
0.338376
0.375546
0.374562
0.370107
0.363252
0.383925
0.364729
0.305833
0.309679