total_time:
0.073378
0.001832
0.001470
0.001332
0.002111
0.001327
0.001317
0.001320
0.001313
0.001313
0.072612
0.001923
0.001506
0.001509
0.001446
0.001397
0.001403
0.001394
0.001394
0.001408
0.073989
0.001796
0.001426
0.001389
0.001385
0.001385
0.001376
0.001372
0.001398
0.001376
0.075336
0.001823
0.001489
0.001401
0.001392
0.001400
0.001387
0.001443
0.001429
0.001345
0.071837
0.002352
0.001584
0.001463
0.001412
0.001406
0.001406
0.001427
0.001419
0.001422
0.073210
0.001805
0.001540
0.001429
0.001342
0.001332
0.001333
0.001329
0.001332
0.001322
0.072868
0.001848
0.001463
0.001406
0.001406
0.001396
0.001398
0.001417
0.001414
0.001400
0.074095
0.001852
0.001504
0.001412
0.001411
0.001412
0.001408
0.001404
0.001427
0.001412
0.072038
0.001874
0.001502
0.001537
0.001474
0.001370
0.001361
0.001361
0.001372
0.001368
0.071851
0.001641
0.001395
0.001384
0.001388
0.001383
0.001388
0.002066
0.001385
0.001386