total_time:
0.071084
0.000359
0.000355
0.000356
0.000354
0.000354
0.000356
0.000356
0.000350
0.000351
0.070812
0.000361
0.000353
0.000350
0.000352
0.000351
0.000352
0.000351
0.000394
0.000352
0.071635
0.000355
0.000358
0.000352
0.000350
0.000352
0.000352
0.000368
0.000350
0.000351
0.075185
0.000355
0.000352
0.000372
0.000352
0.000350
0.000353
0.000350
0.000349
0.000350
0.076122
0.000353
0.000362
0.000382
0.000352
0.000353
0.000353
0.000354
0.000351
0.000351
0.070016
0.000356
0.000356
0.000351
0.000350
0.000351
0.000352
0.000351
0.000351
0.000351
0.072295
0.000353
0.000349
0.000375
0.000348
0.000348
0.000352
0.000371
0.000351
0.000375
0.071893
0.000353
0.000353
0.000351
0.000395
0.000351
0.000351
0.000349
0.000353
0.000350
0.073128
0.000356
0.000355
0.000393
0.000357
0.000354
0.000353
0.000353
0.000350
0.000351
0.074827
0.000356
0.000349
0.000350
0.000349
0.000349
0.000350
0.000369
0.000349
0.000350