compile_opencl_time:
0.132002
0.143889
0.132846
0.133942
0.136414
0.135323
0.142229
0.144060
0.143880
0.134132
total_time:
0.002805
0.001166
0.000830
0.000830
0.000844
0.001061
0.000981
0.001024
0.000889
0.000941
0.002943
0.001092
0.001132
0.000925
0.000803
0.001069
0.000941
0.000898
0.000963
0.000917
0.002828
0.001001
0.001039
0.000916
0.000920
0.000907
0.000904
0.000842
0.000883
0.000888
0.002761
0.000984
0.000949
0.000910
0.000892
0.000919
0.000819
0.000972
0.000765
0.001048
0.002801
0.001095
0.000897
0.000880
0.000917
0.000908
0.000937
0.000877
0.000766
0.000879
0.002794
0.001067
0.000900
0.000853
0.000834
0.000871
0.000852
0.001091
0.000879
0.000795
0.002874
0.001006
0.000803
0.001022
0.000980
0.000823
0.001112
0.000883
0.000847
0.000965
0.003050
0.001110
0.001030
0.000916
0.001015
0.000876
0.000972
0.000963
0.000937
0.000895
0.002832
0.001136
0.001091
0.000856
0.000942
0.000907
0.001127
0.000948
0.000839
0.001016
0.002756
0.001113
0.001224
0.000940
0.000775
0.001091
0.000974
0.000834
0.001032
0.000935