compile_opencl_time:
0.129259
0.129687
0.131466
0.131935
0.131745
0.127782
0.132783
0.134054
total_time:
0.140852
0.135021
0.13152
0.132276
0.131366
0.131418
0.131533
0.132058
0.135193
0.134262
0.147439
0.141679
0.138784
0.139412
0.138954
0.138544
0.139366
0.143922
0.142943
0.141943
0.146786
0.141169
0.137483
0.137329
0.138896
0.137429
0.137772
0.140496
0.142045
0.140952
0.140108
0.134419
0.131762
0.131329
0.131785
0.131721
0.131248
0.13095
0.13394
0.135117
0.142503
0.136798
0.133476
0.132806
0.133457
0.132923
0.134077
0.133665
0.135562
0.135694
0.140149
0.134899
0.130864
0.130929
0.130662
0.130897
0.130497
0.130686
0.133488
0.133255
0.149643
0.144402
0.141558
0.141238
0.140665
0.143011
0.141256
0.143213
0.144272
0.143523
0.153058
0.147456
0.143671
0.143982
0.144193
0.143711
0.143694
0.147196
0.147907
0.147686
0.141262
0.135858
0.133606
0.132609
0.132874
0.133329
0.133121
0.13337
0.135414
0.135607
0.137207
0.131432
0.128365
0.128669
0.128346
0.128785
0.128241
0.128067
0.129738
0.132018
