total_time:
0.249793
0.246442
0.246418
0.246323
0.246687
0.246147
0.246183
0.246493
0.246188
0.255095
0.251831
0.252348
0.251804
0.251969
0.251545
0.252047
0.251939
0.251548
0.257354
0.253846
0.254115
0.254073
0.253887
0.254019
0.25378
0.254015
0.254027
0.25228
0.249102
0.248876
0.248987
0.249027
0.249055
0.249212
0.249175
0.249024
0.252058
0.24868
0.248363
0.248528
0.24885
0.248206
0.24853
0.248645
0.248859
0.253111
0.249717
0.24945
0.249805
0.24984
0.249914
0.249677
0.249554
0.249694
0.258208
0.254696
0.254804
0.255088
0.25482
0.254632
0.254721
0.254857
0.254631
0.258097
0.254366
0.25458
0.254361
0.254387
0.254579
0.254494
0.254294
0.254469
0.25059
0.247272
0.247437
0.247311
0.247486
0.247485
0.247344
0.247515
0.247438
0.250412
0.247513
0.247262
0.246962
0.247086
0.247566
0.246952
0.247189
0.247382
