total_time:
0.091679
0.015186
0.014905
0.014841
0.014884
0.014844
0.014856
0.014845
0.014886
0.014834
0.086850
0.015221
0.014880
0.014856
0.014856
0.014849
0.014834
0.014829
0.014828
0.014830
0.090855
0.015228
0.014878
0.014858
0.014854
0.014852
0.014836
0.014825
0.014839
0.014824
0.085677
0.015193
0.014860
0.014866
0.014844
0.014883
0.014865
0.014851
0.014843
0.014834
0.085959
0.015189
0.014861
0.014844
0.014843
0.014823
0.014821
0.014821
0.014816
0.014813
0.088573
0.015226
0.014845
0.014830
0.014838
0.014825
0.014798
0.014787
0.014791
0.014819
0.084966
0.015202
0.014857
0.014831
0.014828
0.014826
0.014819
0.014806
0.014796
0.014792
0.086529
0.015170
0.014874
0.014830
0.014851
0.014826
0.014811
0.014801
0.014815
0.014794
0.087289
0.015165
0.014832
0.014806
0.014849
0.014802
0.014782
0.014785
0.014790
0.014781
0.089003
0.015247
0.014847
0.014832
0.014825
0.014826
0.014804
0.014790
0.014794
0.014784