total_time:
1.570329
1.494381
1.497669
1.497588
1.492615
1.499245
1.492937
1.495558
1.492647
1.492151
1.638118
1.563339
1.562436
1.558320
1.564037
1.560274
1.559470
1.561992
1.562133
1.560206
1.632311
1.547710
1.552203
1.546206
1.550841
1.552193
1.555546
1.549774
1.550078
1.550973
1.615832
1.539779
1.538382
1.538194
1.529898
1.534796
1.529882
1.530396
1.529413
1.529333
1.643138
1.568130
1.568711
1.562624
1.563478
1.567731
1.572622
1.571329
1.561594
1.563619
1.602195
1.535502
1.525260
1.525315
1.520938
1.522012
1.521395
1.522554
1.524157
1.525069
1.613860
1.550607
1.545391
1.541882
1.529982
1.529397
1.530859
1.532998
1.529939
1.532524
1.611296
1.531460
1.529103
1.535407
1.539051
1.533917
1.538531
1.534466
1.531997
1.537786
1.595128
1.526337
1.522560
1.522420
1.517758
1.520661
1.521136
1.519163
1.522231
1.520523
1.627691
1.557327
1.546095
1.542233
1.542032
1.534979
1.535714
1.535631
1.552687
1.553094