compile_opencl_time:
0.002310
0.002337
0.002376
0.002484
0.002219
0.002327
0.002202
0.002315
0.002342
0.002308
total_time:
2.850332
2.848717
2.844238
2.843996
2.843367
2.843169
2.843957
2.843697
2.843953
2.844380
2.891322
2.889824
2.882634
2.883496
2.882301
2.883312
2.883314
2.883387
2.883527
2.882984
2.892585
2.889119
2.883747
2.884599
2.883556
2.885755
2.885166
2.885307
2.883784
2.883197
2.891530
2.887158
2.881796
2.881894
2.882729
2.881623
2.880957
2.881748
2.882790
2.881903
2.977716
2.972683
2.969047
2.968610
2.968376
2.970262
2.970529
2.969083
2.970966
2.968657
2.870602
2.866544
2.859890
2.860746
2.862919
2.862094
2.862595
2.862506
2.863686
2.862215
2.880492
2.879449
2.872868
2.873432
2.873165
2.872592
2.873737
2.872904
2.874261
2.874187
2.878991
2.874459
2.871471
2.869470
2.872269
2.868812
2.871006
2.869046
2.871805
2.870218
2.813831
2.812902
2.806856
2.805468
2.805975
2.807392
2.806458
2.807761
2.807164
2.807144
2.879345
2.876689
2.869566
2.870406
2.870026
2.870352
2.871349
2.871062
2.870677
2.871020