total_time:
0.756299
0.755477
0.726497
0.729181
0.728189
0.734367
0.729654
0.727981
0.724114
0.724354
0.749875
0.752378
0.747853
0.742171
0.736871
0.733231
0.735443
0.737467
0.739372
0.734818
0.762540
0.757140
0.749652
0.753248
0.750220
0.751848
0.750311
0.746907
0.750784
0.751001
0.747190
0.748247
0.742190
0.745845
0.745088
0.743690
0.745067
0.742552
0.739261
0.735372
0.751058
0.756129
0.749755
0.749297
0.747443
0.744383
0.747112
0.744657
0.741986
0.752924
0.748507
0.749025
0.742717
0.755018
0.743774
0.742107
0.742833
0.736168
0.737528
0.731395
0.749260
0.749609
0.747671
0.745351
0.744596
0.743477
0.744024
0.743022
0.738105
0.733517
0.747161
0.753924
0.742153
0.743887
0.745206
0.741451
0.738806
0.734452
0.736294
0.733981
0.759653
0.753184
0.748286
0.751138
0.750952
0.748347
0.738971
0.735581
0.740104
0.740296
0.747053
0.751964
0.744785
0.744870
0.741713
0.740980
0.755297
0.737255
0.738494
0.739743