select_time:
0.000012
0.000009
0.000008
0.000009
0.000009
0.000009
0.000010
0.000009
0.000010
0.000010

total_time:
0.694474
0.581350
0.577908
0.577490
0.577332
0.577615
0.579104
0.579207
0.579938
0.579207
0.679370
0.611861
0.606679
0.606963
0.606255
0.606144
0.606648
0.606871
0.606631
0.606482
0.678213
0.606284
0.602850
0.603033
0.603018
0.602767
0.603664
0.602841
0.603194
0.603470
0.666760
0.597468
0.594507
0.594312
0.593679
0.594071
0.594402
0.594319
0.594592
0.593864
0.686243
0.613885
0.611834
0.611219
0.611181
0.610698
0.611697
0.611317
0.611168
0.610742
0.667955
0.596836
0.594854
0.594224
0.594327
0.593786
0.593385
0.592764
0.593310
0.593248
0.670883
0.600709
0.597427
0.597475
0.597439
0.597665
0.597819
0.598379
0.598314
0.598431
0.669635
0.600068
0.596044
0.595176
0.595073
0.594792
0.595012
0.594738
0.596361
0.594874
0.663953
0.595287
0.591831
0.591260
0.591050
0.591552
0.592392
0.592236
0.591630
0.589827
0.671981
0.602332
0.598644
0.598657
0.599139
0.599131
0.598207
0.597796
0.597638
0.598564
