total_time:
0.154296
0.083228
0.082899
0.083033
0.082747
0.082422
0.082482
0.082683
0.082845
0.082325
0.160033
0.087903
0.087783
0.087754
0.088145
0.087791
0.087255
0.088232
0.087394
0.087374
0.158794
0.087414
0.086937
0.086529
0.086481
0.086706
0.087036
0.086639
0.086917
0.086506
0.159167
0.081760
0.081657
0.081648
0.081570
0.081835
0.081608
0.081646
0.082040
0.081592
0.153596
0.082678
0.082183
0.081987
0.082069
0.081896
0.082164
0.082158
0.082298
0.082294
0.153024
0.082096
0.081891
0.082092
0.081647
0.081913
0.081840
0.082080
0.081956
0.081634
0.160162
0.084485
0.083935
0.083869
0.083852
0.083761
0.084062
0.083942
0.083907
0.083691
0.153400
0.081394
0.081363
0.081459
0.081375
0.081235
0.081219
0.081507
0.081461
0.081088
0.159680
0.084432
0.083966
0.083847
0.084112
0.084114
0.084198
0.084169
0.084009
0.084007
0.160613
0.085624
0.085221
0.084859
0.085262
0.085212
0.085089
0.084808
0.084974
0.084972