compile_opencl_time:
0.086831
0.076716
0.078376
0.079731
0.078192
0.079345
0.081381
0.078133
0.078387
0.084554
total_time:
0.052598
0.050948
0.050830
0.051766
0.052948
0.052858
0.052763
0.050965
0.053245
0.053488
0.048850
0.052793
0.052959
0.053498
0.053664
0.054952
0.054288
0.055160
0.055384
0.060596
0.047592
0.050725
0.051343
0.052787
0.052471
0.052572
0.053920
0.053048
0.055616
0.054166
0.046402
0.050202
0.049696
0.052768
0.052885
0.053400
0.052475
0.055932
0.052246
0.052687
0.046012
0.050517
0.050678
0.050292
0.050409
0.051043
0.051635
0.054966
0.054638
0.052610
0.045831
0.050310
0.049022
0.051240
0.049699
0.050333
0.050806
0.050271
0.053349
0.051836
0.048758
0.049559
0.053746
0.051373
0.051063
0.052319
0.051436
0.051509
0.053259
0.052303
0.045740
0.048773
0.049326
0.049341
0.051256
0.049547
0.049978
0.053211
0.052254
0.051290
0.046379
0.051005
0.051431
0.051106
0.051295
0.053337
0.052429
0.053051
0.055709
0.057600
0.048885
0.051730
0.052468
0.052226
0.052356
0.053275
0.052756
0.053991
0.052929
0.054056