total_time:
0.090589
0.017132
0.017031
0.016799
0.016736
0.016808
0.016906
0.016934
0.016861
0.016820
0.090145
0.019594
0.019575
0.019197
0.019305
0.019284
0.019341
0.019309
0.019283
0.019203
0.092614
0.018134
0.018157
0.017916
0.017882
0.017863
0.017921
0.017903
0.017864
0.017839
0.089160
0.017802
0.017675
0.017455
0.017478
0.017551
0.017454
0.017479
0.017450
0.017431
0.094720
0.020143
0.020140
0.019775
0.019930
0.019772
0.019853
0.019855
0.019812
0.019749
0.092577
0.019040
0.018981
0.018768
0.018722
0.018706
0.018710
0.018647
0.018661
0.018710
0.090026
0.019717
0.019573
0.019379
0.019285
0.019339
0.019323
0.019281
0.019337
0.019286
0.088770
0.017510
0.017454
0.017217
0.017217
0.017252
0.017280
0.017243
0.017262
0.017195
0.101176
0.019598
0.019629
0.019383
0.019342
0.019507
0.019419
0.019373
0.019391
0.019262
0.094214
0.019339
0.019314
0.019064
0.019025
0.019041
0.019051
0.019038
0.019065
0.019006