total_time:
0.082019
0.011393
0.011164
0.011071
0.011176
0.011098
0.011118
0.011094
0.011097
0.011098
0.101811
0.012572
0.012252
0.012293
0.012232
0.012240
0.012236
0.012220
0.012229
0.012222
0.085478
0.011938
0.011672
0.011620
0.011612
0.011630
0.011631
0.011644
0.011605
0.011620
0.082883
0.011701
0.011405
0.011373
0.011365
0.011371
0.011379
0.011367
0.011361
0.011405
0.084326
0.012745
0.012549
0.012525
0.012507
0.012479
0.012450
0.012505
0.012450
0.012564
0.083957
0.012256
0.011979
0.011966
0.011932
0.011932
0.011946
0.011962
0.012005
0.011948
0.084539
0.012591
0.012286
0.012268
0.012276
0.012290
0.012235
0.012242
0.012245
0.012268
0.084940
0.011653
0.011341
0.011290
0.011308
0.011308
0.011272
0.011280
0.011290
0.011275
0.083163
0.012598
0.012338
0.012249
0.012302
0.012344
0.012313
0.012342
0.012263
0.012300
0.091750
0.012469
0.012262
0.012280
0.012169
0.012264
0.012210
0.012198
0.012211
0.012186