total_time:
0.025848
0.026145
0.024859
0.026363
0.026890
0.028510
0.028083
0.027111
0.027659
0.027058
0.026617
0.027034
0.026726
0.026920
0.027412
0.027966
0.027451
0.027496
0.028233
0.027714
0.036119
0.024164
0.024620
0.025232
0.025754
0.026267
0.025431
0.025132
0.026455
0.025476
0.026866
0.025774
0.026014
0.025639
0.026820
0.027159
0.026760
0.026986
0.027039
0.028172
0.024993
0.025418
0.023449
0.025675
0.024594
0.025034
0.024971
0.025281
0.025665
0.024806
0.028253
0.025556
0.025984
0.027008
0.026570
0.026837
0.027496
0.027226
0.027298
0.026368
0.025986
0.026235
0.026175
0.026802
0.027605
0.026830
0.026237
0.027254
0.026640
0.027273
0.026392
0.025099
0.027137
0.027672
0.027101
0.027645
0.027437
0.027637
0.027081
0.028127
0.025683
0.024720
0.025061
0.025262
0.024993
0.026018
0.024754
0.025149
0.025216
0.025056
0.026600
0.025049
0.025097
0.025995
0.025522
0.025397
0.024179
0.025019
0.026374
0.025800