total_time:
0.071174
0.000544
0.000583
0.000547
0.000539
0.000541
0.000539
0.000541
0.000538
0.000542
0.072716
0.000514
0.000548
0.000510
0.000510
0.000511
0.000509
0.000510
0.000530
0.000515
0.070905
0.000483
0.000480
0.000479
0.000477
0.000518
0.000477
0.000502
0.000480
0.000479
0.076380
0.000425
0.000419
0.000454
0.000419
0.000422
0.000416
0.000421
0.000418
0.000418
0.071330
0.000421
0.000466
0.000417
0.000416
0.000421
0.000415
0.000419
0.000415
0.000444
0.072534
0.000484
0.000481
0.000527
0.000480
0.000482
0.000480
0.000483
0.000482
0.000483
0.071773
0.000423
0.000467
0.000419
0.000420
0.000421
0.000415
0.000423
0.000417
0.000449
0.071384
0.000749
0.000692
0.000695
0.000693
0.000695
0.000691
0.000698
0.000693
0.000690
0.074163
0.000550
0.000592
0.000551
0.000544
0.000543
0.000544
0.000547
0.000544
0.000544
0.071116
0.000485
0.000481
0.000527
0.000479
0.000480
0.000480
0.000483
0.000482
0.000509