total_time:
0.071372
0.000579
0.000618
0.000567
0.000576
0.000574
0.000572
0.000574
0.000582
0.000571
0.071043
0.000541
0.000571
0.000535
0.000537
0.000531
0.000538
0.000535
0.000527
0.000546
0.069666
0.000509
0.000538
0.000506
0.000498
0.000495
0.000510
0.000506
0.000496
0.000503
0.070264
0.000448
0.000440
0.000444
0.000463
0.000437
0.000439
0.000435
0.000440
0.000432
0.071331
0.000495
0.000441
0.000441
0.000439
0.000441
0.000436
0.000440
0.000437
0.000439
0.071677
0.000566
0.000510
0.000516
0.000504
0.000507
0.000503
0.000512
0.000549
0.000502
0.072653
0.000447
0.000442
0.000479
0.000447
0.000438
0.000433
0.000436
0.000435
0.000434
0.075730
0.000748
0.000797
0.000748
0.000743
0.000731
0.000741
0.000738
0.000729
0.000740
0.073717
0.000580
0.000611
0.000564
0.000572
0.000563
0.000571
0.000574
0.000564
0.000574
0.072885
0.000506
0.000502
0.000505
0.000499
0.000504
0.000497
0.000505
0.000498
0.000493