compile_opencl_time:
0.071798
0.072357
0.072549
0.075773
0.073200
0.071700
0.076485
0.073631
0.072755
0.073433
total_time:
0.001536
0.000880
0.000720
0.000634
0.000606
0.000623
0.000573
0.000608
0.000615
0.000585
0.001243
0.000983
0.000673
0.000619
0.000633
0.000587
0.000562
0.000586
0.000551
0.000568
0.001287
0.000634
0.000571
0.000613
0.000556
0.000552
0.000542
0.000525
0.000524
0.000553
0.004084
0.000741
0.000658
0.000566
0.000505
0.000485
0.000478
0.000496
0.000471
0.000499
0.000849
0.000549
0.000561
0.000538
0.000487
0.000505
0.000560
0.000520
0.000544
0.000512
0.001174
0.000708
0.000652
0.000615
0.000569
0.000527
0.000562
0.000615
0.000543
0.000521
0.001063
0.000913
0.000574
0.000504
0.000499
0.000474
0.000477
0.000453
0.000491
0.000460
0.001315
0.000790
0.000784
0.000808
0.000766
0.000753
0.000730
0.000738
0.000740
0.000785
0.001415
0.001062
0.001090
0.000740
0.000597
0.000604
0.000580
0.000569
0.000588
0.000568
0.001349
0.001016
0.000936
0.000564
0.000553
0.000548
0.000522
0.000505
0.000536
0.000548