total_time:
0.000138
0.000135
0.000132
0.000101
0.000100
0.000100
0.000099
0.000099
0.000099
0.000099
0.000141
0.000126
0.000122
0.000132
0.000120
0.000120
0.000121
0.000121
0.000120
0.000121
0.000152
0.000134
0.000128
0.000126
0.000103
0.000093
0.000092
0.000091
0.000091
0.000091
0.000140
0.000127
0.000132
0.000121
0.000119
0.000119
0.000122
0.000122
0.000123
0.000123
0.000155
0.000140
0.000126
0.000125
0.000135
0.000124
0.000123
0.000124
0.000125
0.000130
0.000131
0.000122
0.000118
0.000120
0.000119
0.000119
0.000119
0.000126
0.000119
0.000119
0.000165
0.000123
0.000119
0.000118
0.000117
0.000126
0.000119
0.000120
0.000120
0.000119
0.000136
0.000129
0.000126
0.000127
0.000122
0.000125
0.000125
0.000124
0.000108
0.000092
0.000137
0.000122
0.000119
0.000117
0.000120
0.000121
0.000121
0.000130
0.000121
0.000121
0.000156
0.000131
0.000126
0.000124
0.000139
0.000131
0.000130
0.000130
0.000130
0.000130