total_time:
0.114077
0.032185
0.031690
0.031215
0.031219
0.031513
0.031569
0.031832
0.031626
0.031505
0.107988
0.031391
0.031532
0.031421
0.031503
0.031248
0.031288
0.031038
0.031669
0.031064
0.104881
0.031513
0.031090
0.030633
0.030553
0.030543
0.030814
0.030913
0.030630
0.031043
0.105499
0.031826
0.031608
0.031302
0.031558
0.031371
0.031147
0.031505
0.031281
0.031414
0.116294
0.032192
0.031348
0.031625
0.031582
0.031589
0.031371
0.031233
0.031150
0.031480
0.104399
0.031603
0.031408
0.031316
0.031970
0.031530
0.031496
0.031550
0.031520
0.031387
0.109500
0.032882
0.032517
0.032777
0.032815
0.032389
0.032526
0.032569
0.032574
0.032680
0.106758
0.032757
0.032411
0.032372
0.030817
0.032307
0.031848
0.032293
0.031910
0.032346
0.105527
0.031281
0.032110
0.031948
0.031745
0.031829
0.031895
0.031899
0.032192
0.032091
0.104041
0.033741
0.032950
0.032905
0.032044
0.031707
0.031653
0.031953
0.031752
0.031684