compile_opencl_time:
0.140826
0.14068
0.141875
0.150612
0.152144
0.141762
0.143243
0.150909
0.153728
total_time:
2.237244
2.234333
2.230525
2.246871
2.223484
2.227751
2.223544
2.236277
2.232018
2.23775
2.112373
2.106819
2.101513
2.100199
2.091033
2.099848
2.098261
2.09331
2.096368
2.093744
2.176359
2.16962
2.161534
2.160003
2.161682
2.170805
2.162121
2.157931
2.167959
2.162041
2.184352
2.18301
2.175172
2.165507
2.170109
2.173947
2.165918
2.165482
2.163025
2.168331
2.297711
2.2886
2.272635
2.268367
2.265713
2.267147
2.271848
2.268561
2.262251
2.260551
2.197748
2.19034
2.189053
2.183497
2.188168
2.183664
2.186483
2.179049
2.187695
2.190289
2.244488
2.146486
2.142241
2.139427
2.12958
2.133315
2.13936
2.133885
2.138158
2.134802
2.329848
2.32099
2.310174
2.303337
2.28663
2.293803
2.298967
2.293781
2.290808
2.301438
2.292085
2.235233
2.223284
2.202855
2.207754
2.199203
2.195502
2.195132
2.177951
2.170482
2.164024
2.166358
2.169467
2.172564
