compile_opencl_time:
0.002226
0.00229
0.002225
0.002263
0.002323
0.002271
0.0024
0.002327
0.002233
0.002352
total_time:
5.151274
5.150315
5.14085
5.141049
5.141934
5.142603
5.143808
5.144537
5.145194
5.145439
4.897091
4.897687
4.887085
4.887198
4.887031
4.887418
4.887593
4.887113
4.887542
4.887418
4.998538
4.998188
4.990122
4.989713
4.995148
4.992634
4.992115
4.992102
4.992903
4.992249
4.984559
4.98547
4.978186
4.977294
4.976971
4.979899
4.97665
4.978832
4.978262
4.978098
5.273084
5.271451
5.262853
5.259783
5.261103
5.261647
5.262359
5.260977
5.261372
5.258095
5.028996
5.026311
5.019562
5.018612
5.018815
5.016265
5.016225
5.017358
5.019382
5.020551
4.934021
4.934165
4.925806
4.923508
4.922178
4.923242
4.925219
4.924615
4.926309
4.925757
5.127071
5.12467
5.117276
5.116131
5.116584
5.116093
5.117353
5.116517
5.117611
5.115639
4.988081
4.98895
4.982491
4.978851
4.980799
4.975229
4.977915
4.97467
4.980232
4.985847
5.028317
5.027553
5.019742
5.018253
5.018587
5.019166
5.024297
5.023711
5.033815
5.033
