total_time:
0.383037
0.310890
0.310301
0.310526
0.310388
0.310221
0.309917
0.309630
0.309798
0.310524
0.382357
0.310398
0.309059
0.309145
0.309969
0.310085
0.309733
0.309241
0.309270
0.309631
0.382788
0.309249
0.307662
0.307427
0.306942
0.307351
0.307803
0.307290
0.307056
0.307573
0.383014
0.310513
0.309723
0.309357
0.309329
0.310251
0.310148
0.309746
0.309285
0.309742
0.381356
0.308732
0.308083
0.307754
0.307563
0.308014
0.307946
0.307407
0.307626
0.308345
0.384819
0.309521
0.309240
0.308573
0.308253
0.308809
0.309157
0.308448
0.308432
0.308973
0.380563
0.309960
0.308746
0.308812
0.309572
0.309218
0.308721
0.308963
0.309417
0.309462
0.386004
0.311571
0.309871
0.309232
0.309173
0.309441
0.310018
0.309874
0.309732
0.309519
0.381482
0.309074
0.307274
0.307426
0.308390
0.307453
0.307502
0.308318
0.307813
0.307436
0.391878
0.308324
0.307559
0.308251
0.307391
0.307363
0.308240
0.307795
0.307557
0.308249