compile_opencl_time:
0.143017
0.141799
0.151736
0.142164
0.151950
0.144044
0.142946
0.142498
0.138017
0.152160
total_time:
0.128713
0.126190
0.126747
0.127672
0.130174
0.130449
0.129668
0.130782
0.130026
0.129608
0.130137
0.128638
0.128478
0.128659
0.129817
0.129245
0.128250
0.128319
0.128865
0.128526
0.135122
0.136872
0.135304
0.134032
0.134863
0.129989
0.130555
0.139047
0.130006
0.136483
0.132840
0.130344
0.129623
0.135373
0.134481
0.134398
0.134778
0.133871
0.137017
0.135112
0.122799
0.119744
0.119112
0.122088
0.120055
0.119851
0.120601
0.120002
0.122724
0.119818
0.123774
0.121160
0.119942
0.121807
0.122085
0.121012
0.120553
0.122003
0.121084
0.121456
0.128443
0.126565
0.125686
0.125400
0.125829
0.127119
0.125812
0.126021
0.126165
0.125831
0.125912
0.122555
0.123175
0.124266
0.123537
0.124413
0.124830
0.124334
0.124194
0.124054
0.134487
0.133911
0.134086
0.135266
0.135035
0.136478
0.135524
0.136493
0.135541
0.134999
0.134438
0.131176
0.130372
0.130763
0.131244
0.131281
0.130943
0.132417
0.131699
0.132645