total_time:
0.533141
0.522409
0.51979
0.531211
0.544156
0.532056
0.524967
0.537902
0.537965
0.526698
0.540808
0.53173
0.526082
0.523207
0.532041
0.549054
0.533462
0.530957
0.532753
0.544325
0.534808
0.523261
0.551948
0.544493
0.53267
0.543096
0.534467
0.533676
0.532563
0.526393
0.536765
0.532416
0.523893
0.542965
0.533348
0.530697
0.524263
0.528159
0.541171
0.534491
0.531185
0.53341
0.545008
0.533959
0.524508
0.528757
0.5373
0.536336
0.534326
0.526106
0.542486
0.544763
0.533613
0.54415
0.531052
0.524999
0.534426
0.535492
0.532839
0.546233
0.535736
0.525866
0.524336
0.521362
0.531053
0.543719
0.534552
0.523324
0.543728
0.53675
0.522406
0.520653
0.536127
0.530291
0.530422
0.545985
0.534831
0.53294
0.546414
0.534495
0.53155
0.52171
0.531993
0.54432
0.535037
0.524117
0.537931
0.541727
0.539318
0.543885
