compile_opencl_time:
0.082046
0.080202
0.080253
0.080606
0.080095
0.083281
0.080347
0.080327
0.080588
total_time:
0.217323
0.22065
0.209366
0.211034
0.208762
0.21402
0.209854
0.2096
0.209726
0.211181
0.22668
0.22697
0.219411
0.216284
0.215328
0.216862
0.21793
0.215496
0.220441
0.219523
0.20758
0.212105
0.201225
0.201485
0.219767
0.217039
0.208511
0.208196
0.208006
0.211154
0.211327
0.210497
0.209335
0.211877
0.222502
0.22419
0.214325
0.214718
0.211265
0.210712
0.209747
0.218922
0.213396
0.216969
0.220231
0.225243
0.212632
0.213437
0.213465
0.212728
0.212742
0.214635
0.228086
0.216368
0.223666
0.216336
0.215956
0.216172
0.21341
0.214287
0.212832
0.217304
0.213329
0.221432
0.223545
0.211034
0.211296
0.213765
0.214793
0.211691
0.212858
0.21205
0.211352
0.227653
0.216439
0.219598
0.219237
0.216909
0.219589
0.219295
0.21796
0.218374
0.213656
0.221872
0.211201
0.209073
0.213232
0.212726
0.211061
0.213396
0.209008
0.210349
