total_time:
1.027311
1.02312
1.021325
1.026283
1.02583
1.022202
1.021987
1.0243
1.022217
1.033871
1.029183
1.037194
1.028817
1.025725
1.030149
1.003105
1.002158
1.002406
1.070586
1.001486
1.001373
0.998675
0.996691
0.998949
0.99737
0.998084
1.000596
1.001578
1.073917
1.006551
1.008211
1.000801
0.999665
0.999145
1.008839
1.011552
1.00426
1.008305
1.03402
1.039731
1.034741
1.03624
1.035835
1.022761
1.034559
1.034404
1.034484
1.068742
1.013342
1.000541
1.003814
1.001199
0.985751
0.996907
0.99869
0.997268
0.997416
1.076607
1.001758
1.004241
0.997462
1.002912
1.00362
1.002244
1.000886
1.005844
1.011241
1.02838
1.031789
1.03933
1.03526
1.031435
1.035401
1.029729
1.035457
1.035951
1.00323
1.002283
1.006983
1.0037
0.998626
1.004708
0.999422
1.004605
1.004232
1.005283
0.99773
1.004808
1.002573
1.006374
1.003879
1.00673
1.007253
1.013787
