total_time:
0.032068
0.032457
0.032437
0.032479
0.032681
0.032498
0.03307
0.032592
0.032592
0.031703
0.031731
0.031093
0.030651
0.030607
0.030412
0.030258
0.030528
0.030462
0.031601
0.030663
0.030195
0.030505
0.030638
0.030623
0.030548
0.030312
0.030316
0.032323
0.032107
0.031729
0.032022
0.031745
0.031967
0.032101
0.032207
0.032402
0.032008
0.031565
0.031402
0.031582
0.031477
0.031684
0.031293
0.031115
0.031258
0.032789
0.031729
0.031447
0.031448
0.031433
0.03137
0.031548
0.031402
0.031246
0.032275
0.03234
0.032475
0.032146
0.032037
0.031653
0.031484
0.031353
0.03159
0.032058
0.032012
0.032004
0.031816
0.031879
0.032067
0.032021
0.032086
0.032328
0.031659
0.03116
0.030966
0.031122
0.030653
0.031546
0.031433
0.030839
0.030616
0.032826
0.032686
0.032394
0.031759
0.031783
0.031739
0.031596
0.031788
0.031523
