compile_opencl_time:
0.129338
0.12828
0.130095
0.130692
0.129255
0.130121
0.128801
0.129539
total_time:
0.001936
0.001777
0.001867
0.00185
0.001819
0.00199
0.00188
0.001702
0.001578
0.002665
0.002409
0.002393
0.002412
0.002384
0.002445
0.00245
0.002403
0.002448
0.002268
0.002445
0.002308
0.002238
0.002448
0.002414
0.002162
0.002266
0.0025
0.002429
0.002393
0.002438
0.002323
0.002429
0.002267
0.002376
0.002381
0.001794
0.001751
0.001682
0.001914
0.001706
0.001804
0.001776
0.001729
0.001726
0.001661
0.001682
0.00165
0.001856
0.001667
0.001593
0.001847
0.001572
0.001613
0.002525
0.002439
0.002325
0.002321
0.00246
0.002344
0.00232
0.002307
0.00223
0.002137
0.002
0.002051
0.002072
0.001957
0.002258
0.002088
0.002012
0.002042
0.001909
0.001746
0.001752
0.001788
0.001679
0.00181
0.001843
0.001795
0.001746
0.002529
0.002359
0.002456
0.002329
0.002516
0.002323
0.002352
0.002237
0.002268
