total_time:
0.000596
0.000075
0.000071
0.000071
0.000070
0.000070
0.000070
0.000071
0.000069
0.000069
0.000580
0.000071
0.000069
0.000066
0.000065
0.000066
0.000066
0.000064
0.000078
0.000130
0.000610
0.000072
0.000069
0.000068
0.000068
0.000067
0.000068
0.000071
0.000069
0.000067
0.000560
0.000075
0.000070
0.000071
0.000086
0.000070
0.000070
0.000071
0.000069
0.000069
0.000334
0.000078
0.000077
0.000076
0.000076
0.000075
0.000075
0.000074
0.000080
0.000076
0.000333
0.000080
0.000177
0.000079
0.000076
0.000076
0.000076
0.000077
0.000075
0.000075
0.000351
0.000064
0.000064
0.000064
0.000062
0.000062
0.000062
0.000062
0.000063
0.000062
0.000598
0.000072
0.000082
0.000069
0.000070
0.000069
0.000068
0.000068
0.000068
0.000069
0.000319
0.000076
0.000075
0.000072
0.000073
0.000071
0.000074
0.000072
0.000147
0.000076
0.000489
0.000075
0.000072
0.000070
0.000071
0.000071
0.000070
0.000070
0.000070
0.000069