total_time:
0.228329
0.155142
0.152282
0.152283
0.152472
0.152538
0.152487
0.152596
0.152069
0.152283
0.228139
0.154801
0.152203
0.152693
0.152602
0.152277
0.152539
0.152241
0.152544
0.152503
0.226912
0.155733
0.153150
0.153020
0.153224
0.153153
0.153133
0.153137
0.153107
0.153202
0.225430
0.155090
0.152418
0.152474
0.152436
0.152420
0.152397
0.152551
0.152501
0.152427
0.227241
0.155702
0.153157
0.153221
0.153172
0.153157
0.153171
0.153225
0.153182
0.153173
0.233486
0.155449
0.152831
0.152835
0.152830
0.152768
0.152800
0.152898
0.152836
0.152820
0.227308
0.155694
0.153085
0.153072
0.153068
0.153055
0.153081
0.153047
0.153073
0.153047
0.225795
0.154959
0.152465
0.152418
0.152422
0.152408
0.152402
0.152382
0.152421
0.152364
0.227217
0.156292
0.153677
0.153610
0.153525
0.153535
0.153578
0.153587
0.153552
0.153616
0.229893
0.155587
0.153031
0.153064
0.153006
0.152986
0.153054
0.153084
0.153061
0.153014