compile_opencl_time:
0.074048
0.073233
0.074918
0.07384
0.07218
0.07176
0.072261
0.072024
0.072983
0.071278
total_time:
0.004703
0.003821
0.004099
0.003888
0.004025
0.004148
0.004724
0.003907
0.003938
0.003868
0.004705
0.003963
0.00397
0.003937
0.003995
0.004021
0.003992
0.003989
0.003941
0.004504
0.004284
0.003556
0.003638
0.003693
0.003597
0.003569
0.003575
0.003667
0.003743
0.003652
0.005727
0.004546
0.004567
0.004736
0.00469
0.005371
0.004656
0.004591
0.004651
0.00468
0.004533
0.003668
0.003843
0.003786
0.003744
0.003774
0.003861
0.003818
0.003825
0.003824
0.00528
0.004773
0.004858
0.004985
0.004828
0.004749
0.004767
0.004835
0.004786
0.005098
0.003614
0.003646
0.003657
0.003645
0.003681
0.00368
0.003644
0.00371
0.003711
0.005511
0.005028
0.0049
0.004872
0.004841
0.004898
0.005642
0.004909
0.004961
0.004932
0.005568
0.003588
0.003684
0.004245
0.003608
0.00369
0.003621
0.003691
0.003734
0.003667
0.004497
0.003864
0.003825
0.003894
0.00386
0.003921
0.003915
0.003927
0.003894
0.003843
