compile_opencl_time:
0.133692
0.127157
0.133
0.133288
0.124737
0.130488
0.134461
0.123348
0.123609
0.126629
total_time:
0.01012
0.008223
0.008254
0.008133
0.008213
0.008131
0.008223
0.008044
0.008114
0.008077
0.009749
0.007871
0.00811
0.008133
0.008144
0.008143
0.008155
0.008145
0.008256
0.00795
0.009272
0.007244
0.007229
0.007629
0.007539
0.007378
0.007363
0.007547
0.007452
0.007595
0.011154
0.00942
0.009376
0.009142
0.00914
0.009446
0.009354
0.009227
0.009361
0.009287
0.009811
0.007717
0.007778
0.007856
0.00784
0.007699
0.00767
0.007679
0.007718
0.007748
0.011824
0.009919
0.009979
0.010063
0.009986
0.010021
0.010061
0.010243
0.010297
0.010513
0.009137
0.007308
0.007395
0.007514
0.007507
0.007612
0.007371
0.007434
0.007459
0.007474
0.011827
0.010018
0.010115
0.010101
0.009932
0.00996
0.010119
0.010079
0.010176
0.010182
0.009327
0.007188
0.007601
0.00731
0.007435
0.007516
0.007424
0.007568
0.007453
0.007574
0.009423
0.007718
0.007944
0.007799
0.0078
0.007897
0.007784
0.007937
0.007715
0.007767
