total_time:
0.008083
0.008101
0.008153
0.008106
0.008094
0.00813
0.008067
0.00818
0.008099
0.008107
0.008173
0.008244
0.008102
0.008186
0.008222
0.008139
0.008188
0.008116
0.008119
0.008122
0.00808
0.00808
0.008161
0.00809
0.008077
0.008143
0.008172
0.010193
0.010152
0.010215
0.010184
0.010195
0.01028
0.0103
0.010179
0.01017
0.008661
0.008504
0.008301
0.008383
0.008354
0.008278
0.008353
0.008321
0.00836
0.010152
0.010115
0.010178
0.010074
0.010066
0.010091
0.010066
0.010111
0.010048
0.007381
0.00738
0.007475
0.007407
0.00745
0.007548
0.007485
0.007377
0.007523
0.010228
0.010201
0.010366
0.010204
0.010255
0.010167
0.010163
0.010165
0.010292
0.007667
0.007423
0.007499
0.007586
0.00759
0.007466
0.007579
0.007429
0.007522
0.008792
0.008819
0.008786
0.008757
0.008775
0.008708
0.0089
0.008767
0.008769
