total_time:
0.017324
0.018047
0.015169
0.016514
0.015867
0.015537
0.017318
0.016594
0.017246
0.015147
0.016205
0.01666
0.01694
0.015471
0.015538
0.017202
0.017403
0.016672
0.017883
0.016115
0.017469
0.016264
0.017493
0.017824
0.016706
0.014837
0.015215
0.020375
0.019909
0.022687
0.019025
0.020846
0.019676
0.019619
0.019042
0.022273
0.017231
0.016825
0.018019
0.019168
0.015606
0.017419
0.013295
0.014648
0.015092
0.018854
0.020162
0.020005
0.020963
0.020363
0.023845
0.018572
0.022173
0.020509
0.017058
0.014198
0.016593
0.015971
0.014554
0.01637
0.015253
0.017361
0.014559
0.022295
0.019599
0.022762
0.019248
0.021005
0.022427
0.020005
0.022446
0.021331
0.015365
0.015183
0.015843
0.015043
0.01506
0.016295
0.014795
0.01838
0.015894
0.017099
0.014509
0.016013
0.015193
0.017633
0.017707
0.01734
0.015159
0.016372
