total_time:
0.072968
0.000866
0.000857
0.000867
0.000860
0.000838
0.000849
0.000865
0.000856
0.000846
0.072549
0.000864
0.000852
0.000856
0.000864
0.000848
0.000852
0.000845
0.000853
0.000837
0.075887
0.000848
0.000844
0.000856
0.000858
0.000833
0.000848
0.000845
0.000854
0.000827
0.073252
0.000867
0.000856
0.000862
0.000851
0.000836
0.000853
0.000853
0.000850
0.000850
0.074654
0.000862
0.000872
0.000871
0.000856
0.000841
0.000849
0.000848
0.000846
0.000858
0.072440
0.000822
0.000774
0.000782
0.000774
0.000786
0.000781
0.000798
0.000781
0.000770
0.072105
0.000870
0.000852
0.000845
0.000853
0.000857
0.000862
0.000847
0.000859
0.000844
0.073887
0.000868
0.000863
0.000847
0.000843
0.000843
0.000858
0.000833
0.000847
0.000845
0.073425
0.000855
0.000859
0.000856
0.000846
0.000896
0.000840
0.000854
0.000843
0.000850
0.072877
0.000848
0.000844
0.000852
0.000853
0.000854
0.000852
0.000850
0.000852
0.000830