total_time:
0.927193
0.922136
0.922832
0.926773
0.922768
0.923323
0.920051
0.918706
0.923647
0.923809
0.920775
0.919302
0.927096
0.92519
0.925
0.922928
0.927537
0.926121
0.915202
0.909759
0.912674
0.915238
0.91175
0.91006
0.910424
0.915286
0.918259
0.937048
0.939942
0.917452
0.919203
0.92802
0.920073
0.922364
0.92047
0.920148
0.922997
0.919002
0.913498
0.915994
0.920048
0.914381
0.907547
0.914778
0.921303
0.915322
0.913225
0.914506
0.917756
0.912437
0.925219
0.920262
0.919801
0.922012
0.918602
0.928683
0.917264
0.922302
0.925997
0.922249
0.919766
0.920096
0.918235
0.917048
0.926
0.911443
0.918314
0.918162
0.914458
0.916622
0.918038
0.917803
0.916071
0.917539
0.917725
0.913969
0.9227
0.921599
0.923245
0.918069
0.918613
0.923688
