total_time:
0.112682
0.039946
0.038946
0.038915
0.038944
0.038868
0.038950
0.038861
0.038860
0.038879
0.116819
0.039955
0.038936
0.038921
0.038983
0.038961
0.038900
0.038921
0.038940
0.038992
0.116895
0.039855
0.038884
0.038873
0.038834
0.038897
0.038854
0.038886
0.038852
0.038840
0.115459
0.039940
0.039004
0.039022
0.039001
0.038959
0.038947
0.038975
0.039017
0.038998
0.111694
0.039976
0.038973
0.038954
0.038928
0.038923
0.038920
0.038929
0.039009
0.039091
0.113528
0.040030
0.038981
0.038959
0.038943
0.038943
0.038946
0.038928
0.038956
0.038925
0.115521
0.039912
0.038924
0.038904
0.038895
0.038888
0.038885
0.038881
0.038870
0.038869
0.111841
0.039891
0.038935
0.038825
0.038893
0.038870
0.038831
0.038849
0.038836
0.038840
0.111357
0.039871
0.038904
0.038882
0.038852
0.038881
0.038806
0.038816
0.038859
0.038792
0.114994
0.039917
0.038949
0.038915
0.038915
0.038912
0.038907
0.038917
0.038894
0.038882