total_time:
0.313004
0.312886
0.312727
0.31319
0.312938
0.313388
0.313018
0.313322
0.313192
0.312668
0.311875
0.311828
0.312031
0.312941
0.312813
0.313212
0.313332
0.31301
0.312936
0.313262
0.313614
0.313679
0.313095
0.312261
0.312609
0.312014
0.312063
0.311828
0.312298
0.311921
0.313335
0.313486
0.312998
0.313142
0.313277
0.312718
0.312747
0.312938
0.312816
0.312949
0.312946
0.312814
0.313352
0.312711
0.312639
0.312693
0.312841
0.313142
0.313032
0.31276
0.312717
0.31244
0.312609
0.312644
0.312939
0.312924
0.312924
0.313269
0.312783
0.312765
0.312645
0.312732
0.31312
0.312769
0.312966
0.312657
0.312868
0.31312
0.312602
0.31269
0.312907
0.313167
0.313232
0.313172
0.312997
0.312905
0.31187
0.31178
0.312023
0.311754
