total_time:
0.000822
0.000827
0.00082
0.000832
0.000831
0.000825
0.00082
0.000834
0.000832
0.000783
0.000745
0.000735
0.000756
0.000753
0.000751
0.000747
0.000761
0.000759
0.000824
0.000824
0.000812
0.000832
0.000823
0.000824
0.000817
0.000834
0.000828
0.000779
0.000756
0.000754
0.000765
0.00075
0.000759
0.000756
0.000764
0.000758
0.000895
0.000904
0.000911
0.000894
0.000886
0.000885
0.000896
0.000895
0.000878
0.000757
0.000739
0.000735
0.000759
0.000755
0.000752
0.000751
0.000763
0.000755
0.000751
0.000792
0.000759
0.000765
0.000755
0.000756
0.000745
0.000761
0.000759
0.000951
0.000948
0.000894
0.000917
0.000886
0.000922
0.000897
0.000908
0.000906
0.00082
0.000824
0.000817
0.00084
0.000887
0.000826
0.000802
0.000839
0.000835
0.000769
0.00076
0.000756
0.000767
0.000758
0.000757
0.000753
0.000766
0.000767
