total_time:
0.056959
0.057169
0.0563
0.056287
0.056214
0.05617
0.056105
0.0561
0.056097
0.056703
0.05758
0.056718
0.056764
0.056511
0.056523
0.056519
0.056399
0.056215
0.056611
0.056746
0.055906
0.055954
0.055865
0.055708
0.055723
0.055753
0.055892
0.056796
0.056955
0.056009
0.056049
0.056079
0.056155
0.056187
0.056275
0.056174
0.056654
0.056762
0.055852
0.055773
0.055998
0.055961
0.056001
0.056033
0.056229
0.057115
0.057213
0.056315
0.056263
0.056248
0.056356
0.056946
0.056888
0.057019
0.056131
0.056019
0.055967
0.05598
0.056011
0.056198
0.056204
0.056909
0.057023
0.056109
0.056088
0.056055
0.056232
0.056299
0.056327
0.05629
0.056446
0.056571
0.055674
0.05575
0.05581
0.055886
0.055872
0.055805
0.055715
0.056535
0.056647
0.055815
0.057436
0.057582
0.057457
0.057472
0.056795
0.056724
