total_time:
0.122334
0.122038
0.122618
0.121927
0.122547
0.122299
0.121722
0.12216
0.122108
0.123769
0.122651
0.122139
0.122347
0.121767
0.122344
0.121741
0.121469
0.122741
0.123236
0.122371
0.121356
0.122327
0.121893
0.12139
0.122747
0.121551
0.121199
0.127355
0.125744
0.125066
0.124613
0.125
0.126365
0.126633
0.124957
0.126821
0.127572
0.126659
0.125488
0.124764
0.125114
0.124724
0.125175
0.126069
0.12428
0.123413
0.123273
0.122511
0.123173
0.121819
0.123082
0.122594
0.122509
0.122409
0.126493
0.124995
0.124509
0.124297
0.125137
0.12539
0.124896
0.124312
0.125114
0.125587
0.125531
0.124543
0.125647
0.124299
0.125349
0.124933
0.125042
0.125383
0.124041
0.123108
0.123366
0.122508
0.122402
0.122417
0.122889
0.123346
0.123687
0.122937
0.123291
0.121505
0.122468
0.121862
0.122545
0.122494
0.123319
0.122136
