compile_opencl_time:
0.135201
0.126476
0.127283
0.135076
0.126106
0.126472
0.126999
0.12665
0.1348
0.126275
total_time:
0.001039
0.00081
0.001109
0.000995
0.000905
0.000947
0.000855
0.001123
0.000927
0.001202
0.001056
0.000938
0.000913
0.001035
0.000972
0.00113
0.000914
0.000809
0.001004
0.000908
0.000909
0.000957
0.000915
0.000969
0.000939
0.000892
0.00093
0.001211
0.001089
0.000975
0.001221
0.000908
0.000896
0.00122
0.000962
0.000762
0.000987
0.000802
0.00107
0.000918
0.000778
0.000908
0.000947
0.000941
0.000944
0.001065
0.000788
0.000889
0.000855
0.001098
0.000983
0.000848
0.000998
0.000895
0.001169
0.001127
0.000936
0.000859
0.001067
0.000951
0.000827
0.0011
0.000915
0.001088
0.000858
0.000912
0.000903
0.000861
0.0009
0.001089
0.000945
0.000809
0.00103
0.000951
0.000919
0.000886
0.000949
0.000854
0.000921
0.000824
0.001209
0.001082
0.000908
0.000895
0.000895
0.00098
0.000845
0.000906
0.000854
0.001014
