total_time:
0.000652
0.000646
0.000643
0.00065
0.000646
0.000646
0.00066
0.000672
0.000647
0.000651
0.000656
0.000641
0.000641
0.000638
0.000643
0.000637
0.000641
0.000643
0.000646
0.000643
0.000652
0.000647
0.000643
0.000648
0.000655
0.000645
0.000639
0.000646
0.000641
0.000646
0.000634
0.000673
0.000643
0.000654
0.000641
0.000667
0.000644
0.000639
0.000643
0.00064
0.000636
0.000647
0.000639
0.00064
0.000648
0.000667
0.000637
0.000649
0.000639
0.000638
0.000638
0.000638
0.000638
0.000674
0.00065
0.000664
0.000648
0.000645
0.000646
0.000641
0.000643
0.000661
0.000654
0.000638
0.00066
0.000671
0.000638
0.000674
0.000666
0.000641
0.000665
0.000646
0.000669
0.000655
0.000651
0.000651
0.000657
0.000653
0.000644
0.000645
0.000649
0.000646
0.000637
0.000644
0.000639
0.000651
0.000631
0.000644
0.000627
