compile_opencl_time:
0.073235
0.078232
0.074211
0.073205
0.074222
0.073834
0.07626
0.079037
0.072682
0.074203
total_time:
0.000604
0.000632
0.000506
0.00052
0.000464
0.000446
0.000451
0.000427
0.000443
0.000624
0.000607
0.000513
0.000588
0.000493
0.000489
0.000455
0.000433
0.000451
0.000527
0.000477
0.000454
0.000439
0.000424
0.000415
0.000423
0.000424
0.000518
0.000502
0.000467
0.00048
0.00046
0.000465
0.000454
0.000488
0.000451
0.000578
0.000473
0.000438
0.000492
0.000463
0.000493
0.000479
0.000455
0.000428
0.000622
0.000581
0.000496
0.000507
0.000483
0.000477
0.000466
0.000524
0.000475
0.000643
0.000468
0.000433
0.000427
0.000405
0.000457
0.00041
0.000616
0.000663
0.000482
0.000466
0.00047
0.000463
0.000485
0.000492
0.00048
0.000651
0.000522
0.000453
0.000467
0.000462
0.000478
0.000464
0.000428
0.000433
0.0005
0.000479
0.000471
0.000504
0.000451
0.000484
0.000458
0.000475
0.000454
