total_time:
0.133578
0.13353
0.13425
0.132818
0.133559
0.132959
0.133815
0.134076
0.133388
0.137625
0.137378
0.1372
0.138561
0.138144
0.136817
0.13819
0.137282
0.138625
0.133464
0.133451
0.133668
0.133966
0.13315
0.133309
0.13402
0.134896
0.134463
0.137413
0.137556
0.137589
0.137605
0.137244
0.137388
0.136542
0.136596
0.136975
0.133714
0.132992
0.132803
0.13401
0.132442
0.133192
0.133547
0.133558
0.132644
0.136429
0.137192
0.135305
0.136901
0.135302
0.13764
0.134726
0.135571
0.136196
0.137476
0.136176
0.135489
0.13617
0.13585
0.136342
0.136428
0.136238
0.136184
0.134221
0.132796
0.133038
0.132811
0.132165
0.132649
0.133344
0.132675
0.133513
0.132051
0.132087
0.131229
0.130956
0.132041
0.131419
0.130841
0.13144
0.131195
0.134351
0.133315
0.13315
0.132862
0.134091
0.132762
0.133597
0.133642
0.132925
