compile_opencl_time:
0.08148
0.083209
0.084443
0.083476
0.077314
0.078362
0.080511
0.081481
0.080028
0.084795
total_time:
0.017801
0.017905
0.017223
0.017193
0.018557
0.016852
0.017488
0.018629
0.018264
0.017456
0.018973
0.017433
0.018942
0.017228
0.019827
0.017915
0.017389
0.017557
0.018926
0.017669
0.018534
0.01858
0.017939
0.018125
0.018481
0.019015
0.018902
0.018645
0.017917
0.017924
0.019816
0.018853
0.019235
0.019086
0.020049
0.01904
0.018786
0.020758
0.02002
0.018809
0.018531
0.01781
0.017662
0.01788
0.017632
0.018124
0.018709
0.01872
0.018244
0.018168
0.018458
0.016107
0.01629
0.016712
0.017332
0.017249
0.016836
0.017927
0.018247
0.018231
0.019282
0.019253
0.017294
0.016803
0.017725
0.017945
0.01857
0.019302
0.017329
0.018448
0.017958
0.01747
0.017691
0.017069
0.017806
0.018686
0.017845
0.019715
0.017885
0.018086
0.017843
0.016234
0.015999
0.016454
0.016983
0.0171
0.016733
0.016995
0.017016
0.018941
0.018884
0.017305
0.017858
0.018174
0.017192
0.017321
0.019502
0.01838
0.019199
