total_time:
0.050654
0.050866
0.050127
0.049884
0.050214
0.04994
0.050135
0.05016
0.050115
0.051751
0.051562
0.05101
0.051056
0.050708
0.050939
0.051049
0.050844
0.050985
0.050994
0.051309
0.050295
0.050384
0.05052
0.050247
0.050438
0.050379
0.050313
0.051048
0.05085
0.050967
0.053525
0.053026
0.053106
0.051202
0.051056
0.050397
0.050469
0.050327
0.050568
0.050274
0.050462
0.05052
0.050815
0.051034
0.050258
0.05017
0.050319
0.049988
0.050225
0.050211
0.050263
0.051972
0.051714
0.051176
0.051215
0.050949
0.051235
0.051145
0.051329
0.050821
0.050873
0.051203
0.051618
0.051331
0.051565
0.051712
0.051305
0.051816
0.051631
0.05086
0.050684
0.05006
0.053311
0.05353
0.05344
0.05199
0.051219
0.051312
0.051158
0.050485
0.050695
0.050353
0.050727
0.050433
0.050554
0.05064
