compile_opencl_time:
0.085587
0.083253
0.080245
0.080844
0.079543
0.085225
0.080953
0.084807
0.085919
0.08018
total_time:
0.013807
0.013149
0.012314
0.012354
0.013657
0.014598
0.01363
0.014597
0.013561
0.014078
0.0131
0.013036
0.012753
0.014063
0.01504
0.015217
0.013705
0.014272
0.016004
0.01381
0.013034
0.013049
0.01307
0.013377
0.013569
0.014478
0.013463
0.013629
0.014672
0.014815
0.013552
0.013841
0.01436
0.014122
0.013397
0.013807
0.014137
0.0142
0.01484
0.014541
0.012584
0.01384
0.013274
0.013814
0.014685
0.01452
0.013884
0.013715
0.013836
0.01393
0.013082
0.01383
0.013932
0.012492
0.014255
0.013788
0.014426
0.014631
0.013073
0.012973
0.013098
0.01305
0.012808
0.015332
0.013869
0.012565
0.01291
0.015403
0.014722
0.013904
0.013744
0.013542
0.012776
0.014672
0.013073
0.013795
0.01502
0.015084
0.013776
0.013647
0.013593
0.01396
0.013709
0.013638
0.013579
0.014021
0.015464
0.013855
0.012836
0.012987
0.013064
0.013329
0.013349
0.013517
0.013487
0.013144
