total_time:
0.035158
0.035132
0.035104
0.035135
0.035089
0.03516
0.035093
0.035099
0.035175
0.035147
0.035125
0.035115
0.035143
0.035103
0.035165
0.035172
0.035399
0.03523
0.035254
0.035308
0.035338
0.03533
0.035396
0.035292
0.035166
0.035172
0.035123
0.035164
0.035168
0.035201
0.035169
0.035185
0.035221
0.035265
0.035249
0.035241
0.035286
0.035255
0.035243
0.035241
0.035141
0.035148
0.035113
0.03518
0.03517
0.035188
0.035119
0.035123
0.035305
0.035209
0.035083
0.035075
0.035081
0.035091
0.035085
0.035081
0.035253
0.035267
0.035237
0.035191
0.035222
0.035232
0.035257
0.035335
0.035274
0.035301
0.0353
0.0353
0.035312
0.035298
0.035296
0.035281
0.035212
0.035223
0.035209
0.035223
0.035211
0.03522
0.035218
0.035181
