total_time:
0.09386
0.093832
0.093597
0.093721
0.093858
0.09347
0.09349
0.093376
0.093585
0.095853
0.096077
0.095389
0.095881
0.09683
0.09376
0.093874
0.093697
0.093924
0.093929
0.093723
0.093754
0.093556
0.094216
0.093669
0.093803
0.093692
0.093921
0.093218
0.093018
0.09282
0.093085
0.092622
0.093093
0.093273
0.094036
0.093815
0.093474
0.093762
0.093952
0.09461
0.093456
0.094149
0.09616
0.098435
0.098279
0.095439
0.09623
0.095958
0.096375
0.096454
0.096365
0.095754
0.095595
0.095806
0.093347
0.093483
0.093515
0.09329
0.093522
0.093407
0.093368
0.093228
0.093139
0.095247
0.096153
0.09581
0.096151
0.095947
0.096409
0.096212
0.095833
0.096174
0.093417
0.093679
0.093068
0.093272
0.092986
0.093719
0.093609
0.093191
0.093313
0.097223
0.096781
0.096871
0.096334
0.096501
0.096477
0.096379
0.096424
0.096543
