total_time:
0.439023
0.367125
0.367669
0.366541
0.367225
0.367033
0.366444
0.366925
0.366771
0.366561
0.447134
0.368879
0.369451
0.368848
0.369169
0.371005
0.369702
0.369004
0.369173
0.367855
0.438962
0.366019
0.366301
0.366302
0.367414
0.366944
0.366898
0.366762
0.365935
0.366043
0.440314
0.367405
0.367714
0.366508
0.367896
0.370697
0.367773
0.367671
0.366861
0.367118
0.440503
0.367840
0.368053
0.367631
0.367642
0.367741
0.368300
0.369218
0.368589
0.368454
0.440759
0.367049
0.367050
0.366941
0.366749
0.367421
0.366980
0.366793
0.367557
0.368074
0.444173
0.369711
0.368588
0.368186
0.368341
0.367975
0.367871
0.368511
0.368945
0.370168
0.440353
0.367737
0.367868
0.368262
0.367431
0.367956
0.369967
0.368245
0.368338
0.367956
0.443255
0.367576
0.366841
0.366561
0.366342
0.366631
0.366164
0.365952
0.366479
0.366062
0.440400
0.366215
0.365250
0.364798
0.365590
0.365084
0.365095
0.365612
0.366700
0.366302