total_time:
1.287338
1.211829
1.219066
1.210455
1.205254
1.213535
1.216683
1.214531
1.217222
1.216446
1.260548
1.178911
1.182265
1.189460
1.189800
1.189006
1.182162
1.188447
1.193651
1.188091
1.254260
1.187490
1.182450
1.185105
1.184084
1.190010
1.184891
1.186643
1.192771
1.196657
1.282814
1.207882
1.217528
1.219582
1.217273
1.220558
1.220970
1.224567
1.188616
1.191970
1.259281
1.180473
1.188494
1.184044
1.180962
1.198563
1.194468
1.196398
1.182902
1.191061
1.268700
1.184358
1.180926
1.187767
1.186741
1.180812
1.186843
1.187664
1.190342
1.187977
1.297513
1.221546
1.213613
1.221629
1.181956
1.175594
1.178217
1.174184
1.186774
1.181821
1.319942
1.186875
1.186251
1.184275
1.180073
1.189626
1.183459
1.187875
1.191375
1.190133
1.291521
1.185918
1.190485
1.193176
1.186729
1.186338
1.186895
1.194107
1.190274
1.191858
1.278241
1.217545
1.214919
1.228722
1.220187
1.228871
1.222285
1.224663
1.224179
1.226778