select_time:
0.000006
0.000006
0.000006
0.000005
0.000006
0.000006
0.000006
0.000006
0.000005
0.000006

total_time:
0.000326
0.000073
0.000064
0.000062
0.000064
0.000060
0.000063
0.000061
0.000062
0.000061
0.000386
0.000058
0.000055
0.000057
0.000056
0.000062
0.000067
0.000070
0.000068
0.000069
0.000328
0.000062
0.000058
0.000056
0.000057
0.000064
0.000058
0.000058
0.000055
0.000057
0.000354
0.000068
0.000065
0.000065
0.000064
0.000064
0.000063
0.000062
0.000062
0.000063
0.000320
0.000066
0.000064
0.000062
0.000060
0.000061
0.000059
0.000060
0.000061
0.000058
0.000372
0.000065
0.000061
0.000060
0.000061
0.000067
0.000059
0.000058
0.000059
0.000058
0.000343
0.000060
0.000058
0.000064
0.000058
0.000055
0.000057
0.000055
0.000055
0.000056
0.000330
0.000065
0.000063
0.000059
0.000060
0.000060
0.000060
0.000059
0.000060
0.000059
0.000334
0.000062
0.000060
0.000061
0.000060
0.000060
0.000059
0.000059
0.000075
0.000065
0.000350
0.000064
0.000063
0.000061
0.000059
0.000060
0.000060
0.000079
0.000101
0.000099
