total_time:
0.000334
0.000331
0.000316
0.000314
0.000317
0.000313
0.000313
0.000314
0.000314
0.000314
0.000306
0.000292
0.000281
0.000280
0.000280
0.000278
0.000277
0.000283
0.000287
0.000284
0.000327
0.000326
0.000304
0.000301
0.000306
0.000303
0.000303
0.000305
0.000303
0.000303
0.000307
0.000355
0.000298
0.000293
0.000229
0.000204
0.000203
0.000203
0.000203
0.000209
0.000342
0.000306
0.000308
0.000299
0.000299
0.000301
0.000298
0.000317
0.000319
0.000317
0.000349
0.000309
0.000306
0.000307
0.000304
0.000305
0.000305
0.000306
0.000305
0.000307
0.000342
0.000332
0.000322
0.000321
0.000323
0.000320
0.000320
0.000321
0.000324
0.000321
0.000376
0.000285
0.000282
0.000284
0.000279
0.000279
0.000282
0.000280
0.000287
0.000287
0.000242
0.000211
0.000208
0.000208
0.000207
0.000205
0.000202
0.000202
0.000202
0.000203
0.000321
0.000301
0.000304
0.000297
0.000297
0.000299
0.000297
0.000297
0.000296
0.000298