select_time:
0.000006
0.000008
0.000011
0.000015
0.000008
0.000006
0.000006
0.000006
0.000006
0.000007

total_time:
0.000400
0.000117
0.000117
0.000131
0.000132
0.000151
0.000150
0.000151
0.000149
0.000150
0.000384
0.000103
0.000102
0.000102
0.000100
0.000101
0.000101
0.060042
0.113613
0.000141
0.000580
0.000109
0.000106
0.000106
0.000120
0.000109
0.000110
0.000150
0.000229
0.000222
0.000730
0.000125
0.000119
0.000133
0.000176
0.000183
0.000167
0.000167
0.000170
0.000168
0.000403
0.000109
0.000108
0.000107
0.000114
0.000105
0.000105
0.000105
0.000104
0.000103
0.000395
0.000105
0.000101
0.000101
0.000101
0.000099
0.000101
0.000098
0.000144
0.000106
0.000390
0.000110
0.000109
0.000106
0.000105
0.000105
0.000104
0.000107
0.000235
0.000105
0.000392
0.000112
0.000109
0.000112
0.000116
0.000108
0.000108
0.000109
0.000110
0.000108
0.000414
0.000126
0.000127
0.000120
0.000120
0.000125
0.000124
0.000123
0.000121
0.000121
0.000399
0.000118
0.000115
0.000113
0.000115
0.000123
0.000113
0.000112
0.000116
0.000116
