total_time:
0.033772
0.033795
0.033284
0.033436
0.033368
0.033404
0.033293
0.03333
0.033466
0.033736
0.033791
0.033297
0.033282
0.033423
0.033373
0.033269
0.033353
0.033406
0.033624
0.033718
0.033497
0.033363
0.033312
0.033324
0.033397
0.033245
0.033298
0.033647
0.033761
0.033413
0.033278
0.033344
0.033414
0.033277
0.033265
0.033423
0.033633
0.033724
0.033388
0.033346
0.033294
0.033495
0.033443
0.03327
0.03333
0.03375
0.033739
0.033281
0.033404
0.03349
0.033394
0.033316
0.033365
0.033401
0.033699
0.033622
0.033247
0.033385
0.033333
0.033214
0.033273
0.033337
0.03334
0.033837
0.033745
0.033312
0.033401
0.033505
0.033334
0.033311
0.033406
0.033379
0.033828
0.033825
0.033333
0.033404
0.033493
0.033469
0.033389
0.033509
0.033533
0.033757
0.033617
0.033272
0.033385
0.033375
0.033228
0.033291
0.03339
0.033333
