total_time:
0.059951
0.059363
0.059087
0.059417
0.059597
0.059155
0.059923
0.059737
0.059561
0.058494
0.058146
0.057931
0.058152
0.058377
0.05817
0.058034
0.0586
0.058145
0.05832
0.058177
0.057744
0.05778
0.057892
0.05788
0.058433
0.058113
0.05827
0.05873
0.058436
0.058005
0.058322
0.058202
0.057934
0.058323
0.058154
0.058137
0.059927
0.059633
0.059412
0.059282
0.059576
0.059763
0.05928
0.058831
0.05893
0.060161
0.059508
0.059287
0.059157
0.059476
0.059052
0.059042
0.058772
0.059227
0.058865
0.058477
0.057926
0.058208
0.058082
0.058068
0.057874
0.057681
0.058378
0.059353
0.058567
0.058134
0.058263
0.058073
0.057831
0.057625
0.058627
0.057659
0.058253
0.058327
0.058317
0.057136
0.057517
0.057568
0.057765
0.057755
0.05834
0.058438
0.058031
0.057606
0.057818
0.057992
0.057787
0.058234
0.058327
0.058149
