total_time:
0.000377
0.000355
0.000309
0.00029
0.000399
0.000363
0.000354
0.000354
0.000367
0.000373
0.000372
0.000372
0.000371
0.000372
0.000276
0.000348
0.000307
0.000321
0.000354
0.000349
0.000436
0.000384
0.000385
0.000382
0.000379
0.00038
0.000378
0.00038
0.000382
0.000379
0.000369
0.000335
0.000342
0.000332
0.000342
0.000347
0.000345
0.000346
0.000348
0.000347
0.000409
0.000374
0.000377
0.000368
0.000373
0.000371
0.000371
0.000373
0.00037
0.000373
0.000417
0.000409
0.000386
0.00038
0.000386
0.000379
0.000379
0.000382
0.000379
0.000394
0.000432
0.000349
0.000338
0.000337
0.000341
0.000339
0.000341
0.000346
0.000348
0.000348
0.000347
0.000344
0.00033
0.000415
0.000385
0.000374
0.000372
0.000379
0.000375
0.000373
0.000376
0.000373
0.000376
