select_time:
0.000008
0.000007
0.000008
0.000007
0.000010
0.000006
0.000006
0.000007
0.000006
0.000007

total_time:
0.001343
0.000910
0.000934
0.000951
0.000953
0.000951
0.000948
0.000950
0.000943
0.000945
0.001150
0.000858
0.000820
0.000820
0.000830
0.000818
0.000820
0.000826
0.000818
0.000812
0.001220
0.000911
0.000912
0.000906
0.000935
0.000971
0.000966
0.000959
0.000962
0.000963
0.001142
0.000931
0.000908
0.000894
0.000886
0.000879
0.000874
0.000873
0.000866
0.000867
0.001149
0.000844
0.000838
0.000829
0.000828
0.000836
0.000832
0.000839
0.000832
0.000832
0.001214
0.000932
0.000913
0.000918
0.000914
0.000915
0.000927
0.000913
0.000912
0.000917
0.001183
0.000933
0.000882
0.000860
0.000853
0.018546
0.000934
0.000914
0.000911
0.001216
0.001190
0.000865
0.000862
0.000862
0.000862
0.000883
0.000862
0.000867
0.000864
0.000861
0.001147
0.000845
0.000811
0.000814
0.000813
0.000810
0.000813
0.000816
0.000810
0.000812
0.001223
0.000911
0.000902
0.000902
0.000899
0.000898
0.000915
0.000952
0.000978
0.001012
