total_time:
0.015535
0.015231
0.015151
0.015132
0.015142
0.015132
0.015226
0.015148
0.015124
0.015746
0.015376
0.01534
0.015345
0.015337
0.015335
0.015329
0.015317
0.015317
0.015621
0.015261
0.015234
0.015241
0.015231
0.015229
0.015223
0.015215
0.015208
0.015656
0.015267
0.01524
0.015242
0.01526
0.015217
0.015217
0.015216
0.015209
0.015402
0.01501
0.014996
0.014979
0.014973
0.015011
0.014957
0.014982
0.015007
0.015398
0.015103
0.015031
0.015032
0.015028
0.015039
0.015016
0.015048
0.015054
0.015459
0.01514
0.015076
0.015071
0.015068
0.015053
0.01505
0.015046
0.015059
0.015894
0.015527
0.015562
0.015553
0.015563
0.015527
0.015491
0.015473
0.015562
0.015609
0.01525
0.015242
0.015232
0.015215
0.015286
0.015278
0.015244
0.015251
0.015558
0.015187
0.015163
0.015162
0.015157
0.015137
0.015138
0.015139
0.01514
