total_time:
0.045827
0.045363
0.045415
0.045286
0.04524
0.045481
0.045523
0.045815
0.045598
0.045222
0.044638
0.046615
0.045072
0.045093
0.044636
0.045237
0.044642
0.04482
0.046631
0.046771
0.045881
0.045864
0.046375
0.045716
0.045589
0.04567
0.045914
0.046456
0.045705
0.04577
0.045271
0.045771
0.045874
0.04571
0.045834
0.045821
0.045478
0.046186
0.045471
0.045523
0.045226
0.045325
0.045379
0.045157
0.045737
0.044229
0.043682
0.044186
0.043968
0.044254
0.044446
0.043829
0.044067
0.043999
0.045217
0.044608
0.04426
0.044254
0.043943
0.044205
0.044239
0.044475
0.044395
0.047437
0.047003
0.047022
0.046582
0.046869
0.046793
0.046791
0.046467
0.046352
0.045154
0.044965
0.044523
0.044711
0.044295
0.044529
0.044256
0.044569
0.044541
0.044667
0.044208
0.044323
0.044364
0.044064
0.044125
0.044043
0.044048
0.044118
