total_time:
0.088774
0.017689
0.017026
0.017124
0.016987
0.017004
0.017026
0.017095
0.017035
0.017079
0.089629
0.018078
0.017429
0.017429
0.017351
0.017332
0.017345
0.017365
0.017368
0.017304
0.089610
0.017979
0.017262
0.017219
0.017308
0.017196
0.017241
0.017207
0.017196
0.017186
0.089183
0.018117
0.017406
0.017383
0.017345
0.017334
0.017338
0.017352
0.017382
0.017338
0.088844
0.017215
0.016557
0.016515
0.016489
0.016476
0.016467
0.016458
0.016468
0.016472
0.088883
0.017647
0.016958
0.017033
0.016934
0.016894
0.016908
0.016925
0.016952
0.016901
0.088344
0.017405
0.016707
0.016629
0.016620
0.016612
0.016602
0.016668
0.016707
0.016611
0.088936
0.018325
0.017775
0.017679
0.017696
0.017619
0.017616
0.017697
0.017597
0.017636
0.089518
0.017748
0.017116
0.017095
0.017068
0.017064
0.017057
0.017054
0.017049
0.017047
0.089653
0.018094
0.017430
0.017416
0.017429
0.017464
0.017471
0.017449
0.017412
0.017367