compile_opencl_time:
0.137131
0.143810
0.145137
0.139613
0.136322
0.146430
0.137251
0.137028
0.143768
0.146345
total_time:
0.012062
0.010087
0.009879
0.009801
0.009744
0.009868
0.009916
0.009756
0.009795
0.009986
0.011914
0.009874
0.009800
0.009643
0.009620
0.009660
0.009590
0.009688
0.009527
0.009561
0.012150
0.010043
0.009797
0.009716
0.009578
0.009713
0.009620
0.009661
0.009728
0.009667
0.012022
0.010102
0.010024
0.009767
0.009724
0.009770
0.009750
0.009744
0.009731
0.009783
0.011250
0.009653
0.009554
0.009218
0.009633
0.009371
0.009515
0.009399
0.009363
0.009369
0.011722
0.009913
0.009435
0.009402
0.009227
0.009236
0.009204
0.009383
0.009261
0.009315
0.011618
0.009560
0.009366
0.009308
0.009171
0.009106
0.009194
0.009495
0.009152
0.009367
0.012190
0.010240
0.010125
0.010014
0.009939
0.009981
0.010017
0.009998
0.010063
0.010011
0.011945
0.010066
0.009717
0.009587
0.009580
0.009572
0.009497
0.009483
0.009498
0.009522
0.012098
0.010010
0.009829
0.009737
0.009797
0.009670
0.009672
0.009597
0.009640
0.009715