compile_opencl_time:
0.002086
0.002149
0.002226
0.002155
0.002209
0.00212
0.002123
0.002101
0.00224
0.002244
total_time:
0.014546
0.014357
0.014315
0.014567
0.014519
0.014363
0.014538
0.014529
0.014536
0.014528
0.017366
0.017474
0.017236
0.017312
0.01742
0.017212
0.017427
0.017441
0.017588
0.017464
0.019017
0.01879
0.018936
0.018821
0.018821
0.018909
0.018792
0.018771
0.018892
0.018899
0.015984
0.016157
0.01612
0.015906
0.016033
0.016094
0.015899
0.015941
0.016033
0.01595
0.017446
0.017335
0.017351
0.017395
0.017298
0.017428
0.017235
0.017433
0.017229
0.017187
0.016746
0.016954
0.016743
0.016819
0.016803
0.016803
0.016797
0.016895
0.016758
0.016778
0.015723
0.015672
0.015751
0.015522
0.015663
0.015609
0.015648
0.01571
0.015652
0.015613
0.017043
0.016899
0.016926
0.016903
0.017157
0.01702
0.017137
0.017195
0.017028
0.017037
0.015068
0.015009
0.01513
0.014954
0.015046
0.014987
0.015092
0.015068
0.015011
0.014992
0.016975
0.017049
0.017075
0.016979
0.016919
0.017022
0.016963
0.017017
0.01715
0.017195
