total_time:
0.009221
0.009276
0.009406
0.00894
0.008973
0.008994
0.009241
0.009318
0.009192
0.010985
0.011001
0.011038
0.011096
0.011008
0.011044
0.010996
0.010891
0.011085
0.012102
0.011942
0.011993
0.011964
0.011979
0.01205
0.01197
0.011989
0.01181
0.010474
0.010296
0.010439
0.010262
0.010465
0.010372
0.010495
0.010464
0.010451
0.01108
0.011295
0.011174
0.011226
0.01117
0.011282
0.01121
0.011176
0.011238
0.0105
0.010552
0.010656
0.010602
0.010654
0.010636
0.010577
0.010554
0.010534
0.010502
0.01051
0.010525
0.01045
0.010471
0.010437
0.010487
0.010484
0.010423
0.011218
0.011256
0.011219
0.011233
0.011255
0.011184
0.0112
0.011336
0.011419
0.010044
0.010077
0.010076
0.010053
0.010002
0.010017
0.010082
0.010145
0.010027
0.011778
0.011743
0.011724
0.011836
0.011814
0.011735
0.011869
0.011727
0.011595
