total_time:
0.001988
0.001427
0.001433
0.001412
0.001423
0.001443
0.001446
0.00144
0.001461
0.00144
0.001736
0.001739
0.001767
0.001726
0.001752
0.001791
0.001724
0.001731
0.001709
0.001847
0.001793
0.00182
0.001815
0.001824
0.001795
0.001807
0.00179
0.001781
0.001583
0.001609
0.001607
0.001583
0.001598
0.001598
0.001657
0.001576
0.001714
0.001663
0.001659
0.001658
0.001686
0.001662
0.001672
0.001662
0.001665
0.001685
0.0019
0.001488
0.001527
0.001469
0.001487
0.001511
0.001503
0.001501
0.001475
0.001491
0.001877
0.001471
0.001386
0.001387
0.001416
0.001412
0.00138
0.001393
0.00138
0.001385
0.001692
0.001707
0.001711
0.001702
0.001765
0.001659
0.001664
0.001654
0.001672
0.001967
0.001703
0.00171
0.001708
0.001712
0.001732
0.001695
0.001714
0.001694
0.001701
0.00167
0.001701
0.001678
0.001698
0.001663
0.001658
0.001658
0.001671
0.001663
