total_time:
0.029269
0.029615
0.029575
0.030881
0.029303
0.029921
0.029291
0.031828
0.028821
0.029423
0.030484
0.032231
0.032631
0.029691
0.030333
0.030741
0.03059
0.0316
0.032974
0.032046
0.032805
0.03279
0.032894
0.0327
0.030328
0.032737
0.032341
0.033192
0.030782
0.029967
0.031266
0.02954
0.028975
0.029217
0.028427
0.028437
0.031736
0.031935
0.030849
0.029706
0.029327
0.029254
0.029246
0.029699
0.032069
0.032377
0.029794
0.029304
0.031518
0.032509
0.029908
0.031852
0.027623
0.0328
0.029399
0.028881
0.030521
0.030874
0.028922
0.028661
0.030508
0.02952
0.029585
0.030844
0.031814
0.03078
0.030681
0.030909
0.03087
0.031608
0.031402
0.030517
0.027214
0.028599
0.027986
0.029925
0.028611
0.029013
0.031722
0.028384
0.029117
0.032479
0.031206
0.030967
0.032244
0.03505
0.031631
0.03052
0.032757
0.030545
