compile_opencl_time:
0.135904
0.134754
0.137199
0.136943
0.134417
0.132849
0.137854
0.135086
0.13872
total_time:
0.021525
0.018591
0.01919
0.018949
0.017719
0.019032
0.018541
0.019213
0.018915
0.019142
0.021294
0.019967
0.019368
0.020506
0.019702
0.019356
0.018927
0.01947
0.019535
0.02034
0.020976
0.020733
0.020179
0.020413
0.020241
0.019949
0.02003
0.020045
0.020194
0.021472
0.019419
0.019312
0.01856
0.019345
0.018598
0.018503
0.017522
0.019285
0.018805
0.020159
0.017269
0.019672
0.016919
0.016895
0.017057
0.017881
0.016873
0.017315
0.016981
0.021864
0.018673
0.019089
0.016934
0.016924
0.017168
0.016733
0.016745
0.016668
0.016809
0.020043
0.018459
0.017538
0.018186
0.018258
0.017186
0.016927
0.017485
0.01727
0.017338
0.019942
0.01829
0.018763
0.0179
0.019157
0.019037
0.017842
0.01881
0.018714
0.018861
0.019618
0.019517
0.018219
0.019013
0.016938
0.018268
0.01687
0.018751
0.017769
0.017029
0.020948
0.016623
0.018862
0.017645
0.017564
0.01748
0.017417
0.018288
0.016293
0.016355
