compile_opencl_time:
0.14114
0.150871
0.142067
0.149103
0.143758
0.15145
0.145137
0.149203
0.14124
0.140988
total_time:
0.019986
0.019944
0.019693
0.019906
0.019715
0.019706
0.019713
0.019862
0.019603
0.020368
0.020341
0.019388
0.019502
0.019313
0.01925
0.01961
0.01939
0.019503
0.019539
0.01944
0.019435
0.019406
0.01942
0.019577
0.019679
0.019446
0.019546
0.019838
0.019957
0.019723
0.019845
0.019673
0.019635
0.019935
0.01966
0.019746
0.0197
0.019944
0.019719
0.019933
0.019841
0.019959
0.019695
0.019969
0.020454
0.019871
0.019875
0.019841
0.019796
0.019815
0.020024
0.019855
0.019585
0.02027
0.01992
0.020171
0.019795
0.020269
0.020222
0.020077
0.020358
0.020489
0.020164
0.019938
0.020057
0.019887
0.020015
0.019965
0.019701
0.020114
0.020009
0.019885
0.019704
0.019753
0.019555
0.019735
0.019715
0.019554
0.019809
0.019855
0.019806
0.019648
0.019633
0.019789
0.019579
0.01974
0.019733
0.019575
0.019392
0.019777
