compile_opencl_time:
0.002255
0.002337
0.002324
0.002355
0.002252
0.002314
0.002263
0.002252
0.002304
0.002352
total_time:
0.039501
0.03943
0.039489
0.039423
0.039454
0.039465
0.039437
0.039423
0.039459
0.039427
0.039407
0.039412
0.039415
0.039401
0.039333
0.039378
0.039363
0.039382
0.0395
0.039408
0.039446
0.039444
0.039376
0.039433
0.039367
0.039368
0.039395
0.039364
0.039323
0.039299
0.039329
0.039329
0.039368
0.039296
0.039316
0.039304
0.039348
0.039288
0.039355
0.039307
0.039321
0.039285
0.039287
0.039326
0.039312
0.039393
0.039348
0.039294
0.039289
0.039283
0.03927
0.039321
0.039297
0.039318
0.039437
0.039436
0.039387
0.03947
0.039421
0.039462
0.039379
0.039379
0.039354
0.039438
0.039397
0.039325
0.03938
0.039387
0.039346
0.039326
0.039333
0.039354
0.039428
0.03938
0.03939
0.039393
0.039365
0.039373
0.039394
0.039396
0.039374
0.039346
0.039359
0.039414
0.039337
0.03937
0.039388
0.039335
0.039358
0.039306
