total_time:
0.095204
0.094881
0.094833
0.095437
0.095325
0.094975
0.095676
0.095434
0.095253
0.096021
0.09589
0.09602
0.096482
0.095901
0.095985
0.09618
0.096103
0.09607
0.094321
0.09391
0.09289
0.093676
0.092999
0.092908
0.09318
0.092947
0.092884
0.09471
0.094674
0.094335
0.094719
0.094494
0.093976
0.094056
0.094569
0.094699
0.095272
0.095065
0.094293
0.094528
0.09455
0.094334
0.094551
0.09446
0.094687
0.094889
0.095253
0.095454
0.095275
0.094679
0.094826
0.09547
0.095344
0.09455
0.096476
0.093927
0.094018
0.093777
0.093546
0.093992
0.09321
0.093538
0.093678
0.096039
0.096309
0.095609
0.09593
0.09594
0.095815
0.09566
0.095744
0.095955
0.092408
0.092468
0.092961
0.092825
0.093172
0.09295
0.093498
0.092999
0.093524
0.097832
0.096002
0.095676
0.097419
0.097687
0.095961
0.096817
0.095945
0.097013
