total_time:
0.002669
0.002573
0.00257
0.00256
0.002557
0.002556
0.002564
0.00258
0.002584
0.002556
0.002505
0.002507
0.002473
0.002505
0.002479
0.002518
0.002469
0.002475
0.002745
0.002667
0.002669
0.002659
0.002661
0.002665
0.002662
0.00266
0.002689
0.00257
0.002483
0.002481
0.002474
0.002479
0.002479
0.002482
0.002478
0.002471
0.00256
0.002489
0.002489
0.002485
0.002491
0.002489
0.002484
0.00248
0.002483
0.002404
0.002319
0.002349
0.002325
0.002318
0.002313
0.002311
0.002337
0.002314
0.002883
0.002823
0.002794
0.002772
0.002782
0.002773
0.002813
0.002773
0.00277
0.002362
0.002292
0.002285
0.002275
0.00228
0.002274
0.002277
0.002279
0.002276
0.002578
0.002491
0.00249
0.002488
0.00249
0.00252
0.002488
0.002486
0.002495
0.002399
0.002321
0.002334
0.002316
0.002328
0.002318
0.002321
0.00232
0.002318
