total_time:
0.004061
0.003928
0.003898
0.003921
0.003887
0.003909
0.003934
0.003901
0.00392
0.003509
0.003384
0.003381
0.003383
0.003381
0.003378
0.00339
0.003368
0.003363
0.003803
0.003679
0.00366
0.003648
0.00364
0.003666
0.003668
0.003685
0.003683
0.0036
0.003456
0.003425
0.00341
0.003488
0.003424
0.003452
0.003453
0.003405
0.003592
0.003469
0.003458
0.003426
0.003452
0.003429
0.003454
0.00345
0.003433
0.00329
0.003136
0.003114
0.003129
0.003137
0.003123
0.003129
0.00313
0.003131
0.003992
0.003869
0.003859
0.003852
0.003892
0.003889
0.003873
0.003912
0.003873
0.003444
0.003283
0.003298
0.003288
0.003287
0.003284
0.003326
0.003289
0.003306
0.00358
0.00343
0.003422
0.003413
0.003436
0.003423
0.003418
0.003424
0.003397
0.003276
0.003158
0.003151
0.003135
0.003153
0.003136
0.003131
0.00313
0.003139
