compile_opencl_time:
0.078473
0.082544
0.08123
0.080413
0.07654
0.079221
0.077364
0.080292
0.075619
total_time:
0.00219
0.002244
0.002036
0.002026
0.001987
0.002061
0.00208
0.002087
0.002112
0.002346
0.002149
0.002032
0.002121
0.00207
0.002011
0.001993
0.001995
0.002025
0.001969
0.002424
0.002172
0.002119
0.002216
0.00211
0.002115
0.002046
0.002114
0.002043
0.002235
0.002181
0.002056
0.002081
0.002064
0.002002
0.002072
0.001995
0.001944
0.002633
0.001855
0.001843
0.001941
0.001889
0.00186
0.001882
0.001917
0.001864
0.002608
0.002018
0.001784
0.00179
0.001753
0.002026
0.002353
0.001808
0.001697
0.001805
0.002481
0.002441
0.002377
0.002389
0.002434
0.002475
0.00244
0.002425
0.002326
0.002369
0.001967
0.001851
0.001884
0.001904
0.001926
0.001915
0.001788
0.001761
0.001709
0.002309
0.002136
0.002121
0.00217
0.002102
0.002319
0.002024
0.002058
0.002097
0.002472
0.001854
0.001791
0.001827
0.00194
0.001808
0.001834
0.001775
0.00174
0.001722
