compile_opencl_time:
0.079731
0.082084
0.080284
0.076805
0.083947
0.083824
0.076612
0.078177
0.078935
0.078037
total_time:
0.011278
0.010524
0.011673
0.009534
0.009147
0.009483
0.009965
0.009815
0.009708
0.009775
0.009752
0.009389
0.009242
0.009849
0.010425
0.010564
0.010679
0.010984
0.01096
0.010791
0.009779
0.009708
0.010761
0.010157
0.010366
0.009832
0.009904
0.009464
0.009464
0.010572
0.010081
0.010053
0.009315
0.009614
0.009578
0.009796
0.009496
0.009663
0.009826
0.010525
0.010246
0.010538
0.010253
0.011746
0.010471
0.00994
0.009712
0.010762
0.01099
0.0103
0.00974
0.010131
0.009757
0.010014
0.010069
0.010092
0.009957
0.010143
0.010883
0.010205
0.009733
0.0096
0.009753
0.009518
0.009678
0.009646
0.010557
0.011025
0.011278
0.009467
0.009623
0.009202
0.009815
0.01014
0.009904
0.009314
0.009301
0.009853
0.010575
0.009408
0.009149
0.009163
0.009851
0.009262
0.008957
0.009497
0.009898
0.011444
0.010688
0.009797
0.008779
0.008694
0.008819
0.009089
0.009068
0.008932
0.009015
0.009737
