compile_opencl_time:
0.139570
0.140417
0.139632
0.143878
0.146231
0.140547
0.138329
0.140203
0.139492
0.142368
total_time:
0.028368
0.027779
0.027634
0.027368
0.026591
0.026927
0.024813
0.024705
0.024843
0.024789
0.029053
0.026000
0.026346
0.026581
0.024792
0.026704
0.026585
0.027660
0.026868
0.028189
0.029870
0.025085
0.027089
0.027722
0.029424
0.027612
0.027561
0.027130
0.027747
0.028569
0.031136
0.025801
0.027803
0.027821
0.026084
0.027890
0.025581
0.025170
0.025404
0.025126
0.029211
0.026535
0.026723
0.026320
0.026352
0.026539
0.026680
0.027003
0.026710
0.027136
0.029434
0.025800
0.027002
0.026522
0.026232
0.027013
0.026610
0.026774
0.025616
0.027114
0.028457
0.025909
0.026165
0.026655
0.026522
0.025686
0.026610
0.026644
0.026786
0.026635
0.029488
0.025960
0.025711
0.027271
0.026297
0.025985
0.026699
0.025652
0.025811
0.025568
0.029214
0.026331
0.026327
0.026695
0.026169
0.028075
0.028061
0.030083
0.028391
0.026331
0.029889
0.025976
0.026685
0.025798
0.026517
0.027211
0.026284
0.026106
0.027389
0.025964