total_time:
0.234042
0.231356
0.231316
0.231368
0.231672
0.231743
0.231817
0.231803
0.231599
0.234118
0.230738
0.230962
0.230904
0.230911
0.230988
0.23071
0.230545
0.230419
0.233937
0.231664
0.231617
0.231745
0.231424
0.231158
0.231124
0.231272
0.231693
0.232252
0.232469
0.232375
0.232389
0.232376
0.232438
0.232382
0.232225
0.233517
0.230858
0.231044
0.231328
0.231537
0.231447
0.231389
0.231102
0.230746
0.234103
0.230421
0.230381
0.230601
0.230526
0.230795
0.230794
0.230897
0.230839
0.234128
0.231521
0.231525
0.231677
0.231752
0.232039
0.232094
0.232164
0.232148
0.232975
0.230979
0.230677
0.230166
0.230576
0.230921
0.230889
0.231051
0.230635
0.234193
0.231473
0.231759
0.231778
0.23183
0.2319
0.231584
0.231349
0.231447
0.233873
0.231868
0.2319
0.23181
0.231656
0.231457
0.231249
0.231496
0.231637
