compile_opencl_time:
0.136707
0.146101
0.136088
0.13476
0.143953
0.142916
0.135033
0.135454
0.134591
0.131951
total_time:
0.13849
0.133746
0.133483
0.133935
0.133575
0.133052
0.133734
0.13348
0.133418
0.139219
0.134545
0.134509
0.13455
0.13473
0.134209
0.134547
0.134256
0.134763
0.137055
0.132275
0.132296
0.132421
0.132204
0.132111
0.1321
0.131906
0.131844
0.135908
0.136337
0.13545
0.135944
0.13551
0.135629
0.134595
0.135825
0.138
0.13284
0.133452
0.133293
0.133033
0.133188
0.133217
0.132991
0.133156
0.138603
0.134833
0.134215
0.134841
0.134733
0.134328
0.134999
0.134573
0.13473
0.135234
0.135519
0.135467
0.134535
0.134974
0.134663
0.135223
0.135378
0.134062
0.131351
0.131048
0.131227
0.130569
0.130996
0.130203
0.130743
0.130673
0.137571
0.132913
0.132547
0.133163
0.132795
0.133323
0.133823
0.13312
0.133351
0.136976
0.132606
0.132373
0.133478
0.133196
0.132455
0.132289
0.133227
0.132373
