total_time:
0.043535
0.043607
0.04307
0.04308
0.043027
0.043065
0.043042
0.043077
0.043051
0.043803
0.043866
0.043392
0.043464
0.043451
0.043443
0.043469
0.043516
0.043535
0.043837
0.043928
0.043367
0.043411
0.043328
0.043321
0.04334
0.043392
0.043336
0.043665
0.04361
0.043132
0.043039
0.043037
0.043052
0.043063
0.043031
0.043007
0.043726
0.043721
0.043295
0.043282
0.043221
0.043199
0.043241
0.043249
0.043256
0.043506
0.043545
0.043055
0.042992
0.043015
0.043011
0.042996
0.042979
0.043021
0.043775
0.043819
0.043358
0.04346
0.04341
0.04338
0.04333
0.043412
0.043395
0.043802
0.043937
0.043301
0.043399
0.043403
0.043518
0.043285
0.043464
0.043443
0.04383
0.043865
0.043286
0.043276
0.04331
0.043311
0.043316
0.043232
0.043408
0.043703
0.043791
0.043347
0.043279
0.043292
0.043244
0.04347
0.043244
0.043268
