total_time:
0.084221
0.011365
0.010963
0.010921
0.010986
0.010979
0.010976
0.010922
0.010927
0.010939
0.083285
0.011280
0.010913
0.010828
0.010834
0.010838
0.010833
0.010857
0.010863
0.010847
0.082072
0.011388
0.010998
0.010947
0.010973
0.010973
0.010953
0.010947
0.010960
0.010977
0.081854
0.011421
0.010962
0.010906
0.010987
0.010997
0.010987
0.010960
0.010941
0.010941
0.084248
0.011314
0.010915
0.010834
0.010925
0.010857
0.010862
0.010837
0.010836
0.010881
0.087111
0.011402
0.011008
0.010979
0.010990
0.010988
0.010977
0.010954
0.010958
0.010977
0.081822
0.011364
0.010966
0.010910
0.010970
0.010971
0.010975
0.010925
0.010943
0.010932
0.083839
0.011369
0.010982
0.010947
0.010957
0.010912
0.010920
0.010885
0.010956
0.010902
0.082154
0.011320
0.010902
0.010836
0.010842
0.010901
0.010840
0.010813
0.010841
0.010831
0.082410
0.011398
0.010951
0.010919
0.010938
0.010955
0.010957
0.010957
0.010960
0.010974