total_time:
0.083379
0.011057
0.010820
0.010826
0.010834
0.010814
0.010788
0.010809
0.010801
0.010799
0.081812
0.010951
0.010741
0.010744
0.010738
0.010738
0.010716
0.010728
0.010736
0.010706
0.083101
0.011041
0.010878
0.010822
0.010812
0.010810
0.010808
0.010809
0.010852
0.010837
0.084433
0.011140
0.010851
0.010872
0.010877
0.010835
0.010834
0.010858
0.010854
0.010848
0.082397
0.010928
0.010763
0.010758
0.010724
0.010760
0.010731
0.010735
0.010744
0.010741
0.085863
0.011052
0.010833
0.010828
0.010805
0.010809
0.010818
0.010840
0.010836
0.010817
0.084360
0.011045
0.010825
0.010820
0.010822
0.010807
0.010817
0.010813
0.010829
0.010811
0.081820
0.010999
0.010813
0.010809
0.010783
0.010799
0.010773
0.010812
0.010825
0.010777
0.084037
0.010998
0.010770
0.010703
0.010730
0.010721
0.010760
0.010733
0.010779
0.010728
0.097265
0.011054
0.010824
0.010805
0.010845
0.010822
0.010816
0.010821
0.010836
0.010810