compile_opencl_time:
0.081028
0.082758
0.076638
0.081346
0.080664
0.083432
0.079137
0.085669
0.081028
0.077507
total_time:
0.005031
0.004488
0.004312
0.004077
0.004028
0.004100
0.005016
0.004222
0.004117
0.004554
0.005472
0.004595
0.004610
0.004826
0.004399
0.003847
0.003712
0.003957
0.003811
0.003870
0.005397
0.004728
0.004375
0.003908
0.003802
0.003922
0.004022
0.003943
0.004056
0.003982
0.004486
0.004881
0.004119
0.004003
0.003848
0.003960
0.004130
0.004112
0.004903
0.004614
0.005040
0.003966
0.004607
0.003851
0.003766
0.003598
0.003595
0.003613
0.003881
0.004473
0.005031
0.003972
0.004207
0.003885
0.004138
0.003976
0.003907
0.004734
0.004565
0.004009
0.008347
0.004028
0.003847
0.003938
0.004386
0.005096
0.004038
0.004027
0.004417
0.004190
0.005318
0.004633
0.004770
0.004683
0.004661
0.004005
0.005215
0.004142
0.004080
0.004058
0.005303
0.004503
0.004903
0.004059
0.003573
0.003804
0.004121
0.003635
0.003902
0.004010
0.005671
0.003983
0.003947
0.003764
0.003758
0.003975
0.003940
0.004079
0.004639
0.004837