total_time:
0.174373
0.098285
0.096869
0.097153
0.097837
0.097545
0.097824
0.097450
0.098199
0.098118
0.172548
0.101339
0.100611
0.099827
0.099146
0.099403
0.099615
0.099890
0.099482
0.099747
0.173872
0.101345
0.100469
0.100328
0.100043
0.100114
0.099681
0.100439
0.100092
0.100333
0.172614
0.098174
0.098398
0.097920
0.098823
0.097846
0.098074
0.097749
0.097573
0.097595
0.183924
0.100652
0.099777
0.099159
0.099905
0.099791
0.099547
0.099300
0.099327
0.099191
0.174143
0.101240
0.100471
0.099034
0.099729
0.100342
0.100177
0.100180
0.099990
0.099670
0.179352
0.101564
0.100877
0.099803
0.099971
0.099145
0.099731
0.099682
0.100059
0.100413
0.177590
0.101729
0.100456
0.100049
0.100300
0.100421
0.100139
0.099858
0.099490
0.100757
0.173571
0.099282
0.097936
0.097621
0.097872
0.098397
0.097879
0.097405
0.097312
0.098246
0.169969
0.098880
0.097488
0.097666
0.097752
0.097406
0.097214
0.097354
0.097161
0.097444