compile_opencl_time:
0.080115
0.079005
0.080400
0.081000
0.080375
0.084399
0.083364
0.085568
0.079382
0.079741
total_time:
0.019524
0.015072
0.015534
0.014261
0.014671
0.014642
0.015229
0.014304
0.014779
0.014335
0.015847
0.015556
0.013958
0.014387
0.013927
0.014799
0.015096
0.014331
0.015282
0.015078
0.014897
0.015218
0.013870
0.014578
0.014178
0.014795
0.015245
0.014235
0.015599
0.015197
0.016099
0.015532
0.015470
0.013947
0.014305
0.014145
0.013988
0.014611
0.014320
0.014789
0.015167
0.015214
0.013481
0.014687
0.014749
0.014179
0.014915
0.014769
0.014506
0.014967
0.017487
0.014326
0.014538
0.014591
0.014703
0.014229
0.015846
0.014620
0.014950
0.015841
0.016008
0.014301
0.015103
0.014546
0.014495
0.016106
0.016169
0.014329
0.015176
0.014379
0.015732
0.014524
0.013242
0.014077
0.013850
0.014171
0.013964
0.014013
0.014258
0.014205
0.014795
0.015618
0.014994
0.014967
0.014875
0.015396
0.014717
0.016158
0.015308
0.015444
0.015411
0.015211
0.014165
0.013802
0.013810
0.013934
0.013834
0.014352
0.014218
0.014446