total_time:
0.381098
0.308950
0.310367
0.308241
0.308605
0.308464
0.307986
0.307634
0.307389
0.307460
0.386056
0.310997
0.311747
0.307838
0.308446
0.308549
0.309057
0.308608
0.309259
0.311136
0.379687
0.306583
0.307553
0.305045
0.305284
0.305145
0.304977
0.305295
0.305359
0.305088
0.378870
0.307735
0.308836
0.306170
0.309196
0.307459
0.307234
0.307233
0.306568
0.306316
0.381365
0.309791
0.310977
0.308179
0.308433
0.308014
0.308686
0.308503
0.308520
0.308111
0.380031
0.306402
0.307853
0.306125
0.305606
0.305801
0.305664
0.305734
0.305703
0.305637
0.384608
0.311253
0.312376
0.309497
0.309521
0.309420
0.310010
0.309853
0.309787
0.310093
0.384886
0.312819
0.313733
0.311211
0.311590
0.311278
0.311517
0.311518
0.312238
0.311307
0.379824
0.307320
0.307925
0.305632
0.306039
0.305517
0.305985
0.305476
0.305794
0.305950
0.387179
0.309057
0.310058
0.307613
0.307624
0.307701
0.307435
0.307578
0.307586
0.307646