total_time:
0.200561
0.129147
0.127429
0.127350
0.127525
0.127385
0.127404
0.127315
0.127346
0.127538
0.205692
0.128614
0.127238
0.126756
0.126826
0.126919
0.126759
0.127088
0.126895
0.127027
0.200033
0.128802
0.126964
0.127238
0.127010
0.127122
0.126983
0.126931
0.127047
0.126987
0.199762
0.128720
0.126778
0.126932
0.126609
0.126812
0.126855
0.126525
0.126929
0.126799
0.203824
0.129079
0.127527
0.127373
0.127290
0.127437
0.127387
0.127647
0.127413
0.127399
0.199845
0.128394
0.127264
0.127198
0.126968
0.127261
0.127176
0.127348
0.127125
0.127133
0.199600
0.129050
0.127022
0.126933
0.127220
0.126946
0.127293
0.127110
0.127246
0.127105
0.209949
0.128834
0.127129
0.126707
0.127006
0.127175
0.126520
0.127201
0.127100
0.127033
0.199893
0.129038
0.127233
0.127443
0.127211
0.127550
0.127339
0.127216
0.127373
0.127275
0.207023
0.128695
0.126959
0.126859
0.126983
0.127335
0.126678
0.127219
0.127137
0.126770