total_time:
0.442038
0.439922
0.439690
0.437053
0.438118
0.438376
0.441053
0.440319
0.439882
0.440425
0.447217
0.442218
0.440002
0.441097
0.449402
0.451129
0.450881
0.441268
0.439940
0.438843
0.446238
0.442034
0.440139
0.440131
0.439193
0.441818
0.440303
0.439811
0.439267
0.438568
0.458100
0.455362
0.453429
0.452914
0.454344
0.452316
0.451282
0.453577
0.454761
0.452683
0.440133
0.437674
0.438208
0.439072
0.437778
0.436886
0.437456
0.436354
0.438053
0.436974
0.443882
0.443528
0.441434
0.441946
0.442696
0.443637
0.439848
0.440190
0.438746
0.439125
0.445752
0.442972
0.441898
0.440941
0.444500
0.444530
0.444762
0.443261
0.442851
0.442504
0.444037
0.442843
0.438303
0.441002
0.439781
0.440503
0.443323
0.440078
0.442236
0.454567
0.459795
0.456040
0.455526
0.454842
0.454049
0.453092
0.457389
0.453925
0.456590
0.456194
0.444665
0.444425
0.441174
0.440649
0.438594
0.438437
0.441465
0.438270
0.439154
0.437962