total_time:
0.084253
0.084216
0.084197
0.084189
0.084181
0.084169
0.084242
0.08427
0.085453
0.083698
0.083582
0.083615
0.083664
0.083631
0.083621
0.083662
0.083702
0.085363
0.083631
0.083689
0.083673
0.083627
0.083593
0.083576
0.083691
0.083595
0.084141
0.084119
0.084174
0.084111
0.08411
0.08404
0.084092
0.084161
0.085749
0.08401
0.08406
0.084022
0.08405
0.084037
0.084109
0.084117
0.084158
0.084159
0.084145
0.084166
0.084048
0.084146
0.084336
0.08421
0.084172
0.084347
0.084359
0.084303
0.084379
0.084467
0.084356
0.084394
0.084338
0.084636
0.084692
0.084684
0.084647
0.08464
0.084639
0.084632
0.08468
0.08462
0.084557
0.08451
0.084592
0.084486
0.084564
0.084546
0.084501
0.084758
0.084894
0.084838
0.084827
0.084822
0.084733
0.084765
0.084778
