total_time:
0.029367
0.031234
0.0278
0.028276
0.028236
0.028632
0.028562
0.028728
0.028865
0.028809
0.030742
0.03245
0.029307
0.029405
0.029671
0.029329
0.029656
0.030014
0.030349
0.02962
0.030756
0.032885
0.029274
0.030025
0.030227
0.030137
0.030143
0.03064
0.030081
0.030457
0.03405
0.0349
0.030934
0.031228
0.031832
0.03143
0.031472
0.031573
0.032315
0.032912
0.033228
0.034428
0.03065
0.033036
0.032412
0.032571
0.032295
0.032706
0.032082
0.032362
0.033515
0.033902
0.030581
0.031735
0.031166
0.031561
0.03163
0.032101
0.031827
0.032273
0.033512
0.032958
0.033534
0.033097
0.033367
0.033102
0.033903
0.034631
0.03453
0.033065
0.034963
0.032285
0.031873
0.032518
0.032489
0.032893
0.03243
0.032007
0.033306
0.029835
0.03243
0.029005
0.029228
0.029463
0.029725
0.02957
0.030039
0.029993
0.029969
0.030867
0.033361
0.030121
0.030427
0.031228
0.031337
0.031534
0.031392
0.031516
0.031387
