total_time:
0.119499
0.119678
0.119464
0.119277
0.1194
0.119494
0.119568
0.119443
0.120692
0.119012
0.119032
0.119326
0.119373
0.119239
0.119152
0.119224
0.119213
0.119899
0.119775
0.119527
0.119626
0.119424
0.119943
0.119915
0.119555
0.120204
0.119849
0.119939
0.11988
0.119949
0.119855
0.119931
0.11974
0.119633
0.120033
0.119658
0.119696
0.119706
0.119945
0.120121
0.119597
0.119625
0.119618
0.119851
0.119893
0.119384
0.119661
0.119669
0.119812
0.119941
0.119939
0.120028
0.119969
0.120297
0.119971
0.120005
0.119702
0.119795
0.119773
0.119787
0.119742
0.119897
0.120012
0.119739
0.1197
0.120455
0.118887
0.118937
0.11868
0.118654
0.11861
0.118704
0.118906
0.119598
0.119446
0.11923
0.119199
0.119293
0.119512
0.119614
0.119323
