total_time:
0.080478
0.002010
0.002000
0.002033
0.001997
0.001998
0.002002
0.002028
0.002321
0.002045
0.080617
0.001748
0.001653
0.001610
0.001585
0.001540
0.001500
0.001479
0.001458
0.001452
0.076470
0.001289
0.001280
0.001279
0.001273
0.001278
0.001276
0.001269
0.001271
0.001271
0.079630
0.001581
0.001582
0.001573
0.001591
0.001570
0.001569
0.001586
0.001579
0.001576
0.083549
0.002207
0.002121
0.002133
0.002108
0.002126
0.002113
0.002108
0.002023
0.002035
0.081685
0.001482
0.001430
0.001430
0.001420
0.001424
0.001414
0.001421
0.001422
0.001433
0.085067
0.001647
0.001605
0.001596
0.001606
0.001599
0.001599
0.001612
0.001621
0.001604
0.077473
0.001684
0.001671
0.001697
0.001682
0.001676
0.001676
0.001727
0.001769
0.001685
0.080012
0.001533
0.001518
0.001510
0.001510
0.001531
0.001507
0.001519
0.001561
0.001519
0.086952
0.001855
0.001785
0.001690
0.001698
0.001694
0.001701
0.001712
0.001705
0.001713