compile_opencl_time:
0.002131
0.002129
0.002225
0.002277
0.002144
0.002207
0.002273
0.002199
0.002159
0.002214
total_time:
0.002961
0.002853
0.002908
0.002920
0.002970
0.002964
0.002880
0.002862
0.002882
0.002857
0.002020
0.002025
0.001983
0.001970
0.002006
0.001979
0.001988
0.002020
0.002024
0.002039
0.001918
0.001912
0.001867
0.001881
0.001914
0.001876
0.001879
0.001881
0.001888
0.001926
0.002358
0.002296
0.002286
0.002310
0.002301
0.002295
0.002318
0.002286
0.002334
0.002325
0.003056
0.003010
0.003033
0.003055
0.003061
0.003036
0.003040
0.003067
0.003051
0.003067
0.002200
0.002090
0.002126
0.002115
0.002153
0.002114
0.002103
0.002119
0.002109
0.002157
0.002447
0.002372
0.002427
0.002470
0.002395
0.002385
0.002400
0.002427
0.002413
0.002456
0.002563
0.002450
0.002469
0.002561
0.002485
0.002538
0.002521
0.002579
0.002512
0.002518
0.002278
0.002202
0.002188
0.002214
0.002214
0.002203
0.002246
0.002264
0.002205
0.002215
0.002633
0.002593
0.002605
0.002617
0.002618
0.002634
0.002648
0.002616
0.002614
0.002619