total_time:
0.000517
0.000175
0.000175
0.000170
0.000172
0.000175
0.000172
0.000167
0.000173
0.000172
0.000733
0.000155
0.000153
0.000165
0.000150
0.000150
0.000149
0.000150
0.000149
0.000152
0.000416
0.000145
0.000143
0.000231
0.000148
0.000145
0.000153
0.000147
0.000160
0.000152
0.000641
0.000163
0.000150
0.000148
0.000146
0.000144
0.000144
0.000148
0.000143
0.000142
0.000759
0.000208
0.000195
0.000202
0.000196
0.000194
0.000194
0.000196
0.000204
0.000195
0.000408
0.000157
0.000154
0.000155
0.000325
0.000162
0.000158
0.000159
0.000158
0.000171
0.000404
0.000154
0.000148
0.000160
0.000146
0.000144
0.000145
0.000144
0.000144
0.000145
0.000609
0.000159
0.000154
0.000162
0.000155
0.000152
0.000152
0.000152
0.000156
0.000155
0.000442
0.000141
0.000204
0.000139
0.000140
0.000139
0.000139
0.000136
0.000138
0.000145
0.000604
0.000185
0.000181
0.000179
0.000177
0.000177
0.000185
0.000178
0.000174
0.000175