select_time:
0.000013
0.000009
0.000010
0.000012
0.000010
0.000011
0.000010
0.000010
0.000010
0.000010

total_time:
0.257141
0.210004
0.231986
0.246359
0.259346
0.258340
0.305695
0.269831
0.271858
0.280805
0.157919
0.196722
0.218773
0.240702
0.254633
0.270239
0.256932
0.281900
0.280954
0.261548
0.161237
0.205420
0.227468
0.244454
0.251117
0.262439
0.280691
0.267052
0.270480
0.265685
0.155660
0.194103
0.217888
0.239443
0.253625
0.265246
0.260546
0.256984
0.274034
0.265288
0.157445
0.204197
0.232607
0.245471
0.266169
0.270663
0.272399
0.268133
0.289102
0.281182
0.148030
0.188084
0.206046
0.235356
0.257215
0.252060
0.278321
0.278653
0.264732
0.249482
0.150266
0.193496
0.217611
0.235282
0.252568
0.271096
0.257331
0.271455
0.281842
0.289578
0.153404
0.195244
0.217145
0.234536
0.251720
0.266582
0.247792
0.259808
0.281444
0.279279
0.153650
0.193040
0.217240
0.235261
0.250847
0.250427
0.260039
0.267429
0.259900
0.260923
0.159247
0.201117
0.217778
0.232473
0.258322
0.254777
0.250641
0.260482
0.261186
0.280435
