total_time:
1.933935
1.868165
1.850912
1.849912
1.884703
1.891910
1.858705
1.857053
1.857880
1.868612
1.945269
1.887195
1.888320
1.886766
1.887026
1.856359
1.868380
1.920955
1.860177
1.879821
1.944636
1.895523
1.877120
1.914148
1.913013
1.876457
1.905435
1.921725
1.892342
1.879262
1.931791
1.871190
1.887549
1.855477
1.856284
1.856798
1.857909
1.856540
1.857971
1.865999
1.915077
1.857189
1.856978
1.856291
1.872165
1.861346
1.884954
1.883676
1.886816
1.854782
2.001368
1.923474
1.912731
1.904810
1.903929
1.905638
1.904990
1.933319
1.909129
1.908690
1.946502
1.900494
1.900083
1.899999
1.900592
1.899131
1.898093
1.899008
1.898234
1.898915
1.881348
1.825050
1.824713
1.825245
1.825908
1.824621
1.827724
1.827273
1.830451
1.825463
1.901142
1.840321
1.839223
1.841444
1.841658
1.840844
1.841390
1.864444
1.870499
1.848388
1.930174
1.860900
1.859182
1.887833
1.867413
1.895044
1.897433
1.899388
1.900028
1.864622