compile_opencl_time:
0.147044
0.138180
0.149963
0.140736
0.147614
0.148764
0.149997
0.138548
0.147925
0.145610
total_time:
4.226909
4.251150
4.233741
4.224877
4.241253
4.234404
4.238599
4.298491
4.229276
4.277357
4.378518
4.451063
4.430037
4.398647
4.380179
4.413145
4.414983
4.411564
4.406376
4.405203
4.297230
4.271251
4.299386
4.306308
4.298338
4.287469
4.349099
4.324525
4.328893
4.306834
4.283294
4.314095
4.284274
4.283266
4.324681
4.326544
4.312824
4.313287
4.316933
4.294132
4.268044
4.278421
4.292707
4.308643
4.341223
4.320563
4.293050
4.292881
4.288494
4.305007
4.364628
4.409212
4.373294
4.421836
4.423188
4.397009
4.412809
4.402252
4.395964
4.404038
4.348209
4.345083
4.311943
4.346338
4.370011
4.353364
4.348879
4.355293
4.307018
4.328716
4.175918
4.172161
4.173522
4.182101
4.173433
4.183978
4.191696
4.186245
4.174341
4.177405
4.212423
4.193680
4.184253
4.205825
4.202425
4.197976
4.195842
4.207230
4.193947
4.181752
4.311888
4.321297
4.300091
4.350735
4.375095
4.356141
4.341892
4.359783
4.345702
4.337119