compile_opencl_time:
0.128828
0.127441
0.136739
0.131811
0.126606
0.132245
0.125224
0.12529
0.130793
0.126892
total_time:
0.007319
0.005357
0.005159
0.005399
0.005135
0.005295
0.005188
0.005102
0.005135
0.005122
0.009039
0.007142
0.006905
0.006787
0.007079
0.006761
0.006969
0.006866
0.00698
0.006852
0.009326
0.007666
0.007339
0.007456
0.007458
0.007531
0.007418
0.007345
0.007317
0.007449
0.009618
0.007299
0.007417
0.007262
0.007381
0.007446
0.008379
0.008862
0.008289
0.008543
0.008306
0.006607
0.00637
0.006472
0.006422
0.006207
0.006331
0.006241
0.006191
0.006258
0.007332
0.005451
0.005403
0.005616
0.005472
0.005393
0.005368
0.005627
0.005556
0.005466
0.008697
0.006711
0.006758
0.006702
0.006856
0.006778
0.006571
0.006661
0.006719
0.006655
0.009482
0.007536
0.007813
0.007727
0.007571
0.007499
0.007717
0.007592
0.007506
0.00771
0.00808
0.007845
0.007923
0.00782
0.007791
0.007764
0.007899
0.007718
0.007911
0.008165
0.00629
0.006174
0.006333
0.006116
0.006105
0.006183
0.006111
0.006138
0.00608
