total_time:
0.004739
0.004843
0.00481
0.004726
0.004762
0.004808
0.00476
0.004765
0.004792
0.00681
0.006744
0.006791
0.006782
0.006764
0.006789
0.006735
0.006798
0.006772
0.007151
0.007136
0.007081
0.007132
0.007041
0.007109
0.007057
0.007058
0.00701
0.006878
0.006962
0.006859
0.006946
0.006859
0.006903
0.006934
0.006947
0.00691
0.005863
0.005884
0.005927
0.005919
0.00588
0.00602
0.005909
0.005986
0.005909
0.005433
0.005424
0.00545
0.005322
0.005402
0.005366
0.005363
0.005403
0.005427
0.006149
0.006041
0.006023
0.006055
0.006016
0.006071
0.006012
0.00603
0.006032
0.006811
0.006806
0.006809
0.006908
0.006815
0.006864
0.006954
0.006903
0.006858
0.007842
0.008004
0.007873
0.007973
0.007971
0.007927
0.007847
0.007918
0.007934
0.005759
0.005777
0.005849
0.005823
0.00581
0.005815
0.005842
0.005818
0.005868
