total_time:
0.072689
0.000676
0.000666
0.000659
0.000684
0.000664
0.000664
0.000674
0.000687
0.000683
0.070994
0.000712
0.000657
0.000657
0.000680
0.000665
0.000666
0.000679
0.000685
0.000667
0.072491
0.000671
0.000662
0.000658
0.000722
0.000671
0.000669
0.000682
0.000691
0.000671
0.072932
0.000668
0.000663
0.000662
0.000704
0.000719
0.000704
0.000670
0.000685
0.000711
0.074864
0.000675
0.000703
0.000661
0.000684
0.000679
0.000655
0.000677
0.000689
0.000673
0.074324
0.000682
0.000725
0.000673
0.000678
0.000673
0.000662
0.000674
0.000671
0.000681
0.073266
0.000679
0.000701
0.000712
0.000716
0.000702
0.000659
0.000665
0.000685
0.000677
0.070843
0.000700
0.000670
0.000658
0.000676
0.000670
0.000664
0.000682
0.000691
0.000663
0.070366
0.000673
0.000711
0.000668
0.000709
0.000676
0.000686
0.000676
0.000684
0.000673
0.071224
0.000680
0.000666
0.000669
0.000675
0.000665
0.000664
0.000666
0.000682
0.000673