compile_opencl_time:
0.129142
0.131756
0.130114
0.129073
0.129137
0.12913
0.127087
0.125922
total_time:
0.002272
0.00204
0.001931
0.001863
0.001899
0.001801
0.001899
0.001678
0.00192
0.002157
0.001949
0.001922
0.00192
0.001941
0.001745
0.001879
0.00176
0.001732
0.00226
0.002103
0.002037
0.002015
0.002018
0.002112
0.001921
0.00196
0.001932
0.002471
0.002292
0.002167
0.002257
0.002185
0.002235
0.002377
0.002242
0.002241
0.002451
0.00207
0.001992
0.001917
0.001892
0.001861
0.001737
0.0019
0.001697
0.002182
0.001963
0.001801
0.001764
0.002059
0.0018
0.00197
0.001832
0.001944
0.002147
0.001904
0.002139
0.001803
0.002042
0.001871
0.002049
0.001673
0.002013
0.002117
0.001965
0.00195
0.002085
0.001994
0.001893
0.001879
0.001906
0.001803
0.002329
0.002231
0.002108
0.002072
0.00195
0.002178
0.00207
0.002118
0.002103
0.002404
0.002336
0.00225
0.002172
0.00228
0.002152
0.002122
0.002074
0.001967
