total_time:
0.105627
0.033754
0.034276
0.033462
0.033229
0.033334
0.033508
0.033312
0.033141
0.033329
0.109335
0.033946
0.033775
0.033235
0.033512
0.033379
0.033166
0.033363
0.033475
0.033248
0.109052
0.033688
0.033628
0.033542
0.033453
0.033176
0.033180
0.033430
0.033439
0.033116
0.106338
0.033941
0.033705
0.033339
0.033443
0.033341
0.033170
0.033258
0.033500
0.033212
0.106245
0.033484
0.033920
0.033249
0.033076
0.033101
0.033272
0.033316
0.033081
0.033114
0.105001
0.033829
0.033887
0.033117
0.033169
0.033496
0.033337
0.033087
0.033477
0.033375
0.107395
0.034124
0.033883
0.033217
0.033445
0.033507
0.033300
0.033206
0.033600
0.033444
0.104272
0.033879
0.033789
0.033251
0.033547
0.033491
0.033267
0.033410
0.033390
0.033396
0.107747
0.033908
0.033701
0.033327
0.033431
0.033370
0.033159
0.033236
0.033465
0.033282
0.107916
0.034091
0.033932
0.033348
0.033596
0.033633
0.033397
0.033455
0.033988
0.033538