total_time:
0.008373
0.007751
0.007137
0.007510
0.007726
0.007872
0.007891
0.007928
0.007888
0.008005
0.007632
0.008670
0.007898
0.007812
0.007801
0.007818
0.007819
0.008048
0.007844
0.007914
0.008474
0.007918
0.007536
0.007847
0.007894
0.007821
0.007875
0.007942
0.007919
0.008104
0.008619
0.008459
0.007728
0.007905
0.008010
0.008010
0.008213
0.008329
0.008296
0.008804
0.008548
0.007981
0.007335
0.007879
0.007930
0.007895
0.007876
0.007914
0.007974
0.007980
0.007733
0.008110
0.007500
0.007794
0.007968
0.007918
0.007912
0.007964
0.007921
0.008041
0.007856
0.007977
0.007242
0.007370
0.007607
0.007719
0.007651
0.007752
0.007909
0.007789
0.007507
0.007099
0.007144
0.007513
0.007517
0.007883
0.007872
0.007719
0.007679
0.007884
0.007679
0.007551
0.007461
0.007898
0.008035
0.008029
0.007982
0.007968
0.007969
0.008140
0.008949
0.008262
0.007484
0.007847
0.007949
0.007935
0.008048
0.008054
0.008124
0.008104