select_time:
0.000015
0.000009
0.000011
0.000008
0.000010
0.000009
0.000009
0.000010
0.000010
0.000010

total_time:
0.010836
0.006784
0.005449
0.005496
0.005656
0.005684
0.005734
0.005843
0.005968
0.005976
0.008185
0.006031
0.004728
0.004834
0.004850
0.005008
0.005083
0.005188
0.005424
0.005602
0.007548
0.006626
0.005133
0.005293
0.005371
0.005482
0.005522
0.005673
0.005710
0.005886
0.006883
0.005773
0.004632
0.004694
0.004794
0.004806
0.004889
0.005043
0.005142
0.005204
0.007128
0.006934
0.005961
0.005130
0.005229
0.005339
0.005385
0.005517
0.005619
0.005800
0.007485
0.006481
0.005080
0.005222
0.005385
0.005404
0.005461
0.005722
0.005792
0.005940
0.007481
0.006564
0.005066
0.005189
0.005343
0.005391
0.005425
0.005605
0.005676
0.005839
0.007190
0.006153
0.004972
0.005045
0.005182
0.005242
0.005364
0.005634
0.005932
0.005912
0.006946
0.006158
0.004944
0.005099
0.005127
0.005196
0.005329
0.005469
0.005753
0.005828
0.007474
0.007229
0.005856
0.005511
0.005524
0.005630
0.005742
0.005967
0.005963
0.006024
