total_time:
0.021033
0.020782
0.020649
0.020665
0.020615
0.020722
0.020692
0.020688
0.020677
0.021009
0.020715
0.020662
0.020747
0.020682
0.020786
0.020679
0.020734
0.020703
0.021124
0.020818
0.020759
0.020856
0.020762
0.020755
0.020775
0.020759
0.020723
0.021004
0.020791
0.020695
0.020698
0.020684
0.020699
0.020706
0.020704
0.02069
0.020967
0.02073
0.020692
0.020719
0.02065
0.020658
0.020669
0.020688
0.020663
0.02106
0.020766
0.020744
0.020726
0.020675
0.020711
0.020692
0.020739
0.020685
0.021034
0.020854
0.020815
0.020899
0.020797
0.020799
0.020922
0.020846
0.020756
0.020884
0.020784
0.020856
0.020873
0.020848
0.020843
0.020884
0.020868
0.020984
0.020771
0.020735
0.020695
0.020617
0.020675
0.020713
0.020686
0.020686
0.02103
0.020756
0.020714
0.020732
0.020738
0.020771
0.020745
0.020722
0.020753
