compile_opencl_time:
0.002393
0.002389
0.002335
0.002369
0.00232
0.002302
0.002281
0.002306
0.002327
total_time:
0.019272
0.01924
0.019206
0.0192
0.019183
0.019199
0.0192
0.019202
0.019191
0.019334
0.019237
0.019288
0.01926
0.019203
0.019225
0.019197
0.019216
0.019254
0.019271
0.019233
0.019237
0.019221
0.01918
0.019259
0.019241
0.019235
0.019203
0.019269
0.019239
0.01921
0.019214
0.01921
0.019235
0.019236
0.019223
0.019218
0.01933
0.01926
0.019272
0.019249
0.019228
0.019234
0.019244
0.019231
0.019231
0.019303
0.019263
0.019337
0.019297
0.019257
0.019263
0.019297
0.019328
0.019228
0.019251
0.019239
0.019202
0.019182
0.019249
0.019243
0.019213
0.019193
0.019194
0.01927
0.019247
0.019226
0.019218
0.019214
0.019239
0.019263
0.019252
0.019207
0.019279
0.01925
0.019278
0.019268
0.019241
0.019276
0.019242
0.019253
0.019272
