compile_opencl_time:
0.083402
0.079031
0.079885
0.08196
0.080359
0.077046
0.080514
0.077968
0.08373
0.080045
total_time:
0.007613
0.006996
0.006419
0.00667
0.006565
0.006585
0.007433
0.006768
0.007009
0.007029
0.007689
0.008041
0.006866
0.006359
0.006841
0.006864
0.007196
0.006695
0.007079
0.006942
0.007224
0.006765
0.006522
0.00647
0.006792
0.00687
0.00684
0.006367
0.006039
0.006581
0.00734
0.006815
0.006387
0.006525
0.006296
0.006594
0.007468
0.006505
0.006547
0.006176
0.00723
0.007021
0.00708
0.006755
0.006607
0.006937
0.007282
0.007239
0.007168
0.007674
0.006929
0.006321
0.007247
0.007251
0.00767
0.007103
0.007489
0.007452
0.007315
0.007123
0.006857
0.00599
0.006285
0.006509
0.006894
0.005911
0.0058
0.006673
0.006563
0.007534
0.006959
0.006481
0.006932
0.006339
0.006727
0.007149
0.007036
0.007144
0.007205
0.007411
0.006859
0.007025
0.006484
0.006776
0.006762
0.006963
0.006896
0.006973
0.006707
0.007511
0.006346
0.006197
0.006259
0.006212
0.00609
0.006543
0.00726
0.006648
0.006425
