compile_opencl_time:
0.111888
0.112996
0.11067
0.112498
0.11287
0.111419
0.111782
0.112699
0.111668
0.114498
total_time:
0.004945
0.004118
0.003888
0.004061
0.003709
0.003733
0.004226
0.003801
0.003836
0.004399
0.004475
0.004017
0.003747
0.003663
0.003528
0.003638
0.003669
0.003542
0.003847
0.00375
0.003688
0.003494
0.003504
0.003434
0.00342
0.003333
0.003396
0.004122
0.005004
0.004031
0.004027
0.003768
0.004036
0.003964
0.003914
0.003876
0.003884
0.003783
0.004195
0.003774
0.003704
0.003822
0.003694
0.00425
0.003967
0.004682
0.004553
0.004219
0.003721
0.003552
0.003629
0.003465
0.003561
0.003656
0.004289
0.004168
0.00482
0.003803
0.003654
0.003711
0.0036
0.003602
0.00361
0.004239
0.003856
0.004897
0.00405
0.003711
0.003846
0.003656
0.003762
0.003597
0.004451
0.00434
0.003989
0.003777
0.003735
0.003832
0.003862
0.003503
0.003577
0.004843
0.004405
0.004218
0.004185
0.004125
0.004112
0.003909
0.003844
0.004742
