total_time:
0.005721
0.00561
0.005583
0.005571
0.005584
0.005583
0.005575
0.005581
0.005582
0.005676
0.005661
0.005655
0.005655
0.005657
0.005646
0.005668
0.005675
0.005677
0.00554
0.005523
0.005527
0.005521
0.005521
0.005516
0.005514
0.005524
0.005759
0.005649
0.005633
0.005629
0.005629
0.00563
0.005626
0.00563
0.005632
0.00576
0.005651
0.005638
0.005639
0.005623
0.00562
0.005617
0.005621
0.005616
0.005766
0.005639
0.005619
0.005631
0.005606
0.005612
0.005607
0.005616
0.005627
0.005719
0.005601
0.005581
0.005582
0.005569
0.00558
0.005566
0.005574
0.005574
0.005761
0.005642
0.005625
0.00562
0.005614
0.005619
0.005617
0.005617
0.005629
0.005705
0.005585
0.005566
0.005571
0.005562
0.005564
0.005551
0.005557
0.005562
0.005712
0.005593
0.005571
0.005565
0.005571
0.005571
0.005562
0.005561
0.005571
