compile_opencl_time:
0.002126
0.002152
0.002098
0.002117
0.002075
0.002152
0.002108
0.002069
0.002186
0.00212
total_time:
0.006462
0.006382
0.006396
0.006365
0.006356
0.006361
0.00636
0.006362
0.00636
0.006499
0.006438
0.006425
0.006426
0.006411
0.006419
0.006418
0.006414
0.00642
0.006486
0.006349
0.006296
0.006278
0.006283
0.006277
0.006275
0.006277
0.006273
0.006269
0.006472
0.00641
0.006395
0.006394
0.006392
0.006391
0.006387
0.006391
0.00639
0.00642
0.006371
0.006363
0.006365
0.006355
0.006362
0.00636
0.00636
0.006361
0.006418
0.00638
0.006358
0.006365
0.006355
0.006348
0.006351
0.006352
0.006346
0.006446
0.006376
0.006359
0.006389
0.006363
0.006366
0.006367
0.006359
0.006347
0.006423
0.006379
0.006336
0.006344
0.006333
0.006333
0.006358
0.00634
0.006329
0.006437
0.006377
0.006345
0.006355
0.006353
0.006351
0.006344
0.00634
0.006344
0.006426
0.006378
0.006344
0.006353
0.006368
0.006348
0.006344
0.006343
0.006344
