total_time:
0.013497
0.013007
0.01299
0.012978
0.012976
0.012954
0.012941
0.012944
0.012946
0.013523
0.013039
0.013018
0.012989
0.01299
0.012976
0.012952
0.01294
0.012945
0.01372
0.01327
0.013191
0.013197
0.01319
0.013218
0.013131
0.013211
0.013131
0.013301
0.012803
0.012792
0.012775
0.012784
0.012766
0.012746
0.012738
0.012763
0.013657
0.013111
0.013144
0.013086
0.013041
0.013036
0.013037
0.013023
0.013039
0.013377
0.012833
0.012805
0.012805
0.012815
0.012778
0.012787
0.012798
0.012769
0.01349
0.013078
0.012965
0.01298
0.01298
0.013023
0.012965
0.012935
0.012948
0.013233
0.01321
0.013203
0.013196
0.013185
0.013183
0.013166
0.013177
0.013684
0.013284
0.013167
0.013191
0.013111
0.013095
0.013092
0.013082
0.013136
0.013303
0.013271
0.013282
0.013264
0.013252
0.013237
0.013226
0.01323
