total_time:
0.047937
0.047408
0.048615
0.048508
0.050091
0.047164
0.047903
0.047701
0.047829
0.04561
0.045136
0.045284
0.045248
0.045597
0.045134
0.045125
0.044448
0.044722
0.048123
0.04905
0.046731
0.046573
0.04631
0.046564
0.046032
0.046361
0.046751
0.047125
0.045131
0.045624
0.045733
0.045867
0.045174
0.046563
0.045786
0.046517
0.046468
0.046878
0.045873
0.046207
0.046149
0.045862
0.046044
0.045841
0.046018
0.04787
0.04567
0.044926
0.04485
0.044549
0.045408
0.044561
0.04493
0.045111
0.045319
0.045431
0.045551
0.044926
0.045106
0.045339
0.045328
0.045024
0.045185
0.049703
0.04896
0.049091
0.049266
0.048781
0.048547
0.047196
0.0473
0.047365
0.048117
0.047997
0.048262
0.04689
0.048056
0.04765
0.04804
0.047834
0.046931
0.047529
0.045541
0.044376
0.044684
0.044814
0.04449
0.044756
0.045
0.044513
