total_time:
0.011306
0.011277
0.011267
0.011275
0.011268
0.011261
0.011255
0.011259
0.011299
0.011262
0.01126
0.011306
0.011315
0.011267
0.011265
0.011303
0.011326
0.011296
0.0113
0.011326
0.011306
0.011292
0.011276
0.011288
0.011321
0.011278
0.011269
0.011275
0.011288
0.011268
0.011258
0.011273
0.011192
0.011164
0.011257
0.011227
0.011215
0.01124
0.011241
0.011209
0.011201
0.011199
0.011327
0.011311
0.011271
0.011269
0.011301
0.011261
0.01129
0.011259
0.011302
0.011307
0.011271
0.011281
0.011279
0.011265
0.01126
0.011282
0.01134
0.011297
0.011304
0.01132
0.011315
0.0113
0.011293
0.011287
