total_time:
2.117105
2.038036
2.049339
2.034107
2.053602
2.038934
2.056375
2.034308
2.040346
2.038585
2.090493
2.014126
2.041630
2.032834
2.043554
2.031602
2.026504
2.027089
2.036432
2.043993
2.114481
2.035421
2.022290
2.023575
2.026212
2.030571
2.034322
2.024115
2.054431
2.046040
2.094636
2.022988
2.019899
2.028124
2.039255
2.039017
2.029128
2.047661
2.033932
2.039631
2.142182
2.079302
2.088742
2.072047
2.056483
2.067127
2.074967
2.072900
2.078097
2.074157
2.096717
2.040397
2.048121
2.026584
2.038950
2.044904
2.027570
2.027833
2.052200
2.019561
2.106244
2.031873
2.026361
2.041737
2.029653
2.027088
2.045022
2.041132
2.031137
2.032805
2.115447
2.036421
2.039943
2.041087
2.036648
2.035932
2.042769
2.047413
2.079190
2.034915
2.085549
2.028717
2.031101
2.026118
2.024791
2.034944
2.060669
2.078754
2.103050
2.078110
2.098616
2.018236
2.041722
2.050799
2.034596
2.053030
2.027644
2.021895
2.034242
2.026411