compile_opencl_time:
0.131359
0.133335
0.139333
0.132630
0.139289
0.132485
0.131539
0.133368
0.131094
0.131014
total_time:
0.582356
0.567590
0.564073
0.563414
0.564257
0.562728
0.565475
0.563352
0.564020
0.541586
0.629822
0.623337
0.643108
0.626685
0.643492
0.627847
0.645291
0.632330
0.638535
0.639749
0.604366
0.584757
0.573032
0.586747
0.570671
0.665152
0.582745
0.580098
0.579058
0.578584
0.640806
0.637755
0.637160
0.635679
0.640252
0.626656
0.627907
0.631617
0.622896
0.623440
0.686515
0.659876
0.645740
0.650328
0.651426
0.660258
0.654244
0.661591
0.661899
0.660110
0.737143
0.644868
0.661178
0.654706
0.648565
0.668501
0.664341
0.656372
0.660950
0.651216
0.593935
0.582124
0.582646
0.572287
0.575108
0.572748
0.580952
0.561849
0.582272
0.560243
0.676600
0.685790
0.676778
0.659202
0.674994
0.668459
0.675511
0.672687
0.703317
0.671712
0.674036
0.672968
0.672207
0.672684
0.665175
0.679104
0.672650
0.693020
0.669700
0.699374
0.662405
0.659625
0.657741
0.652862
0.655450
0.652596
0.647512
0.664471
0.658336
0.659113