total_time:
0.410495
0.411853
0.411317
0.412033
0.411964
0.411804
0.41093
0.411291
0.411661
0.409858
0.410272
0.410363
0.410024
0.409612
0.409804
0.41045
0.410285
0.4089
0.409491
0.410093
0.409551
0.409915
0.409881
0.409567
0.409311
0.409872
0.409702
0.412875
0.413951
0.412338
0.412431
0.412813
0.412784
0.412733
0.412919
0.412809
0.411148
0.411316
0.41095
0.41097
0.410835
0.410973
0.411015
0.410581
0.410708
0.409196
0.410224
0.410216
0.409363
0.409647
0.409904
0.410291
0.409576
0.409722
0.411356
0.41204
0.411487
0.410947
0.411397
0.411915
0.412041
0.411958
0.411843
0.410218
0.411553
0.411096
0.411057
0.410494
0.410429
0.410997
0.411515
0.411018
0.412174
0.413479
0.411199
0.411317
0.411343
0.411935
0.41139
0.411672
0.411196
0.411292
0.411396
0.411423
0.411384
0.41132
0.411052
0.411438
0.410687
0.411224
