total_time:
0.335417
0.33271
0.33163
0.331574
0.331996
0.331639
0.331763
0.331599
0.331801
0.329468
0.326546
0.325507
0.32588
0.325481
0.325506
0.325748
0.325584
0.325586
0.329091
0.325984
0.325308
0.325739
0.325101
0.325285
0.325477
0.324974
0.325342
0.332028
0.32925
0.328387
0.328129
0.328026
0.328532
0.328447
0.328314
0.328107
0.330767
0.327719
0.327075
0.327064
0.326945
0.327171
0.327179
0.326796
0.327054
0.328975
0.326225
0.326012
0.325527
0.325189
0.325445
0.325514
0.325082
0.325747
0.331533
0.328636
0.32787
0.328189
0.327681
0.327631
0.327988
0.328113
0.327711
0.332772
0.329901
0.328864
0.328755
0.329919
0.329099
0.328958
0.328866
0.328635
0.329291
0.326432
0.325295
0.325823
0.325645
0.325555
0.325776
0.325584
0.32552
0.329626
0.326549
0.325535
0.326003
0.325778
0.326403
0.325849
0.325659
0.32552
