total_time:
1.732733
1.728925
1.726001
1.722273
1.718698
1.718082
1.717877
1.708157
1.707766
1.729696
1.721507
1.714871
1.712994
1.718692
1.716392
1.714704
1.718787
1.707606
1.70677
1.745536
1.74567
1.731864
1.726129
1.718585
1.714768
1.714303
1.715083
1.72351
1.726109
1.718508
1.716307
1.714141
1.710996
1.70919
1.710195
1.710771
1.70645
1.742439
1.736019
1.733007
1.724079
1.728361
1.727407
1.722594
1.727228
1.721327
1.718157
1.718225
1.718592
1.722475
1.715991
1.712792
1.709719
1.713575
1.725719
1.724725
1.712716
1.71118
1.712542
1.711358
1.71071
1.711742
1.71133
1.703911
1.727292
1.717769
1.719487
1.719138
1.715795
1.71158
1.71756
1.714953
1.712322
1.708841
1.728185
1.705321
1.710692
1.706398
1.708835
1.710028
1.715801
1.708272
1.729472
1.723091
1.720463
1.712751
1.7228
1.716685
1.713411
1.715793
1.711477
1.741379
