total_time:
0.107369
0.117736
0.107288
0.109545
0.107907
0.110797
0.109656
0.108312
0.109279
0.107002
0.111034
0.111798
0.101876
0.102395
0.106908
0.103855
0.100976
0.104087
0.104957
0.108885
0.107593
0.100832
0.102274
0.101379
0.097978
0.101012
0.100933
0.100958
0.099956
0.111735
0.114414
0.113348
0.112084
0.111893
0.111056
0.11267
0.112441
0.113486
0.114344
0.105332
0.108166
0.106683
0.107637
0.108982
0.110657
0.11077
0.108583
0.108924
0.116486
0.104186
0.103388
0.107161
0.105746
0.108227
0.109704
0.109277
0.107283
0.111477
0.109603
0.101275
0.102789
0.104086
0.101861
0.101998
0.103898
0.102293
0.099936
0.108389
0.115084
0.106524
0.106556
0.107741
0.107678
0.107393
0.109291
0.112541
0.103638
0.109933
0.108049
0.105018
0.108133
0.105357
0.106345
0.105597
0.116275
0.11368
0.116546
0.107948
0.105622
0.103392
0.107046
0.108878
0.109677
0.107871
0.106965
