total_time:
0.072851
0.000891
0.000883
0.000890
0.000885
0.000893
0.000885
0.000907
0.000882
0.000889
0.073171
0.001119
0.001146
0.001121
0.001122
0.001145
0.001125
0.001117
0.001143
0.001119
0.072529
0.000933
0.000890
0.000888
0.000886
0.000889
0.000885
0.000884
0.000883
0.000885
0.070334
0.001034
0.001001
0.000996
0.000999
0.000999
0.001016
0.000999
0.001003
0.000995
0.069158
0.000803
0.000765
0.000760
0.000753
0.000763
0.000759
0.000780
0.000761
0.000762
0.070823
0.000884
0.000887
0.000933
0.000887
0.000881
0.000885
0.000886
0.000886
0.000884
0.073433
0.000922
0.000885
0.000889
0.000888
0.000887
0.000887
0.000892
0.000892
0.000884
0.071790
0.000989
0.000976
0.000989
0.000947
0.000951
0.000949
0.000944
0.000947
0.000946
0.071995
0.001041
0.001049
0.001054
0.001002
0.001012
0.001014
0.001006
0.001008
0.001005
0.073094
0.001103
0.001059
0.001066
0.001064
0.001062
0.001059
0.001061
0.001058
0.001064