total_time:
0.071368
0.000511
0.000511
0.000509
0.000512
0.000511
0.000533
0.000509
0.000505
0.000509
0.073967
0.000629
0.000631
0.000629
0.000625
0.000633
0.000626
0.000655
0.000627
0.000635
0.072325
0.000548
0.000504
0.000503
0.000527
0.000507
0.000506
0.000505
0.000505
0.000506
0.072884
0.000569
0.000572
0.000616
0.000572
0.000568
0.000570
0.000599
0.000570
0.000570
0.073091
0.000491
0.000447
0.000488
0.000443
0.000441
0.000443
0.000444
0.000467
0.000441
0.072641
0.000510
0.000515
0.000512
0.000510
0.000505
0.000530
0.000505
0.000506
0.000508
0.070910
0.000510
0.000519
0.000515
0.000509
0.000511
0.000508
0.000510
0.000510
0.000510
0.071212
0.000588
0.000541
0.000537
0.000533
0.000541
0.000537
0.000565
0.000535
0.000541
0.077362
0.000575
0.000614
0.000567
0.000566
0.000565
0.000593
0.000568
0.000572
0.000568
0.073974
0.000603
0.000603
0.000653
0.000602
0.000632
0.000604
0.000602
0.000600
0.000600