total_time:
0.115506
0.041735
0.039839
0.041802
0.039829
0.040421
0.040479
0.040272
0.040607
0.039608
0.113804
0.038418
0.038742
0.040012
0.039257
0.039615
0.039159
0.040764
0.039062
0.039403
0.112860
0.041481
0.042639
0.041281
0.040850
0.040330
0.041759
0.040626
0.041686
0.040064
0.122781
0.043905
0.045012
0.044372
0.044104
0.044857
0.044723
0.045489
0.044839
0.044584
0.118251
0.042739
0.041328
0.041915
0.042741
0.041801
0.044166
0.042614
0.042341
0.043776
0.118193
0.045815
0.046185
0.042879
0.045545
0.044005
0.041238
0.044902
0.046564
0.046427
0.116706
0.042526
0.041494
0.041453
0.040671
0.041412
0.041270
0.040786
0.041818
0.041033
0.119373
0.043595
0.044389
0.042254
0.041822
0.044305
0.042634
0.042671
0.042264
0.042557
0.123231
0.045986
0.046230
0.045816
0.044394
0.046426
0.046138
0.044095
0.042224
0.045015
0.121111
0.041815
0.042582
0.042921
0.043357
0.041738
0.041760
0.043073
0.042168
0.041442