total_time:
0.081516
0.008667
0.008440
0.008402
0.008396
0.008414
0.008411
0.008394
0.008406
0.008390
0.080347
0.008411
0.008191
0.008162
0.008158
0.008157
0.008165
0.008167
0.008180
0.008157
0.080987
0.008718
0.008506
0.008507
0.008493
0.008492
0.008480
0.008481
0.008466
0.008491
0.084119
0.009264
0.009018
0.008993
0.009005
0.009027
0.009021
0.009018
0.008985
0.008982
0.090416
0.008913
0.008723
0.008662
0.008733
0.008701
0.008736
0.008656
0.008695
0.008649
0.081949
0.009772
0.009534
0.009514
0.009487
0.009496
0.009486
0.009500
0.009509
0.009493
0.080712
0.008887
0.008659
0.008638
0.008629
0.008635
0.008630
0.008633
0.008629
0.008625
0.080483
0.009516
0.009269
0.009264
0.009274
0.009275
0.009275
0.009270
0.009281
0.009269
0.080557
0.009699
0.009499
0.009464
0.009487
0.009471
0.009486
0.009494
0.009495
0.009464
0.089679
0.009034
0.008857
0.008927
0.008847
0.008929
0.008808
0.008829
0.008903
0.008883