select_time:
0.000009
0.000010
0.000009
0.000010
0.000010
0.000010
0.000010
0.000010
0.000011
0.000010

total_time:
0.442236
0.350638
0.344228
0.344677
0.344264
0.344390
0.344237
0.344557
0.344359
0.344477
0.416779
0.343651
0.337632
0.338085
0.337763
0.338359
0.337768
0.337696
0.337691
0.337873
0.415513
0.344856
0.339717
0.340104
0.339752
0.339695
0.339641
0.339980
0.339773
0.339645
0.410567
0.340557
0.334472
0.334494
0.333979
0.334492
0.334566
0.334303
0.334474
0.334475
0.417891
0.348442
0.343168
0.343144
0.343162
0.343241
0.343257
0.343434
0.343144
0.343394
0.412606
0.345251
0.339336
0.339288
0.339370
0.339309
0.339470
0.339591
0.339417
0.339340
0.408848
0.340323
0.334754
0.334546
0.334653
0.334240
0.334670
0.334614
0.334594
0.334683
0.427867
0.351555
0.347177
0.347048
0.346839
0.347107
0.346689
0.346064
0.346853
0.346871
0.419594
0.347316
0.342323
0.342332
0.342543
0.342534
0.342498
0.342699
0.342342
0.342247
0.419360
0.348728
0.342913
0.342792
0.342228
0.342849
0.342821
0.342881
0.342149
0.342785
