total_time:
0.093967
0.021087
0.020984
0.020805
0.020777
0.020756
0.020762
0.020773
0.020721
0.020771
0.092988
0.021143
0.021047
0.020840
0.020809
0.020815
0.020811
0.020814
0.020806
0.020785
0.094175
0.021136
0.021053
0.020845
0.020829
0.020829
0.020831
0.020842
0.020814
0.020786
0.095520
0.021137
0.021022
0.020834
0.020807
0.020795
0.020795
0.020801
0.020776
0.020772
0.094705
0.021073
0.021007
0.020798
0.020766
0.020766
0.020763
0.020756
0.020750
0.020750
0.093622
0.021098
0.020990
0.020897
0.020846
0.020787
0.020809
0.020800
0.020768
0.020766
0.092552
0.021139
0.021029
0.020847
0.020828
0.020833
0.020833
0.020857
0.020851
0.020813
0.094274
0.021279
0.021174
0.020944
0.020935
0.020897
0.020920
0.020917
0.020906
0.020918
0.094510
0.021109
0.020995
0.020796
0.020774
0.020753
0.020789
0.020763
0.020754
0.020734
0.093181
0.021162
0.021063
0.020868
0.020844
0.020827
0.020835
0.020830
0.020794
0.020783