total_time:
0.414534
0.4137
0.423409
0.418662
0.409999
0.413734
0.410171
0.406782
0.403518
0.410667
0.408699
0.404274
0.403537
0.403936
0.404707
0.403876
0.404261
0.403589
0.405106
0.407551
0.404771
0.409576
0.408322
0.403117
0.410615
0.408598
0.413532
0.405299
0.399639
0.397908
0.396185
0.398278
0.399504
0.399327
0.397759
0.396593
0.403664
0.399747
0.404655
0.401573
0.404008
0.401265
0.404279
0.401265
0.398422
0.394306
0.389316
0.387784
0.386766
0.385974
0.386122
0.38574
0.385529
0.385721
0.395287
0.391246
0.389571
0.388789
0.389201
0.388622
0.388386
0.38851
0.389236
0.40779
0.415816
0.413957
0.408749
0.415538
0.41226
0.408854
0.406997
0.406414
0.393338
0.390147
0.393247
0.393541
0.391479
0.399714
0.397896
0.393897
0.392063
0.40386
0.400939
0.401389
0.400882
0.401048
0.402783
0.404555
0.403335
0.401468
