total_time:
0.942554
0.939951
0.936732
0.943716
0.946839
0.941464
0.942206
0.944541
0.941713
0.951482
0.948409
0.960936
0.942452
0.926243
0.929325
0.933378
0.926697
0.923349
0.924628
0.91962
0.921207
0.922411
0.922481
0.927721
0.925799
0.927801
0.932223
0.949039
0.943466
0.948283
0.951483
0.944575
0.924045
0.920738
0.925309
0.924185
0.952536
0.94296
0.949059
0.9404
0.944943
0.943044
0.939546
0.94729
0.949211
0.937524
0.937771
0.935
0.933049
0.93762
0.940015
0.93318
0.936347
0.939635
0.932601
0.936037
0.935992
0.930233
0.93306
0.93859
0.938699
0.934249
0.934958
0.927164
0.928069
0.928372
0.928187
0.929906
0.924242
0.934104
0.933502
0.926173
0.912159
0.91546
0.910399
0.915948
0.921142
0.920707
0.918907
0.916943
0.921396
0.929255
0.929394
0.934766
0.932141
0.93569
0.93256
0.923289
0.928294
0.928369
