total_time:
1.436621
1.412146
1.422069
1.412929
1.413173
1.410383
1.410405
1.436664
1.437063
1.421535
1.407957
1.404317
1.413206
1.391859
1.38868
1.391237
1.39088
1.421142
1.417894
1.40735
1.397437
1.398155
1.391733
1.39784
1.397106
1.390887
1.389751
1.422369
1.425751
1.403427
1.397163
1.399546
1.397262
1.396791
1.400697
1.392688
1.395029
1.423447
1.422588
1.415035
1.411022
1.405785
1.398572
1.395241
1.398164
1.400109
1.398793
1.418456
1.415065
1.402381
1.400633
1.403862
1.401116
1.398105
1.399384
1.396447
1.38858
1.41547
1.422166
1.40357
1.397272
1.396668
1.396283
1.391815
1.395227
1.39353
1.39113
1.420851
1.422005
1.412752
1.402477
1.404415
1.405146
1.401244
1.399103
1.402482
1.399565
1.412583
1.402094
1.401418
1.398313
1.395613
1.390605
1.396414
1.412122
1.413235
1.403876
1.398189
1.403713
1.395337
1.396007
1.395848
1.410705
1.418735
