compile_opencl_time:
0.002318
0.002256
0.002277
0.002235
0.00231
0.002266
0.002309
0.002326
0.002389
total_time:
0.467037
0.465819
0.457101
0.456971
0.456888
0.45726
0.457003
0.456942
0.457119
0.457226
0.456173
0.455845
0.44736
0.447392
0.447445
0.447376
0.447479
0.447498
0.447577
0.447244
0.467708
0.466491
0.457257
0.457297
0.457265
0.457318
0.457133
0.457131
0.457185
0.457345
0.435248
0.434959
0.426484
0.426373
0.426616
0.426416
0.426457
0.42666
0.42659
0.426499
0.459945
0.459593
0.451319
0.451205
0.451238
0.450898
0.450816
0.4506
0.450752
0.450773
0.40241
0.399927
0.391175
0.391016
0.39105
0.391086
0.391055
0.391242
0.390824
0.391072
0.436303
0.436442
0.427565
0.427463
0.427315
0.427977
0.427631
0.427704
0.427459
0.427465
0.480281
0.479036
0.470162
0.470072
0.470051
0.470038
0.469737
0.470051
0.469909
0.469992
0.431376
0.429911
0.420855
0.420963
0.421106
0.421158
0.421145
0.421103
0.420862
0.420777
0.461985
0.459902
0.450953
0.450843
0.450863
0.450742
0.450686
0.450879
0.450798
0.450872
