total_time:
0.454546
0.45158
0.449628
0.449439
0.44949
0.449236
0.449233
0.449496
0.449119
0.445001
0.442061
0.440054
0.440193
0.440214
0.440109
0.439989
0.440012
0.440051
0.455251
0.452792
0.450521
0.450401
0.450177
0.450138
0.450293
0.450428
0.450292
0.424483
0.422266
0.419809
0.419855
0.419724
0.41964
0.41981
0.419996
0.419919
0.449239
0.446342
0.444095
0.444147
0.444348
0.443981
0.443976
0.444071
0.44407
0.482702
0.3899
0.387224
0.385208
0.385047
0.38524
0.385193
0.385035
0.385128
0.385168
0.425863
0.423285
0.420912
0.421051
0.421107
0.420962
0.421061
0.420953
0.420831
0.467823
0.464636
0.462449
0.462352
0.462256
0.4624
0.462402
0.46232
0.462398
0.419546
0.416586
0.414823
0.414464
0.414684
0.414511
0.414739
0.414619
0.414789
0.448797
0.445918
0.443887
0.443663
0.443661
0.443736
0.443604
0.443597
0.443498
