total_time:
0.119990
0.047809
0.046924
0.046942
0.046928
0.046904
0.046863
0.046932
0.046897
0.046881
0.119410
0.047661
0.046939
0.046959
0.046992
0.046964
0.046977
0.046990
0.046933
0.046920
0.118816
0.047788
0.046962
0.046820
0.047017
0.046939
0.046922
0.047018
0.047045
0.046851
0.120600
0.047704
0.046799
0.046893
0.046729
0.046846
0.046768
0.046822
0.046793
0.046800
0.120360
0.047688
0.046737
0.046636
0.046665
0.046659
0.046712
0.046675
0.046728
0.046657
0.123087
0.047968
0.047002
0.046990
0.046916
0.046972
0.047073
0.047074
0.047119
0.046922
0.121725
0.047660
0.046712
0.046697
0.046676
0.046689
0.046677
0.046740
0.046669
0.046689
0.122159
0.047741
0.046783
0.046796
0.046822
0.046826
0.046774
0.046763
0.046778
0.046758
0.121606
0.047433
0.046420
0.046421
0.046371
0.046496
0.046416
0.046326
0.046266
0.046462
0.119913
0.047861
0.046962
0.046903
0.046884
0.047008
0.047043
0.046866
0.046964
0.046809