total_time:
0.226111
0.152640
0.152739
0.152177
0.152186
0.151874
0.152315
0.152174
0.152773
0.151377
0.229415
0.151545
0.152444
0.151973
0.152590
0.153296
0.152945
0.152956
0.152973
0.153519
0.231078
0.156090
0.156793
0.156035
0.155753
0.155154
0.156552
0.156445
0.156659
0.154856
0.228533
0.153765
0.154145
0.153710
0.154551
0.154319
0.153190
0.153877
0.153202
0.154284
0.226627
0.153428
0.154191
0.154370
0.154199
0.152893
0.153752
0.154757
0.153278
0.154977
0.227126
0.153749
0.155231
0.154934
0.154200
0.154319
0.156560
0.155367
0.154627
0.155152
0.228459
0.151166
0.150433
0.150625
0.150645
0.150298
0.150931
0.151702
0.151192
0.151586
0.226412
0.155577
0.155214
0.154679
0.153485
0.154741
0.153968
0.154820
0.155789
0.154733
0.223866
0.152906
0.152793
0.152879
0.152187
0.151828
0.152126
0.152260
0.153132
0.153372
0.230059
0.152626
0.151632
0.151283
0.152636
0.153004
0.152477
0.152137
0.152142
0.152537