total_time:
1.080333
1.034037
1.038605
1.022989
1.036455
1.023543
1.018305
1.033733
1.029290
1.026800
1.091736
1.033737
1.020982
1.020235
1.037982
1.021769
1.038159
1.024406
1.027940
1.025429
1.088234
1.021848
1.022440
1.021254
1.016340
1.029802
1.029184
1.020462
1.024220
1.022916
1.075759
1.027418
1.027846
1.042625
1.040566
1.028647
1.047628
1.038718
1.032362
1.030496
1.080934
1.025156
1.019868
1.031212
1.023656
1.030651
1.032102
1.040382
1.037768
1.051173
1.076965
1.031687
1.026109
1.017411
1.017368
1.032400
1.023690
1.034420
1.029770
1.033774
1.077379
1.016508
1.026045
1.022862
1.026670
1.027194
1.032636
1.027456
1.032978
1.050904
1.077197
1.024902
1.037631
1.046073
1.054216
1.030322
1.018601
1.024269
1.019001
1.025282
1.084031
1.021034
1.037699
1.022247
1.031129
1.038968
1.020419
1.020249
1.019054
1.025350
1.082808
1.028726
1.020069
1.017640
1.023443
1.017395
1.022975
1.020643
1.016393
1.032249