select_time:
0.000009
0.000009
0.000010
0.000012
0.000011
0.000008
0.000012
0.000012
0.000009
0.000009

total_time:
0.190080
0.232756
0.253124
0.250448
0.292340
0.270642
0.311642
0.291372
0.277987
0.298423
0.191626
0.240358
0.237574
0.262649
0.277028
0.303561
0.296239
0.318977
0.293468
0.285205
0.256984
0.242810
0.267784
0.272844
0.262372
0.281774
0.304567
0.308057
0.293867
0.290775
0.193012
0.237827
0.255040
0.264980
0.275311
0.280918
0.312210
0.300396
0.319488
0.290667
0.188922
0.233269
0.242422
0.271682
0.285509
0.280730
0.296750
0.303729
0.302712
0.293233
0.189968
0.244404
0.241527
0.264452
0.279425
0.293320
0.310162
0.318660
0.302255
0.270357
0.193112
0.246435
0.246115
0.269301
0.273629
0.289450
0.306792
0.299924
0.309434
0.295203
0.194985
0.241224
0.248135
0.256137
0.286150
0.272777
0.302459
0.266828
0.300531
0.314523
0.197971
0.248839
0.246657
0.270830
0.272298
0.280380
0.275181
0.289252
0.288726
0.297729
0.194172
0.250303
0.256616
0.273915
0.262067
0.296449
0.294757
0.305235
0.274064
0.300573
