total_time:
0.124913
0.037457
0.036165
0.036172
0.035801
0.035775
0.035796
0.035785
0.035784
0.035763
0.115512
0.037790
0.036469
0.036441
0.036429
0.036431
0.036434
0.036407
0.036453
0.036436
0.110201
0.037134
0.035811
0.035771
0.035780
0.035793
0.035818
0.035804
0.035814
0.035800
0.111842
0.036647
0.035328
0.035295
0.035306
0.035290
0.035275
0.035271
0.035270
0.035254
0.108164
0.036686
0.035362
0.035344
0.035359
0.035423
0.035336
0.035369
0.035338
0.035310
0.110642
0.037501
0.036162
0.036224
0.036180
0.036185
0.036240
0.036157
0.036178
0.036176
0.108288
0.036440
0.035143
0.035109
0.035091
0.035055
0.035037
0.035034
0.035038
0.035041
0.109697
0.035723
0.034461
0.034407
0.034444
0.034423
0.034409
0.034344
0.034424
0.034540
0.110007
0.036893
0.035484
0.035523
0.035451
0.035423
0.035540
0.035530
0.035472
0.035458
0.110586
0.036529
0.035131
0.035130
0.035101
0.035101
0.035087
0.035085
0.035074
0.035093