total_time:
0.115118
0.040184
0.040399
0.039551
0.039603
0.039505
0.039661
0.039598
0.039566
0.039546
0.112902
0.040252
0.040343
0.039822
0.039767
0.039757
0.039782
0.039871
0.040056
0.039633
0.113282
0.039848
0.039392
0.038610
0.038610
0.038552
0.038622
0.038639
0.038626
0.038564
0.111954
0.039864
0.039892
0.039333
0.039375
0.039315
0.039351
0.039360
0.039418
0.039592
0.112023
0.040152
0.040147
0.039528
0.039594
0.039644
0.039669
0.039633
0.039572
0.039559
0.111623
0.040949
0.040880
0.040238
0.040225
0.040085
0.040243
0.040239
0.040376
0.040363
0.110900
0.039534
0.039557
0.038946
0.038913
0.038861
0.038950
0.038927
0.038870
0.038861
0.109884
0.039458
0.039465
0.038740
0.038859
0.039177
0.039123
0.039116
0.039238
0.039222
0.113383
0.040025
0.040350
0.039421
0.039456
0.039394
0.039448
0.039417
0.039400
0.039320
0.113602
0.040144
0.040170
0.039404
0.039719
0.039392
0.039370
0.039382
0.039448
0.039462