compile_opencl_time:
0.002320
0.002314
0.002204
0.002306
0.002189
0.002438
0.002260
0.002329
0.002308
0.002258
total_time:
0.038093
0.037543
0.036746
0.036787
0.036734
0.036737
0.036688
0.036703
0.036771
0.036759
0.038796
0.038222
0.037423
0.037410
0.037357
0.037393
0.037428
0.037370
0.037398
0.037366
0.037939
0.037380
0.036650
0.036606
0.036644
0.036677
0.036556
0.036587
0.036540
0.036600
0.037384
0.036873
0.036137
0.036101
0.036071
0.036095
0.036084
0.036088
0.036082
0.036092
0.037534
0.036983
0.036254
0.036339
0.036263
0.036192
0.036284
0.036292
0.036249
0.036318
0.038557
0.038056
0.037282
0.037263
0.037223
0.037226
0.037190
0.037215
0.037191
0.037194
0.037151
0.036630
0.035886
0.035834
0.035883
0.035810
0.035846
0.035877
0.035928
0.035833
0.036443
0.035878
0.035181
0.035174
0.035183
0.035163
0.035171
0.035215
0.035165
0.035114
0.037586
0.037022
0.036316
0.036328
0.036285
0.036297
0.036297
0.036264
0.036290
0.036271
0.037446
0.036776
0.036077
0.035936
0.036010
0.035969
0.036001
0.035990
0.036000
0.035994