total_time:
0.073785
0.000985
0.000951
0.000969
0.000941
0.000953
0.000958
0.000950
0.000942
0.000960
0.070275
0.000850
0.000824
0.000804
0.000815
0.000816
0.000816
0.000816
0.000807
0.000796
0.074294
0.000966
0.000970
0.000974
0.000949
0.000964
0.000949
0.000965
0.000937
0.000962
0.074803
0.000836
0.000810
0.000807
0.000814
0.000806
0.000810
0.000806
0.000811
0.000813
0.074114
0.000965
0.000960
0.000964
0.000959
0.000950
0.000961
0.000959
0.000934
0.000955
0.076344
0.001156
0.001152
0.001150
0.001171
0.001167
0.001132
0.001174
0.001167
0.001171
0.071872
0.000820
0.000823
0.000822
0.000822
0.000816
0.000833
0.000801
0.000815
0.000805
0.077276
0.001028
0.000961
0.000971
0.000951
0.000964
0.000959
0.000957
0.000940
0.000962
0.073371
0.000969
0.000949
0.000957
0.000961
0.000950
0.000948
0.000956
0.000945
0.000954
0.071644
0.001133
0.001077
0.001088
0.001080
0.001102
0.001083
0.001083
0.001061
0.001097