compile_opencl_time:
0.071288
0.071655
0.070919
0.071604
0.073695
0.076002
0.071840
0.073987
0.072019
0.071295
total_time:
0.001669
0.001147
0.000984
0.000754
0.000722
0.000734
0.000735
0.000720
0.000739
0.000739
0.001376
0.001103
0.001178
0.000704
0.000595
0.000627
0.000633
0.000618
0.000632
0.000594
0.001385
0.000790
0.000753
0.000724
0.000727
0.000752
0.000742
0.000668
0.000667
0.000667
0.001154
0.000732
0.000709
0.000701
0.000697
0.000628
0.000669
0.000656
0.000663
0.000680
0.001268
0.000891
0.000768
0.000731
0.000706
0.000673
0.000685
0.000670
0.000660
0.000679
0.005096
0.001161
0.000813
0.000778
0.000784
0.000746
0.000778
0.000768
0.000764
0.000762
0.001267
0.000728
0.000701
0.000651
0.000670
0.000668
0.000641
0.000623
0.000630
0.000614
0.001589
0.000939
0.000773
0.000792
0.000742
0.000786
0.000724
0.000838
0.000715
0.000713
0.001643
0.001003
0.000723
0.000683
0.000665
0.000676
0.000648
0.000696
0.000645
0.000676
0.001383
0.000834
0.000815
0.000777
0.000805
0.000757
0.000722
0.000715
0.000742
0.000933