total_time:
0.000571
0.000076
0.000074
0.000071
0.000073
0.000072
0.000072
0.000071
0.000071
0.000077
0.000470
0.000073
0.000071
0.000069
0.000069
0.000067
0.000152
0.000071
0.000070
0.000069
0.000525
0.000081
0.000077
0.000077
0.000075
0.000075
0.000074
0.000082
0.000077
0.000075
0.000520
0.000071
0.000068
0.000068
0.000067
0.000067
0.000066
0.000066
0.000067
0.000067
0.000359
0.000077
0.000076
0.000075
0.000073
0.000073
0.000074
0.000073
0.000074
0.000074
0.000332
0.000089
0.000088
0.000095
0.000085
0.000084
0.000086
0.000084
0.000084
0.000084
0.000464
0.000076
0.000071
0.000070
0.000072
0.000071
0.000070
0.000070
0.000069
0.000070
0.000336
0.000080
0.000077
0.000076
0.000075
0.000075
0.000077
0.000074
0.000082
0.000073
0.000351
0.000073
0.000074
0.000102
0.000078
0.000075
0.000072
0.000072
0.000072
0.000072
0.000515
0.000074
0.000071
0.000071
0.000070
0.000070
0.000081
0.000071
0.000071
0.000070