select_time:
0.000007
0.000006
0.000007
0.000006
0.000007
0.000006
0.000007
0.000011
0.000006
0.000006

total_time:
0.000414
0.000083
0.000080
0.000079
0.000088
0.000093
0.000099
0.000093
0.000094
0.000091
0.000378
0.000077
0.000076
0.000074
0.000074
0.000073
0.000073
0.000069
0.000072
0.000071
0.000373
0.000075
0.000073
0.000070
0.000073
0.000071
0.000073
0.000071
0.000068
0.000070
0.000340
0.000062
0.000061
0.000061
0.000060
0.000060
0.044762
0.000089
0.000076
0.000073
0.000356
0.000074
0.000074
0.000074
0.000072
0.000074
0.000072
0.000072
0.000072
0.000082
0.000371
0.000085
0.000084
0.036816
0.000108
0.000104
0.000103
0.000096
0.000098
0.000097
0.000374
0.000079
0.000074
0.000072
0.000072
0.000071
0.000070
0.000071
0.000073
0.000072
0.000359
0.000069
0.000067
0.000067
0.000067
0.000065
0.000062
0.000063
0.000063
0.000092
0.000346
0.000066
0.000062
0.000064
0.000064
0.000062
0.000064
0.000064
0.000062
0.000070
0.000325
0.000075
0.000075
0.000074
0.000076
0.000082
0.000076
0.000069
0.000073
0.000074
