total_time:
0.000279
0.000260
0.000258
0.000259
0.000269
0.000266
0.000265
0.000267
0.000249
0.000205
0.000357
0.000325
0.000319
0.000320
0.000314
0.000315
0.000319
0.000315
0.000316
0.000320
0.000233
0.000275
0.000271
0.000271
0.000208
0.000197
0.000197
0.000196
0.000196
0.000211
0.000299
0.000269
0.000262
0.000261
0.000264
0.000260
0.000260
0.000266
0.000270
0.000269
0.000395
0.000201
0.000199
0.000198
0.000205
0.000202
0.000201
0.000200
0.000200
0.000202
0.000300
0.000296
0.000278
0.000276
0.000287
0.000295
0.000289
0.000288
0.000291
0.000290
0.000227
0.000292
0.000277
0.000278
0.000278
0.000220
0.000202
0.000202
0.000201
0.000201
0.000297
0.000259
0.000255
0.000253
0.000257
0.000254
0.000264
0.000264
0.000267
0.000265
0.000226
0.000266
0.000198
0.000198
0.000196
0.000196
0.000198
0.000197
0.000196
0.000196
0.000275
0.000263
0.000259
0.000266
0.000269
0.000267
0.000270
0.000268
0.000268
0.000268