total_time:
0.00144
0.001426
0.001418
0.001436
0.001426
0.001422
0.001401
0.001425
0.001416
0.001322
0.001322
0.001315
0.001315
0.001294
0.001368
0.001337
0.001348
0.001311
0.001335
0.00133
0.001324
0.001322
0.001304
0.001326
0.001309
0.00132
0.001306
0.00152
0.001503
0.001474
0.00151
0.001523
0.001508
0.001504
0.001505
0.001515
0.001457
0.001433
0.00142
0.001442
0.00143
0.001429
0.001409
0.001434
0.001446
0.001317
0.001325
0.001318
0.001351
0.001305
0.001317
0.0013
0.001318
0.00131
0.001393
0.0014
0.001383
0.001437
0.00138
0.001394
0.001384
0.001379
0.001386
0.00162
0.001608
0.00158
0.001571
0.00157
0.00159
0.001559
0.00157
0.001568
0.001647
0.001652
0.001646
0.001644
0.001641
0.00163
0.001623
0.001627
0.001633
0.001595
0.001597
0.001589
0.001578
0.001587
0.001583
0.001574
0.001582
0.001574
