total_time:
0.004526
0.004527
0.004925
0.004273
0.004641
0.004705
0.005144
0.004422
0.004994
0.003756
0.003589
0.003788
0.003588
0.003576
0.004174
0.004304
0.004092
0.004244
0.004393
0.004397
0.004454
0.003907
0.003737
0.003582
0.004237
0.004272
0.003937
0.005316
0.005151
0.005028
0.004945
0.00508
0.004655
0.004731
0.005206
0.00545
0.005145
0.005129
0.004925
0.005171
0.004825
0.005074
0.0048
0.005132
0.004389
0.005076
0.00519
0.005101
0.00503
0.005094
0.005202
0.005135
0.004983
0.004931
0.005182
0.004426
0.005355
0.00494
0.004483
0.004047
0.004977
0.00445
0.00477
0.005524
0.005177
0.004729
0.00494
0.004707
0.004693
0.004533
0.005095
0.004827
0.004971
0.004602
0.004381
0.004924
0.004948
0.004932
0.005212
0.004677
0.005026
0.006014
0.00605
0.005813
0.005909
0.00614
0.006186
0.005613
0.005041
