total_time:
0.000726
0.000666
0.000679
0.000678
0.000678
0.000674
0.00067
0.000671
0.000676
0.000712
0.000668
0.000673
0.00068
0.000671
0.000674
0.000686
0.00067
0.000671
0.000721
0.000665
0.000672
0.000671
0.000672
0.000672
0.000671
0.000669
0.000672
0.000722
0.00067
0.000667
0.000672
0.00067
0.000671
0.000659
0.000669
0.000671
0.000689
0.000673
0.000676
0.000711
0.000675
0.000674
0.000665
0.000675
0.000673
0.000716
0.000672
0.000676
0.000682
0.000681
0.000688
0.000669
0.000678
0.00068
0.000678
0.000665
0.00067
0.000669
0.000668
0.000669
0.000667
0.000671
0.000671
0.000721
0.000668
0.000711
0.000674
0.000672
0.00067
0.000668
0.000672
0.000673
0.000688
0.000666
0.000669
0.000674
0.000667
0.000671
0.00066
0.000674
0.000674
