total_time:
0.000694
0.000685
0.000718
0.000694
0.000686
0.000689
0.000692
0.000691
0.000684
0.000697
0.000685
0.000692
0.000693
0.000713
0.000689
0.000684
0.000719
0.000688
0.000692
0.000724
0.000703
0.000705
0.000683
0.000694
0.000719
0.000686
0.000716
0.000699
0.000713
0.000689
0.000688
0.000689
0.000695
0.000698
0.000707
0.000689
0.00071
0.000697
0.000676
0.00069
0.000684
0.000691
0.000692
0.000691
0.000689
0.000734
0.000681
0.000676
0.000689
0.000693
0.000686
0.000669
0.000688
0.000679
0.000693
0.000694
0.000695
0.000685
0.000734
0.000711
0.000692
0.000692
0.000695
0.000696
0.000691
0.000683
0.000719
0.000692
0.000688
0.00069
0.00069
0.000677
0.000733
0.000691
0.000682
0.000699
0.000685
0.000685
0.000683
0.000679
0.000695
