compile_opencl_time:
0.079401
0.081523
0.081061
0.079998
0.079999
0.080494
0.079800
0.080256
0.080343
0.080391
total_time:
0.211427
0.217099
0.201787
0.205159
0.202343
0.198452
0.201305
0.198718
0.199407
0.200120
0.212573
0.210951
0.201506
0.200031
0.201034
0.201744
0.203826
0.205084
0.203599
0.203149
0.211967
0.210650
0.205878
0.198214
0.200896
0.207049
0.202354
0.207069
0.208375
0.209798
0.209754
0.211167
0.201522
0.201416
0.203374
0.199335
0.201881
0.201552
0.203654
0.200661
0.213874
0.216790
0.207412
0.208456
0.205270
0.206995
0.214250
0.207110
0.206408
0.207976
0.187825
0.178585
0.164064
0.182215
0.180338
0.184657
0.179129
0.175755
0.182063
0.177477
0.172033
0.170555
0.161511
0.163661
0.159555
0.161067
0.159591
0.158244
0.160977
0.158513
0.163513
0.165365
0.160538
0.155951
0.157137
0.162063
0.158729
0.157477
0.157817
0.154448
0.171303
0.169430
0.157330
0.165939
0.161655
0.162535
0.164659
0.163893
0.163192
0.161766
0.159219
0.169714
0.157992
0.166876
0.155102
0.156159
0.156708
0.156609
0.163176
0.157494