total_time:
0.079247
0.007556
0.006908
0.006823
0.006908
0.006951
0.006841
0.006362
0.006248
0.006415
0.082572
0.007407
0.007283
0.007434
0.007310
0.007278
0.007458
0.007361
0.007381
0.007289
0.081302
0.007502
0.007431
0.007389
0.007425
0.007336
0.007274
0.007504
0.007544
0.007516
0.081414
0.009571
0.009669
0.009489
0.009337
0.009377
0.009547
0.009502
0.009289
0.009358
0.080886
0.007203
0.007181
0.006789
0.006932
0.007055
0.006917
0.006552
0.006841
0.006875
0.084156
0.007025
0.006720
0.006877
0.006851
0.006857
0.006813
0.006860
0.006819
0.006917
0.086623
0.007246
0.007226
0.006367
0.007125
0.007181
0.007208
0.007209
0.006439
0.007226
0.084124
0.007585
0.007309
0.007277
0.006385
0.006537
0.006700
0.006663
0.006595
0.006561
0.086763
0.008761
0.008670
0.008266
0.008083
0.008025
0.008094
0.008227
0.008005
0.008052
0.078665
0.007621
0.006229
0.006191
0.005973
0.005990
0.007368
0.005938
0.005934
0.007306