compile_opencl_time:
0.136947
0.129142
0.131756
0.130114
0.129073
0.129137
0.129130
0.137354
0.127087
0.125922
total_time:
0.003737
0.002272
0.002040
0.001931
0.001863
0.001899
0.001801
0.001899
0.001678
0.001920
0.004094
0.002157
0.001949
0.001922
0.001920
0.001941
0.001745
0.001879
0.001760
0.001732
0.003977
0.002260
0.002103
0.002037
0.002015
0.002018
0.002112
0.001921
0.001960
0.001932
0.004261
0.002471
0.002292
0.002167
0.002257
0.002185
0.002235
0.002377
0.002242
0.002241
0.003995
0.002451
0.002070
0.001992
0.001917
0.001892
0.001861
0.001737
0.001900
0.001697
0.003912
0.002182
0.001963
0.001801
0.001764
0.002059
0.001800
0.001970
0.001832
0.001944
0.003834
0.002147
0.001904
0.002139
0.001803
0.002042
0.001871
0.002049
0.001673
0.002013
0.004121
0.002117
0.001965
0.001950
0.002085
0.001994
0.001893
0.001879
0.001906
0.001803
0.004208
0.002329
0.002231
0.002108
0.002072
0.001950
0.002178
0.002070
0.002118
0.002103
0.004063
0.002404
0.002336
0.002250
0.002172
0.002280
0.002152
0.002122
0.002074
0.001967