compile_opencl_time:
0.074537
0.081211
0.077184
0.075625
0.076051
0.073514
0.079196
0.076914
0.072918
0.073928
total_time:
0.002193
0.001936
0.001584
0.001989
0.002248
0.001895
0.001521
0.001502
0.001394
0.001527
0.002151
0.001789
0.001873
0.001746
0.001490
0.001638
0.001591
0.001443
0.001312
0.001378
0.002196
0.001730
0.001659
0.001619
0.001927
0.001619
0.001784
0.002021
0.001816
0.001544
0.001995
0.001750
0.001739
0.001737
0.001675
0.001591
0.001593
0.001559
0.001579
0.001617
0.002405
0.001984
0.002021
0.001915
0.001447
0.001476
0.001513
0.001610
0.001509
0.001489
0.002260
0.002527
0.001823
0.001920
0.001516
0.001499
0.001436
0.001524
0.001491
0.001548
0.001775
0.001486
0.001597
0.001574
0.001574
0.001537
0.001521
0.001448
0.001469
0.001553
0.002167
0.001734
0.001654
0.001674
0.001579
0.001520
0.001553
0.001630
0.001599
0.001681
0.002623
0.002159
0.002259
0.001859
0.001604
0.002069
0.002376
0.001783
0.001518
0.001540
0.002217
0.002136
0.001502
0.001442
0.001411
0.001488
0.001369
0.001394
0.001380
0.001397