total_time:
0.106493
0.034477
0.034552
0.033869
0.033925
0.033871
0.033904
0.033841
0.033860
0.033954
0.104956
0.034756
0.034835
0.034257
0.034182
0.034367
0.034207
0.034257
0.034183
0.034207
0.106823
0.035661
0.035886
0.035149
0.035216
0.035173
0.035062
0.035350
0.035079
0.034977
0.106249
0.034327
0.034281
0.033744
0.033794
0.033762
0.033732
0.033799
0.033748
0.033778
0.116729
0.034646
0.035049
0.034359
0.034291
0.034103
0.034286
0.034555
0.034709
0.034655
0.108713
0.034505
0.034619
0.034020
0.033968
0.034020
0.033966
0.034048
0.033953
0.034003
0.104505
0.034508
0.034566
0.034049
0.033993
0.033958
0.033997
0.034047
0.033993
0.034090
0.105719
0.034385
0.034409
0.033764
0.033777
0.033774
0.033798
0.033849
0.033781
0.033805
0.104997
0.034321
0.034402
0.033733
0.033731
0.033772
0.033779
0.033748
0.033737
0.033780
0.107996
0.034884
0.034914
0.034257
0.034295
0.034308
0.034271
0.034214
0.034268
0.034258