select_time:
0.000012
0.000009
0.000011
0.000011
0.000010
0.000011
0.000011
0.000012
0.000011
0.000012

total_time:
0.008459
0.008021
0.006149
0.006410
0.006405
0.006471
0.006622
0.006782
0.006955
0.007078
0.007811
0.007803
0.006088
0.006262
0.006485
0.006505
0.006584
0.006587
0.006843
0.006882
0.008808
0.008120
0.006372
0.006584
0.006763
0.006840
0.006950
0.007003
0.007196
0.007336
0.007956
0.007756
0.006137
0.006281
0.006403
0.006433
0.006467
0.006706
0.006739
0.006884
0.007939
0.007413
0.005817
0.005914
0.006142
0.006142
0.006370
0.006728
0.006744
0.006927
0.007830
0.007719
0.006144
0.006221
0.006405
0.006437
0.006499
0.006731
0.006770
0.007074
0.007418
0.006819
0.005258
0.005427
0.005534
0.005680
0.006255
0.006482
0.006699
0.006719
0.008327
0.007663
0.005925
0.006116
0.006286
0.006362
0.006425
0.006509
0.006711
0.006730
0.007506
0.006870
0.005935
0.006117
0.006325
0.006370
0.006421
0.006530
0.006699
0.006805
0.008317
0.007486
0.005849
0.006000
0.006156
0.006246
0.006326
0.006405
0.006588
0.006669
