total_time:
0.094611
0.022441
0.022095
0.022077
0.022062
0.022027
0.022049
0.022015
0.022055
0.022063
0.097350
0.022008
0.021659
0.021578
0.021628
0.021634
0.021645
0.021583
0.021647
0.021616
0.094165
0.022205
0.021869
0.021765
0.021787
0.021787
0.021797
0.021735
0.021793
0.021732
0.095519
0.022276
0.021869
0.021823
0.021944
0.021929
0.021888
0.021845
0.021861
0.021869
0.096077
0.022278
0.021847
0.021878
0.021849
0.021883
0.021857
0.021821
0.021838
0.021798
0.093403
0.022316
0.021856
0.021893
0.021805
0.021859
0.021842
0.021773
0.021785
0.021826
0.104061
0.022280
0.021906
0.021897
0.021866
0.021813
0.021845
0.021851
0.021843
0.021832
0.093736
0.021960
0.021680
0.021599
0.021624
0.021603
0.021625
0.021652
0.021617
0.021604
0.094017
0.022031
0.021651
0.021611
0.021643
0.021646
0.021643
0.021642
0.021624
0.021617
0.093573
0.022305
0.021953
0.021863
0.021899
0.021883
0.021897
0.021806
0.021924
0.021860