total_time:
0.092330
0.020594
0.019918
0.019909
0.019888
0.019870
0.019881
0.019874
0.019869
0.019864
0.091953
0.020520
0.019823
0.019787
0.019775
0.019801
0.019802
0.019776
0.019762
0.019789
0.093794
0.020462
0.019800
0.019770
0.019763
0.019772
0.019748
0.019738
0.019746
0.019756
0.091911
0.020530
0.019804
0.019776
0.019759
0.019784
0.019806
0.019751
0.019744
0.019744
0.095104
0.020448
0.019804
0.019798
0.019787
0.019783
0.019775
0.019792
0.019769
0.019783
0.091031
0.020408
0.019753
0.019725
0.019720
0.019703
0.019700
0.019700
0.019705
0.019701
0.090953
0.020519
0.019840
0.019795
0.019800
0.019766
0.019735
0.019735
0.019774
0.019759
0.096976
0.020485
0.019827
0.019807
0.019784
0.019790
0.019778
0.019774
0.019789
0.019777
0.091768
0.020462
0.019819
0.019804
0.019782
0.019786
0.019769
0.019760
0.019789
0.019767
0.091545
0.020390
0.019785
0.019828
0.019777
0.019792
0.019740
0.019756
0.019775
0.019774