compile_opencl_time:
0.136904
0.139899
0.138341
0.136903
0.139741
0.147435
0.150623
0.139911
0.147045
0.139133
total_time:
0.013088
0.010910
0.010500
0.010777
0.010622
0.010606
0.010417
0.010973
0.013107
0.011188
0.012780
0.010771
0.010660
0.010452
0.010569
0.010833
0.010462
0.010341
0.010601
0.010716
0.012541
0.010851
0.010494
0.010520
0.010392
0.010532
0.010446
0.010867
0.010670
0.010806
0.012655
0.011258
0.010548
0.010707
0.010512
0.010829
0.010537
0.010602
0.010658
0.010560
0.012538
0.011045
0.010439
0.010573
0.011030
0.010650
0.010559
0.010580
0.010774
0.010612
0.012488
0.010503
0.010391
0.010281
0.010352
0.010229
0.010175
0.010478
0.010238
0.010288
0.012665
0.010685
0.010509
0.010522
0.010482
0.010437
0.010334
0.010565
0.010414
0.010385
0.012683
0.010875
0.010741
0.010421
0.010713
0.010413
0.010450
0.010306
0.010343
0.010424
0.012817
0.010747
0.010581
0.010493
0.010478
0.010484
0.010709
0.010554
0.010571
0.010514
0.012918
0.010857
0.010635
0.010570
0.010625
0.010678
0.010712
0.010483
0.010515
0.010553