compile_opencl_time:
0.002200
0.002319
0.002306
0.002306
0.002296
0.002175
0.002191
0.002338
0.002383
0.002273
total_time:
0.020956
0.020349
0.020383
0.020314
0.020397
0.020337
0.020416
0.020338
0.020329
0.020298
0.020931
0.020237
0.020186
0.020179
0.020174
0.020174
0.020190
0.020178
0.020166
0.020155
0.020832
0.020284
0.020184
0.020169
0.020171
0.020221
0.020245
0.020152
0.020174
0.020218
0.020910
0.020241
0.020185
0.020162
0.020160
0.020153
0.020181
0.020211
0.020185
0.020180
0.020912
0.020271
0.020168
0.020201
0.020179
0.020136
0.020201
0.020148
0.020161
0.020170
0.020775
0.020192
0.020157
0.020144
0.020138
0.020159
0.020219
0.020102
0.020121
0.020114
0.020855
0.020214
0.020148
0.020169
0.020190
0.020117
0.020150
0.020138
0.020196
0.020106
0.020874
0.020241
0.020218
0.020181
0.020185
0.020179
0.020180
0.020182
0.020152
0.020152
0.020845
0.020301
0.020236
0.020161
0.020161
0.020157
0.020189
0.020247
0.020250
0.020159
0.020839
0.020316
0.020273
0.020143
0.020143
0.020187
0.020159
0.020203
0.020192
0.020174