total_time:
0.045676
0.045253
0.046163
0.044728
0.046719
0.044767
0.046746
0.045615
0.046017
0.045080
0.049761
0.044827
0.044619
0.043227
0.043590
0.044111
0.043906
0.043512
0.044125
0.044265
0.046119
0.044361
0.044375
0.043990
0.044801
0.045032
0.043533
0.043958
0.043957
0.043557
0.048439
0.044186
0.044134
0.043580
0.043597
0.044782
0.043695
0.043979
0.043691
0.043206
0.047387
0.047149
0.046982
0.046077
0.046020
0.046157
0.046390
0.045844
0.046422
0.046160
0.049647
0.044070
0.044224
0.043010
0.043645
0.043748
0.043102
0.043516
0.043294
0.044244
0.045753
0.044285
0.045003
0.043696
0.043626
0.044470
0.044096
0.043680
0.043623
0.044118
0.045767
0.044235
0.043824
0.044354
0.043777
0.044342
0.045322
0.043347
0.043507
0.043678
0.045156
0.044993
0.045369
0.045217
0.045007
0.044964
0.046103
0.045356
0.045138
0.045713
0.045530
0.045474
0.044245
0.044394
0.043668
0.043613
0.044004
0.044039
0.043430
0.043468