total_time:
0.455121
0.475112
0.463332
0.455819
0.461615
0.456417
0.45571
0.459815
0.477897
0.450223
0.453895
0.452004
0.450543
0.458111
0.463447
0.453473
0.452414
0.459713
0.450779
0.463942
0.452445
0.449531
0.450989
0.462259
0.460435
0.452035
0.450993
0.458902
0.478567
0.463854
0.461179
0.464025
0.457245
0.457468
0.464678
0.483721
0.47672
0.46455
0.472535
0.477464
0.460934
0.468962
0.489589
0.474584
0.46322
0.458096
0.449158
0.444022
0.477811
0.473725
0.451503
0.451238
0.450356
0.467476
0.455177
0.450343
0.446292
0.446261
0.456762
0.475727
0.459904
0.461792
0.462621
0.445524
0.449076
0.453792
0.448165
0.448619
0.447656
0.452764
0.460983
0.452424
0.475632
0.461799
0.459009
0.462625
0.452967
0.449468
0.46406
0.461823
0.457252
0.456008
0.451863
0.449358
0.449845
0.45898
0.476622
0.458794
0.459157
0.476723
