compile_opencl_time:
0.139949
0.147838
0.151290
0.140715
0.143859
0.140841
0.142032
0.144995
0.147856
0.138458
total_time:
0.027679
0.024042
0.023731
0.023998
0.024289
0.023202
0.023907
0.023183
0.023893
0.023270
0.025799
0.022801
0.022344
0.021730
0.021783
0.021490
0.022193
0.022200
0.021494
0.022469
0.028622
0.022427
0.023477
0.024747
0.021910
0.021933
0.022972
0.023362
0.022175
0.021736
0.025988
0.019579
0.022741
0.019547
0.021718
0.023155
0.019401
0.019139
0.020714
0.019131
0.027203
0.021735
0.023748
0.025043
0.022858
0.021427
0.022598
0.020686
0.020591
0.022274
0.024131
0.022291
0.022218
0.021601
0.021121
0.022902
0.021055
0.020528
0.021377
0.020616
0.025847
0.023362
0.024100
0.023665
0.021975
0.023472
0.022421
0.022988
0.020877
0.020547
0.022948
0.019912
0.019798
0.019592
0.019721
0.019687
0.019804
0.019806
0.019563
0.019739
0.022887
0.019796
0.019789
0.019646
0.019822
0.019588
0.019598
0.019529
0.019668
0.019656
0.023416
0.020596
0.020711
0.020205
0.020212
0.020136
0.020474
0.020161
0.020276
0.020219