total_time:
0.077087
0.004440
0.004433
0.004420
0.004395
0.004393
0.004409
0.004429
0.004413
0.004415
0.077135
0.005672
0.005615
0.005715
0.005716
0.005716
0.005700
0.005665
0.005740
0.005767
0.085033
0.005449
0.005423
0.005416
0.005442
0.005434
0.005423
0.005426
0.005431
0.005452
0.082388
0.004314
0.004277
0.004276
0.004359
0.004360
0.004320
0.004290
0.004303
0.004365
0.077743
0.005780
0.005764
0.005737
0.005833
0.005802
0.005778
0.005872
0.006076
0.006024
0.087154
0.005679
0.005689
0.005648
0.005693
0.005671
0.005723
0.005909
0.005690
0.005761
0.086101
0.005065
0.005044
0.005051
0.005126
0.005089
0.005086
0.005114
0.005054
0.005098
0.080647
0.005706
0.005617
0.005670
0.005656
0.005668
0.005681
0.005672
0.005712
0.005694
0.090458
0.006492
0.006492
0.006473
0.006488
0.006487
0.006483
0.006499
0.006501
0.006519
0.081856
0.005229
0.005242
0.005345
0.005386
0.005310
0.005264
0.005405
0.005383
0.005332