total_time:
0.080650
0.009190
0.009163
0.009235
0.009208
0.009221
0.009109
0.009113
0.009146
0.009145
0.083373
0.011566
0.011597
0.011665
0.011632
0.011756
0.011693
0.011632
0.011712
0.011579
0.085911
0.010733
0.010798
0.010824
0.010868
0.010795
0.010829
0.010765
0.010765
0.010811
0.079757
0.008536
0.008503
0.008557
0.008515
0.008562
0.008554
0.008574
0.008561
0.008579
0.083850
0.011937
0.011885
0.011962
0.011984
0.012001
0.011971
0.011995
0.011979
0.011961
0.086113
0.011440
0.011465
0.011600
0.011958
0.011860
0.011934
0.011853
0.011839
0.011842
0.081628
0.009973
0.009778
0.009871
0.009886
0.009876
0.009793
0.009864
0.009816
0.009843
0.086415
0.012115
0.012138
0.012121
0.012107
0.012148
0.012129
0.012126
0.012130
0.012141
0.084571
0.012507
0.012644
0.012683
0.012502
0.012466
0.012730
0.012604
0.012505
0.012636
0.081448
0.010398
0.010406
0.010413
0.010407
0.010438
0.010397
0.010413
0.010397
0.010399