compile_opencl_time:
0.002202
0.002109
0.002113
0.002051
0.00214
0.002202
0.00221
0.002102
0.002144
0.002112
total_time:
0.001688
0.001657
0.001632
0.001649
0.001644
0.001682
0.0017
0.001631
0.001629
0.001626
0.002103
0.002023
0.001965
0.00197
0.001986
0.001977
0.001973
0.001985
0.001974
0.002002
0.002053
0.002017
0.002013
0.002011
0.002029
0.002021
0.002018
0.002029
0.002033
0.002024
0.001637
0.001607
0.001542
0.00155
0.001539
0.001567
0.001556
0.001599
0.001597
0.00155
0.001651
0.00158
0.001562
0.001558
0.001601
0.001589
0.001564
0.0016
0.001564
0.0016
0.001948
0.00192
0.001903
0.001869
0.001881
0.001905
0.001912
0.001882
0.00192
0.00187
0.001692
0.001647
0.001635
0.001633
0.001672
0.001645
0.001661
0.001633
0.001668
0.001634
0.002164
0.002166
0.002201
0.002206
0.002123
0.002154
0.002151
0.00222
0.002205
0.002148
0.001782
0.001785
0.001724
0.001722
0.001756
0.001796
0.001782
0.001726
0.001782
0.001729
0.001605
0.001578
0.001566
0.001566
0.001573
0.0016
0.001585
0.001618
0.001583
0.001569
