total_time:
0.117753
0.117022
0.117077
0.116982
0.117074
0.117082
0.116856
0.116667
0.116534
0.109934
0.109363
0.108856
0.108942
0.109093
0.108943
0.109148
0.108953
0.108963
0.113669
0.112926
0.112945
0.112717
0.112554
0.113138
0.112815
0.112626
0.112584
0.115704
0.114403
0.114123
0.114334
0.114142
0.114138
0.114409
0.114275
0.114234
0.111477
0.110578
0.110432
0.11064
0.110637
0.110563
0.110641
0.110434
0.110511
0.113039
0.112571
0.112299
0.112267
0.1123
0.112334
0.112206
0.112563
0.112099
0.114868
0.114102
0.114178
0.114094
0.114351
0.114056
0.114152
0.113537
0.112265
0.109976
0.109172
0.109128
0.109068
0.109033
0.109407
0.109291
0.109271
0.10895
0.117848
0.117053
0.116878
0.116545
0.116525
0.116381
0.116111
0.116198
0.11634
0.121109
0.12076
0.119864
0.119486
0.120714
0.120943
0.120951
0.121139
0.121036
