total_time:
0.106199
0.102907
0.1023
0.101716
0.102212
0.104009
0.103784
0.103654
0.103058
0.10247
0.104354
0.100494
0.098015
0.09938
0.101007
0.099472
0.100001
0.099948
0.101175
0.101077
0.104394
0.100592
0.098591
0.099171
0.099064
0.099167
0.099237
0.098424
0.09814
0.100363
0.107575
0.103828
0.10276
0.103753
0.101922
0.102695
0.102133
0.102334
0.101358
0.102757
0.104818
0.103502
0.102594
0.103614
0.102878
0.103784
0.103517
0.102234
0.103224
0.10296
0.102097
0.104089
0.103807
0.102603
0.103188
0.103487
0.102329
0.102786
0.102972
0.102689
0.104833
0.10371
0.103784
0.10339
0.103547
0.103063
0.103017
0.102821
0.102118
0.102813
0.102628
0.100435
0.099008
0.100525
0.098929
0.10107
0.1
0.101346
0.103411
0.099773
0.104989
0.101085
0.100075
0.100546
0.100854
0.10073
0.102267
0.10127
0.100705
0.100136
0.107253
0.103524
0.102727
0.104573
0.102757
0.102928
0.102622
0.103475
0.103045
0.10668
