total_time:
0.179459
0.174294
0.173548
0.178168
0.176071
0.175291
0.176431
0.176403
0.175786
0.172506
0.172382
0.171716
0.1722
0.171284
0.172561
0.169202
0.174074
0.171239
0.176378
0.179068
0.171205
0.176648
0.176978
0.173545
0.17227
0.172461
0.174482
0.174465
0.177765
0.176444
0.175095
0.175892
0.174265
0.173782
0.171474
0.171537
0.171486
0.170961
0.173449
0.172296
0.172329
0.169335
0.171969
0.168943
0.171145
0.175814
0.173329
0.173742
0.172978
0.174742
0.17448
0.176579
0.174621
0.17444
0.174947
0.174632
0.175933
0.176548
0.17432
0.174249
0.17622
0.177185
0.175994
0.175415
0.175241
0.175516
0.174114
0.176903
0.176592
0.174479
0.175496
0.173762
0.179501
0.175801
0.176352
0.175881
0.175468
0.177487
0.175991
0.173989
0.176433
0.179487
0.179202
0.179376
0.17984
0.177699
0.18047
0.176332
0.179793
0.17927
