compile_opencl_time:
0.002453
0.002201
0.002287
0.002209
0.002236
0.002207
0.002316
0.002257
0.002284
0.002245
total_time:
0.146061
0.142788
0.140786
0.142231
0.141569
0.141499
0.141417
0.141477
0.141561
0.141504
0.130646
0.127402
0.125657
0.125469
0.125530
0.125374
0.125377
0.125314
0.125477
0.125386
0.142363
0.139280
0.137209
0.137185
0.137565
0.137310
0.137190
0.137248
0.137089
0.137170
0.146458
0.144895
0.141328
0.141130
0.141150
0.141448
0.141412
0.141776
0.141255
0.141460
0.144837
0.141978
0.139459
0.139500
0.139652
0.139581
0.139563
0.139591
0.139448
0.139240
0.143586
0.139699
0.137957
0.138046
0.138222
0.138098
0.137957
0.137986
0.137877
0.137961
0.146437
0.144946
0.140938
0.140977
0.141252
0.140993
0.141010
0.140952
0.141059
0.140917
0.133972
0.131856
0.129077
0.128961
0.128765
0.128807
0.128840
0.128815
0.128915
0.128778
0.154851
0.151219
0.149342
0.149229
0.149324
0.149066
0.149126
0.149258
0.149391
0.149351
0.140598
0.139042
0.135039
0.135070
0.135074
0.135027
0.135079
0.135074
0.135021
0.134940