select_time:
0.000010
0.000010
0.000009
0.000009
0.000008
0.000009
0.000009
0.000009
0.000008
0.000009

total_time:
0.154279
0.079581
0.077981
0.077928
0.077926
0.077923
0.077885
0.077878
0.077926
0.077934
0.151221
0.078383
0.076728
0.076721
0.076750
0.076733
0.076740
0.076738
0.076722
0.076756
0.149327
0.078224
0.076641
0.076600
0.076655
0.076697
0.076645
0.076646
0.076625
0.076642
0.149125
0.078396
0.076827
0.076789
0.076785
0.076813
0.077016
0.076824
0.076850
0.076837
0.152809
0.079407
0.077848
0.077873
0.077846
0.077908
0.077858
0.077874
0.077800
0.077808
0.152584
0.079823
0.078293
0.078291
0.078287
0.078289
0.078269
0.078311
0.078431
0.078338
0.153630
0.078575
0.076805
0.076802
0.076802
0.076806
0.076797
0.076788
0.076789
0.076804
0.153594
0.078081
0.076444
0.076454
0.076440
0.076441
0.076457
0.076513
0.076445
0.076423
0.152150
0.080802
0.079070
0.079066
0.079125
0.079154
0.079133
0.079131
0.079151
0.079138
0.150837
0.078446
0.076823
0.076801
0.076785
0.076854
0.076844
0.076838
0.076826
0.076803
