total_time:
0.153333
0.076835
0.077001
0.076088
0.076143
0.076133
0.076150
0.076187
0.076173
0.076172
0.147140
0.076467
0.076604
0.075681
0.075670
0.075678
0.075670
0.075684
0.076673
0.078079
0.149602
0.076427
0.076579
0.075685
0.075744
0.075792
0.075731
0.075651
0.075655
0.075657
0.147908
0.076858
0.076971
0.075988
0.076102
0.076003
0.076001
0.075958
0.075981
0.076059
0.153990
0.077107
0.077141
0.076238
0.076242
0.076231
0.076246
0.076201
0.076272
0.076271
0.148397
0.077043
0.077162
0.076282
0.076265
0.076239
0.076188
0.076176
0.076183
0.076254
0.148793
0.076754
0.076982
0.076124
0.076063
0.076010
0.075966
0.075958
0.075992
0.076038
0.150619
0.076842
0.076966
0.076234
0.076115
0.076068
0.076088
0.077074
0.078117
0.078482
0.152827
0.077052
0.077168
0.076304
0.076309
0.077184
0.078414
0.077900
0.077584
0.077553
0.147764
0.076595
0.076756
0.075921
0.076003
0.075986
0.075975
0.075853
0.075948
0.075843