total_time:
0.148293
0.062429
0.061557
0.061516
0.061536
0.061624
0.061535
0.061544
0.061550
0.061527
0.136091
0.062529
0.061657
0.061605
0.061631
0.061660
0.061626
0.061696
0.061510
0.061599
0.134076
0.062337
0.061481
0.061482
0.061500
0.061516
0.061523
0.061532
0.061511
0.061565
0.133913
0.062407
0.061492
0.061524
0.061493
0.061519
0.061499
0.061494
0.061521
0.061502
0.134153
0.062584
0.061471
0.061512
0.061537
0.061499
0.061614
0.061625
0.061651
0.061604
0.135837
0.062570
0.061694
0.061701
0.061688
0.061700
0.061676
0.061682
0.061744
0.061651
0.136431
0.062693
0.061782
0.061951
0.061817
0.061916
0.061796
0.061828
0.061837
0.061918
0.154424
0.062642
0.061847
0.061795
0.061739
0.061841
0.061731
0.061726
0.061668
0.061697
0.136527
0.062582
0.061718
0.061632
0.061662
0.061642
0.061707
0.061633
0.061613
0.061649
0.133585
0.062487
0.061589
0.061612
0.061638
0.061600
0.061568
0.061600
0.061600
0.061630