compile_opencl_time:
0.002238
0.002256
0.002312
0.002268
0.002226
0.002294
0.002259
0.002305
0.002277
0.002199
total_time:
0.069237
0.068592
0.067675
0.067620
0.067582
0.067609
0.067587
0.067617
0.067591
0.067594
0.069321
0.068484
0.067550
0.067559
0.067553
0.067598
0.067547
0.067534
0.067565
0.067533
0.069220
0.068477
0.067574
0.067544
0.067514
0.067548
0.067537
0.067528
0.067518
0.067524
0.069298
0.068509
0.067644
0.067621
0.067645
0.067561
0.067568
0.067582
0.067664
0.067598
0.069401
0.068664
0.067642
0.067648
0.067571
0.067570
0.067543
0.067646
0.067657
0.067580
0.069363
0.068778
0.067835
0.067763
0.067742
0.067726
0.067732
0.067739
0.067728
0.067803
0.069648
0.068973
0.067999
0.068074
0.068100
0.067992
0.067927
0.067923
0.067895
0.067919
0.069578
0.068878
0.067818
0.067959
0.067791
0.067882
0.067904
0.067944
0.067879
0.067799
0.069235
0.068735
0.067782
0.067805
0.067753
0.067759
0.067745
0.067692
0.067679
0.067811
0.069277
0.068624
0.067639
0.067649
0.067789
0.067645
0.067560
0.067650
0.067624
0.067657