total_time:
0.002882
0.002831
0.002792
0.002779
0.002782
0.002785
0.002792
0.002789
0.002795
0.002957
0.002858
0.002849
0.002825
0.002803
0.002812
0.002803
0.002818
0.002826
0.002881
0.002819
0.002818
0.002835
0.002837
0.002835
0.002816
0.002838
0.002852
0.002845
0.002774
0.002776
0.002795
0.002767
0.002824
0.002776
0.002822
0.002774
0.003002
0.003004
0.002997
0.003012
0.002997
0.003014
0.002756
0.002696
0.002709
0.002702
0.002701
0.002719
0.002702
0.002706
0.002736
0.002877
0.002819
0.002808
0.002829
0.002804
0.002805
0.002821
0.002794
0.002795
0.002823
0.002753
0.002739
0.002785
0.002743
0.002748
0.002778
0.002799
0.002774
0.002915
0.002866
0.00287
0.00289
0.0029
0.002886
0.002856
0.002858
0.002925
0.002904
0.002853
0.002859
0.002843
0.002839
0.002848
0.002851
0.002841
0.002854
