compile_opencl_time:
0.135616
0.146341
0.145613
0.137224
0.137678
0.137376
0.134757
0.144303
0.144007
0.135592
total_time:
0.175046
0.169984
0.169704
0.168743
0.170014
0.169092
0.169528
0.169744
0.169641
0.174372
0.169254
0.168857
0.169088
0.169268
0.169012
0.169057
0.168976
0.168773
0.17135
0.171087
0.170683
0.171126
0.170387
0.171496
0.171051
0.170409
0.171662
0.167479
0.167502
0.167129
0.166952
0.167883
0.166869
0.166795
0.167222
0.17407
0.169125
0.169459
0.169195
0.168596
0.169523
0.169312
0.169378
0.169149
0.173495
0.169385
0.169114
0.168831
0.168686
0.167971
0.168754
0.168385
0.168408
0.173975
0.168369
0.165256
0.165132
0.165433
0.171002
0.171397
0.171143
0.171847
0.171596
0.171207
0.171386
0.171072
0.171638
0.171358
0.17136
0.170944
0.171119
0.171254
0.170897
0.170414
0.172923
0.16927
0.169553
0.168928
0.169908
0.169664
0.169007
0.16922
0.169164
