total_time:
0.753253
0.681527
0.678553
0.681444
0.680777
0.680641
0.680655
0.679421
0.679826
0.679019
0.738703
0.668130
0.668583
0.668976
0.666229
0.669530
0.672245
0.667235
0.668207
0.670433
0.790830
0.708132
0.717912
0.709618
0.708721
0.707119
0.708163
0.707678
0.709498
0.710041
0.757581
0.687492
0.686916
0.686459
0.688020
0.684685
0.685979
0.686548
0.686440
0.685855
0.762356
0.688293
0.690288
0.684918
0.688264
0.687734
0.688569
0.687236
0.687793
0.689269
0.747315
0.675080
0.676025
0.674602
0.672535
0.676221
0.675574
0.674591
0.675760
0.674994
0.761702
0.690755
0.688822
0.689697
0.690762
0.692045
0.689910
0.691293
0.690681
0.691868
0.770234
0.696079
0.693058
0.691691
0.692146
0.692883
0.691473
0.695615
0.696727
0.699643
0.768299
0.694145
0.694748
0.693893
0.695504
0.695697
0.696630
0.693530
0.696259
0.694994
0.757278
0.685835
0.681793
0.681320
0.683554
0.681731
0.684884
0.686134
0.684123
0.683797