compile_opencl_time:
0.002190
0.002312
0.002291
0.002261
0.002374
0.002354
0.002274
0.002269
0.002335
0.002294
total_time:
1.173467
1.167911
1.166289
1.166697
1.166175
1.167585
1.166767
1.165844
1.167258
1.167170
1.128030
1.122207
1.120688
1.120475
1.120246
1.120823
1.121410
1.120849
1.120726
1.120460
1.204891
1.200023
1.197849
1.197333
1.198929
1.197963
1.197566
1.197510
1.198834
1.197847
1.204984
1.200350
1.197568
1.197498
1.197766
1.197758
1.197217
1.197331
1.197982
1.197339
1.200622
1.197000
1.194553
1.194357
1.194889
1.194785
1.195080
1.194522
1.194230
1.194876
1.135008
1.129498
1.127748
1.128714
1.127658
1.129035
1.127710
1.127654
1.127741
1.127405
1.166418
1.162899
1.159752
1.159625
1.159687
1.160956
1.160780
1.160455
1.160157
1.160947
1.216405
1.212048
1.210189
1.209240
1.209549
1.210002
1.209844
1.209151
1.209959
1.209202
1.194565
1.191389
1.189684
1.189002
1.187468
1.189019
1.188065
1.189419
1.188798
1.190219
1.171550
1.166153
1.164087
1.164788
1.164271
1.164519
1.164557
1.164770
1.164400
1.164987