compile_opencl_time:
0.149251
0.149178
0.141929
0.141161
0.141330
0.147982
0.151730
0.139243
0.149451
0.141021
total_time:
0.616867
0.585414
0.599196
0.602131
0.599988
0.578985
0.579274
0.579557
0.579276
0.576110
0.590941
0.588292
0.588845
0.575041
0.559553
0.576859
0.556832
0.558948
0.557919
0.576748
0.654840
0.617025
0.608560
0.608764
0.606735
0.608419
0.605707
0.604898
0.605797
0.605202
0.604889
0.585899
0.586059
0.589631
0.585691
0.588033
0.587757
0.588485
0.587168
0.612715
0.634025
0.619617
0.640331
0.621056
0.617669
0.588088
0.583738
0.585466
0.585128
0.585363
0.603424
0.604281
0.612698
0.600092
0.587309
0.586250
0.568969
0.569045
0.567468
0.591963
0.623527
0.614020
0.636369
0.601066
0.587234
0.587497
0.587213
0.606397
0.607942
0.609645
0.642492
0.638157
0.641317
0.611149
0.594514
0.594705
0.591941
0.592254
0.591852
0.592283
0.644239
0.636510
0.637149
0.630015
0.596220
0.593923
0.592714
0.593768
0.588796
0.588817
0.628336
0.623118
0.623637
0.598834
0.577425
0.578834
0.598822
0.599957
0.596971
0.599925