compile_opencl_time:
0.08076
0.081638
0.080691
0.080699
0.080429
0.080545
total_time:
0.01467
0.0146
0.014235
0.01383
0.015262
0.013851
0.013925
0.014067
0.013691
0.014367
0.016113
0.015105
0.013971
0.015082
0.015019
0.015618
0.014572
0.013574
0.015146
0.014133
0.015352
0.014517
0.013199
0.014343
0.013308
0.015136
0.01409
0.014341
0.013793
0.014799
0.015467
0.014365
0.013499
0.013184
0.013257
0.014124
0.014325
0.01456
0.014264
0.013678
0.014521
0.01384
0.014051
0.014485
0.014319
0.013626
0.013878
0.013248
0.013347
0.013929
0.013827
0.013826
0.01437
0.013386
0.014612
0.014405
0.013901
0.014495
0.01493
0.012935
0.012552
0.013153
0.013782
0.014377
0.014099
0.014956
0.013901
0.01525
0.016141
0.014589
0.013621
0.01327
0.013566
0.014097
0.014264
0.013961
0.014481
0.016317
0.015436
0.014555
0.013564
0.013265
0.01331
0.013489
0.013664
0.014456
0.013647
0.016298
0.014738
0.01496
0.014419
0.014343
0.01481
0.015123
0.015829
0.015191
