total_time:
0.245219
0.255328
0.247602
0.245811
0.247973
0.254927
0.252375
0.251596
0.252303
0.251683
0.251136
0.252087
0.259402
0.259036
0.259631
0.259378
0.253874
0.253581
0.264254
0.255544
0.246254
0.248824
0.247291
0.253196
0.242295
0.252156
0.247884
0.253819
0.244256
0.245897
0.24747
0.241269
0.253957
0.24396
0.251221
0.253256
0.243443
0.24434
0.248831
0.261691
0.245446
0.243654
0.249871
0.253825
0.244013
0.253182
0.256472
0.241403
0.250096
0.251638
0.252069
0.255523
0.25789
0.262992
0.258685
0.259245
0.252051
0.251578
0.261152
0.263239
0.256564
0.257573
0.254508
0.264322
0.267739
0.267584
0.258021
0.258382
0.26689
0.264602
0.254334
0.260828
0.261661
0.257232
0.254663
0.254902
0.2564
0.258317
0.259454
0.256221
0.252401
0.253238
0.251557
0.252214
0.251647
0.24203
0.24839
0.251019
0.248613
0.254532
0.25507
0.260362
0.25257
0.25144
0.244495
0.260799
0.240403
0.251107
0.253181
0.249265
