total_time:
3.901732
3.896194
3.870825
3.862299
3.874255
3.878563
3.872121
3.866324
3.865133
3.925982
3.914951
3.892843
3.898513
3.915385
3.9102
3.906194
3.905109
3.900688
3.903911
3.934838
3.938438
3.925357
3.914945
3.89672
3.896677
3.877218
3.879486
3.886923
3.879711
3.930214
3.91326
3.923982
3.951926
3.924923
3.90964
3.903084
3.898347
3.901925
3.899039
3.970467
3.958223
3.957107
3.958382
3.906306
3.954891
3.898891
3.884423
3.880613
3.860404
3.909241
3.89456
3.894952
3.895873
3.88645
3.880343
3.912613
3.903058
3.906909
3.897048
3.88434
3.874728
3.866109
3.874344
3.873607
3.869387
3.905112
3.89491
3.87583
3.877981
3.865581
3.860838
3.864692
3.862666
3.869112
3.856234
3.878837
3.891147
3.862157
3.843139
3.892266
3.887177
3.884932
3.86051
3.858596
3.96869
3.965528
3.929314
3.916489
3.913838
3.91236
3.923358
3.913966
