total_time:
0.311783
0.220708
0.218220
0.217118
0.217375
0.218499
0.217011
0.220094
0.218988
0.217254
0.309653
0.218877
0.216466
0.215139
0.215166
0.215180
0.214984
0.215197
0.215052
0.215039
0.313970
0.220337
0.217812
0.216622
0.216337
0.216405
0.216476
0.216576
0.216797
0.216745
0.314270
0.221558
0.219121
0.218033
0.217627
0.217711
0.217897
0.218063
0.218250
0.217742
0.310511
0.220491
0.218123
0.216751
0.216771
0.216995
0.216738
0.216903
0.216797
0.216749
0.308227
0.218295
0.215858
0.214799
0.214714
0.214809
0.214569
0.214757
0.214665
0.214706
0.311358
0.219638
0.217108
0.215962
0.216383
0.216214
0.215731
0.215947
0.215715
0.215809
0.310902
0.219906
0.217844
0.216314
0.216235
0.216311
0.216274
0.216640
0.216716
0.216817
0.311113
0.219958
0.217556
0.216250
0.216358
0.216538
0.216709
0.216380
0.216146
0.216150
0.309827
0.219858
0.217280
0.216039
0.215997
0.216359
0.216414
0.216445
0.216189
0.215687