total_time:
1.253069
1.102077
1.099521
1.099177
1.154954
1.116034
1.093571
1.086429
1.092438
1.089875
1.091464
1.093270
1.087355
1.085015
1.082591
1.085007
1.092869
1.086325
1.088533
1.085160
1.090479
1.072105
1.089963
1.086004
1.081901
1.083673
1.080039
1.082959
1.084420
1.079365
1.084849
1.086210
1.079426
1.079403
1.076519
1.079460
1.077716
1.078217
1.079414
1.075048
1.116296
1.111795
1.109021
1.101541
1.095092
1.096247
1.092714
1.086592
1.086883
1.088808
1.091087
1.090149
1.086223
1.086396
1.081392
1.088494
1.085722
1.082733
1.083650
1.080783
1.106785
1.106188
1.102259
1.103129
1.095205
1.096739
1.089037
1.090707
1.087825
1.088644
1.090140
1.089022
1.079825
1.082248
1.080442
1.080300
1.078723
1.080313
1.083759
1.077654
1.090801
1.091030
1.084829
1.083258
1.053220
1.081119
1.074398
1.076828
1.078288
1.088718
1.097650
1.091410
1.064040
1.082486
1.083007
1.082161
1.083116
1.080482
1.083210
1.080660