total_time:
0.298773
0.297802
0.297824
0.297827
0.299849
0.299045
0.298948
0.298035
0.297153
0.288874
0.288081
0.289384
0.288063
0.288279
0.290204
0.28932
0.295071
0.297825
0.289317
0.293235
0.291091
0.291269
0.292171
0.29089
0.292932
0.29179
0.291772
0.299809
0.299892
0.297953
0.299402
0.299467
0.300172
0.298562
0.29956
0.301567
0.293481
0.29449
0.294355
0.2985
0.294819
0.29391
0.295514
0.295342
0.29561
0.29897
0.301902
0.300655
0.301426
0.300508
0.298086
0.300353
0.300041
0.301788
0.300767
0.299314
0.299352
0.300187
0.298254
0.298661
0.301341
0.29765
0.298537
0.297948
0.299102
0.302515
0.300791
0.299907
0.29963
0.299782
0.299988
0.300368
0.303345
0.305215
0.302299
0.305001
0.303923
0.304855
0.304139
0.307198
0.30396
0.294216
0.293709
0.294153
0.294907
0.294548
0.294678
0.296124
0.293253
0.294567
