total_time:
0.356007
0.351571
0.34894
0.348522
0.351145
0.349382
0.348384
0.349757
0.349721
0.349445
0.356194
0.350665
0.348286
0.349522
0.348062
0.347205
0.349929
0.35067
0.347674
0.349139
0.355705
0.350634
0.347932
0.350716
0.348661
0.350072
0.346748
0.347964
0.346922
0.348621
0.353505
0.353422
0.353066
0.354371
0.354592
0.35228
0.352034
0.350317
0.351741
0.351134
0.35653
0.355146
0.352428
0.35322
0.352754
0.351892
0.349625
0.351434
0.350316
0.350865
0.362509
0.348998
0.350384
0.351461
0.351488
0.349162
0.349403
0.350709
0.348604
0.357265
0.356353
0.351805
0.353037
0.353127
0.35368
0.351567
0.351647
0.353616
0.353456
0.361093
0.357054
0.357308
0.358598
0.358922
0.357732
0.359017
0.359006
0.35832
0.359073
0.355551
0.358979
0.353143
0.35469
0.354529
0.355031
0.353721
0.354313
0.355764
0.355259
0.356558
0.353305
0.353618
0.354408
0.351913
0.354314
0.350919
0.350446
0.352608
