total_time:
0.317299
0.320329
0.318528
0.317099
0.317792
0.31771
0.318393
0.319283
0.318069
0.325741
0.322379
0.312777
0.311854
0.311713
0.312923
0.312242
0.312808
0.312828
0.31894
0.318966
0.313739
0.319791
0.318628
0.319363
0.318091
0.317803
0.319738
0.312142
0.312218
0.312867
0.312269
0.312297
0.311226
0.312539
0.313541
0.312232
0.312218
0.312853
0.312225
0.312798
0.310421
0.313302
0.31342
0.312997
0.311469
0.313856
0.315359
0.314378
0.313447
0.314601
0.312609
0.313565
0.314993
0.315175
0.317022
0.316763
0.317097
0.315912
0.316908
0.317173
0.316134
0.317166
0.315635
0.316802
0.312649
0.31338
0.312814
0.311829
0.310748
0.311789
0.312596
0.313061
0.311625
0.311384
0.310521
0.312175
0.311487
0.311157
0.310094
0.310446
0.311493
0.309239
0.311258
0.311756
0.311937
0.311738
0.31166
0.313746
0.312677
0.313478
