total_time:
0.112247
0.109618
0.109064
0.109228
0.109183
0.109183
0.109166
0.109113
0.10914
0.112043
0.110093
0.109697
0.109604
0.109584
0.109656
0.10956
0.109586
0.109566
0.111439
0.110883
0.110833
0.110824
0.110882
0.110746
0.110783
0.11079
0.113103
0.110569
0.109982
0.109998
0.10999
0.109986
0.110072
0.109939
0.109882
0.111823
0.109847
0.109423
0.10944
0.109286
0.109206
0.109302
0.10938
0.109307
0.112432
0.110393
0.110028
0.109828
0.109965
0.109854
0.109821
0.10989
0.109783
0.112939
0.110277
0.109732
0.109837
0.109769
0.109802
0.109676
0.109758
0.109639
0.111558
0.109564
0.109225
0.109073
0.109171
0.109199
0.109171
0.109167
0.10909
0.111949
0.109462
0.108907
0.109027
0.108986
0.108969
0.108904
0.109063
0.109067
0.111773
0.109153
0.108533
0.108773
0.108793
0.108702
0.108806
0.108812
0.108727
