compile_opencl_time:
0.002273
0.002341
0.002097
0.002135
0.002177
0.002245
0.002238
0.002334
0.002307
0.002196
total_time:
0.319583
0.315662
0.314670
0.314578
0.315173
0.314704
0.314745
0.314445
0.314857
0.315033
0.306748
0.300587
0.300462
0.300211
0.300441
0.300383
0.300844
0.300771
0.300189
0.300925
0.321992
0.314775
0.314306
0.314132
0.314104
0.314379
0.314318
0.314282
0.314028
0.314956
0.322111
0.318759
0.317935
0.317641
0.317534
0.318228
0.317817
0.317686
0.317804
0.318527
0.314456
0.309218
0.308935
0.309239
0.309092
0.309111
0.309269
0.309247
0.308942
0.309562
0.311146
0.305582
0.304546
0.305053
0.305155
0.304768
0.303974
0.304616
0.303945
0.305253
0.321484
0.315478
0.315602
0.315083
0.314765
0.315141
0.314731
0.314225
0.314601
0.314254
0.301140
0.297398
0.296506
0.295280
0.296084
0.296008
0.295181
0.295846
0.295484
0.296165
0.319522
0.315085
0.314502
0.314152
0.314302
0.314213
0.314136
0.314152
0.314069
0.314971
0.334171
0.326429
0.326162
0.326032
0.325864
0.325683
0.325251
0.324927
0.325116
0.325687