total_time:
0.000512
0.000509
0.000533
0.000505
0.000508
0.000504
0.000505
0.000503
0.000507
0.00049
0.000483
0.000524
0.000485
0.000514
0.000483
0.000483
0.000481
0.000483
0.000492
0.000484
0.000485
0.000483
0.000486
0.000483
0.000486
0.000484
0.000485
0.000519
0.000514
0.000513
0.000512
0.000512
0.000538
0.00051
0.000512
0.00049
0.000486
0.000507
0.000482
0.000486
0.000483
0.000526
0.000483
0.000498
0.000491
0.000481
0.000482
0.000478
0.000484
0.000478
0.000485
0.000479
0.000507
0.00049
0.000486
0.000491
0.000483
0.000485
0.000484
0.000483
0.000483
0.000482
0.00049
0.000484
0.000485
0.000482
0.000509
0.00048
0.000486
0.000479
0.000483
0.000494
0.000491
0.000488
0.000487
0.00049
0.000485
0.000532
0.000485
0.000489
0.000498
0.000486
0.000491
0.000484
0.000517
0.000484
0.000484
0.000483
0.000486
