total_time:
0.000506
0.000493
0.000502
0.000498
0.000501
0.00049
0.000498
0.000494
0.000495
0.0005
0.000491
0.00049
0.000536
0.000489
0.0005
0.000495
0.000498
0.000489
0.000522
0.000499
0.000494
0.000501
0.000489
0.000488
0.000489
0.000497
0.00049
0.000533
0.000524
0.000529
0.000531
0.000526
0.000526
0.000529
0.000525
0.000552
0.000504
0.000495
0.000537
0.000504
0.0005
0.000501
0.000498
0.000503
0.000492
0.000506
0.000491
0.000499
0.000499
0.000493
0.0005
0.00049
0.000495
0.000488
0.000511
0.000543
0.000497
0.000499
0.000521
0.000547
0.000502
0.000497
0.000489
0.000504
0.000536
0.000497
0.000502
0.000492
0.000491
0.000493
0.000499
0.000491
0.000503
0.000519
0.000516
0.000504
0.000491
0.000501
0.000508
0.000498
0.000498
0.000501
0.000492
0.000504
0.000499
0.00052
0.000532
0.000494
0.000496
0.000496
