total_time:
0.537243
0.538008
0.533574
0.535988
0.533967
0.534413
0.53345
0.535085
0.536234
0.540461
0.53807
0.535084
0.535503
0.534268
0.534355
0.534351
0.540374
0.534426
0.551564
0.546771
0.549249
0.545379
0.545831
0.54742
0.54759
0.544401
0.54479
0.545197
0.543039
0.543668
0.544517
0.547101
0.548138
0.545083
0.545122
0.548403
0.537927
0.534763
0.535185
0.534231
0.534159
0.535296
0.533252
0.533843
0.538943
0.537169
0.534105
0.532122
0.532544
0.535488
0.533686
0.531798
0.532545
0.534412
0.545646
0.534791
0.535743
0.53362
0.536537
0.534494
0.533783
0.532905
0.533428
0.538815
0.535088
0.533972
0.535368
0.534677
0.536304
0.535945
0.533408
0.533655
0.550009
0.544075
0.545282
0.544095
0.542693
0.543528
0.546896
0.543836
0.542733
0.537574
0.533822
0.53524
0.533158
0.535403
0.534604
0.534672
0.536163
0.531396
