total_time:
0.269524
0.271158
0.270296
0.270085
0.269732
0.270058
0.270312
0.270353
0.269574
0.269466
0.269722
0.268764
0.268882
0.267269
0.26875
0.268624
0.26821
0.268729
0.270139
0.270991
0.270271
0.2696
0.269778
0.270153
0.270127
0.269589
0.269594
0.26882
0.269427
0.26864
0.268145
0.268909
0.26881
0.268331
0.26852
0.26885
0.269528
0.269975
0.268748
0.268918
0.268989
0.268402
0.268862
0.268877
0.268557
0.269408
0.270095
0.26812
0.26862
0.268763
0.268201
0.268673
0.268806
0.268281
0.269103
0.27014
0.267377
0.269115
0.268776
0.268506
0.268902
0.269073
0.268524
0.270638
0.271337
0.269552
0.269934
0.270209
0.269871
0.26939
0.270163
0.270047
0.269515
0.270106
0.26923
0.268529
0.268764
0.268673
0.268699
0.268843
0.269414
0.269703
0.270549
0.269151
0.269726
0.269309
0.26916
0.269655
0.269729
0.269007
