total_time:
0.196236
0.196593
0.196387
0.196146
0.195939
0.195689
0.195638
0.195551
0.197137
0.194051
0.194064
0.194003
0.194045
0.194037
0.19411
0.194091
0.194209
0.196366
0.196012
0.195906
0.1956
0.195507
0.195736
0.195695
0.196189
0.197991
0.195242
0.195467
0.195676
0.195869
0.195691
0.195399
0.195193
0.195083
0.196209
0.196033
0.196017
0.196068
0.196531
0.196656
0.196828
0.19664
0.197215
0.194217
0.194248
0.194145
0.194249
0.194346
0.194
0.194177
0.194156
0.195732
0.195359
0.195404
0.195072
0.19504
0.195005
0.195013
0.194772
0.195942
0.195828
0.195736
0.195639
0.195468
0.195619
0.195894
0.196296
0.195938
0.195646
0.195589
0.19546
0.195389
0.195433
0.19559
0.195857
0.195123
0.195592
0.195802
0.196109
0.195891
0.195668
0.195411
0.195431
