total_time:
8e-05
7.9e-05
7.5e-05
7.7e-05
8.1e-05
7.8e-05
8e-05
7.8e-05
8.8e-05
8.5e-05
8.4e-05
8.3e-05
8.4e-05
8.3e-05
8.2e-05
8.1e-05
8.3e-05
8.1e-05
7.9e-05
8e-05
7.9e-05
7.8e-05
7.8e-05
7.8e-05
7.7e-05
7.9e-05
7.9e-05
7.9e-05
7.6e-05
7.7e-05
7.5e-05
8.5e-05
7.4e-05
7.4e-05
8.3e-05
8.2e-05
8.1e-05
8.1e-05
8e-05
8.1e-05
8.8e-05
8e-05
7.8e-05
8.5e-05
8.2e-05
8.3e-05
7.9e-05
8.3e-05
7.8e-05
7.9e-05
7.8e-05
7.8e-05
8.1e-05
9.1e-05
8e-05
7.7e-05
7.6e-05
7.6e-05
7.5e-05
7.5e-05
7.4e-05
8.7e-05
8.4e-05
8.3e-05
8.3e-05
8.4e-05
8.4e-05
8.2e-05
8.4e-05
8.3e-05
8.6e-05
8.3e-05
8.1e-05
8.2e-05
8.1e-05
8.9e-05
8e-05
8.1e-05
7.9e-05
8.3e-05
8.8e-05
8.1e-05
8e-05
7.7e-05
7.8e-05
7.7e-05
7.8e-05
7.7e-05
