total_time:
0.000973
0.000998
0.000962
0.000961
0.000958
0.000957
0.000958
0.000967
0.000971
0.001036
0.001022
0.001043
0.001023
0.001024
0.001016
0.001022
0.001023
0.001025
0.000989
0.000995
0.000962
0.00096
0.000957
0.000984
0.000957
0.000958
0.000963
0.000964
0.000957
0.000983
0.000954
0.000958
0.000953
0.000954
0.000956
0.000954
0.000947
0.00096
0.000933
0.000935
0.000934
0.000948
0.000931
0.00093
0.000933
0.000963
0.000965
0.000957
0.000986
0.000958
0.000962
0.000959
0.00096
0.000968
0.000973
0.000966
0.000974
0.000965
0.000962
0.000957
0.000957
0.000962
0.000973
0.001028
0.001019
0.001016
0.001023
0.001016
0.001018
0.001044
0.001017
0.001013
0.001017
0.001015
0.001004
0.001012
0.001018
0.00102
0.001055
0.001019
0.001016
0.000987
0.000978
0.000974
0.000965
0.000962
0.000963
0.000961
0.000957
0.000965
