compile_opencl_time:
0.131323
0.135377
0.134862
0.134423
0.142851
0.133652
0.14051
0.134799
0.136784
total_time:
0.00117
0.000972
0.001011
0.000957
0.001006
0.000939
0.001001
0.000937
0.001027
0.001361
0.001186
0.00113
0.001124
0.001152
0.001128
0.001133
0.001077
0.001123
0.00116
0.001002
0.001027
0.001046
0.001011
0.001069
0.001
0.000917
0.001005
0.000977
0.00099
0.001065
0.000967
0.001002
0.000974
0.001011
0.00101
0.001032
0.001046
0.001068
0.001053
0.001002
0.001033
0.001068
0.001045
0.001008
0.001037
0.001176
0.001034
0.001057
0.000999
0.001003
0.000999
0.001013
0.000993
0.001028
0.001204
0.001127
0.001089
0.001024
0.001061
0.001199
0.001108
0.001069
0.001025
0.00129
0.001132
0.001142
0.001145
0.00118
0.001131
0.001148
0.00111
0.001127
0.001157
0.001164
0.001179
0.001092
0.001179
0.001217
0.001113
0.001158
0.001074
0.001202
0.000962
0.001
0.000945
0.001023
0.000937
0.001
0.000917
0.000982
