total_time:
0.087651
0.003984
0.003937
0.003910
0.003938
0.003926
0.003928
0.003946
0.003997
0.003969
0.077945
0.003318
0.003206
0.003205
0.003207
0.003204
0.003206
0.003214
0.003202
0.003210
0.080029
0.003066
0.003010
0.003042
0.003012
0.003014
0.003014
0.003006
0.003009
0.003011
0.081729
0.003603
0.003553
0.003512
0.003505
0.003561
0.003539
0.003553
0.003497
0.003543
0.079354
0.003523
0.003472
0.003471
0.003474
0.003482
0.003491
0.003508
0.003474
0.003471
0.084063
0.003410
0.003374
0.003354
0.003353
0.003351
0.003387
0.003367
0.003364
0.003378
0.083757
0.003233
0.003268
0.003261
0.003170
0.003186
0.003181
0.003185
0.003170
0.003198
0.082640
0.003321
0.003271
0.003322
0.003276
0.003275
0.003287
0.003303
0.003312
0.003325
0.078303
0.003721
0.003688
0.003742
0.003713
0.003700
0.003717
0.003740
0.003708
0.003681
0.077671
0.003432
0.003375
0.003366
0.003354
0.003334
0.003342
0.003350
0.003335
0.003387