total_time:
0.087203
0.004181
0.004135
0.004073
0.004189
0.004092
0.004093
0.004117
0.004130
0.004153
0.079947
0.003433
0.003365
0.003328
0.003347
0.003363
0.003385
0.003360
0.003353
0.003353
0.078319
0.003239
0.003141
0.003127
0.003114
0.003099
0.003147
0.003133
0.003117
0.003095
0.080532
0.003701
0.003655
0.003645
0.003633
0.003651
0.003668
0.003640
0.003637
0.003718
0.084193
0.003735
0.003644
0.003592
0.003737
0.003677
0.003654
0.003657
0.003661
0.003670
0.081501
0.003592
0.003587
0.003519
0.003540
0.003519
0.003586
0.003505
0.003544
0.003502
0.079856
0.003406
0.003376
0.003324
0.003364
0.003311
0.003311
0.003330
0.003334
0.003369
0.084890
0.003525
0.003467
0.003541
0.003482
0.003480
0.003481
0.003464
0.003495
0.003531
0.081097
0.003922
0.003825
0.003832
0.003807
0.003803
0.003808
0.003807
0.003844
0.003855
0.079127
0.003666
0.003545
0.003503
0.003550
0.003459
0.003490
0.003466
0.003510
0.003478