compile_opencl_time:
0.129155
0.128873
0.123631
0.128075
0.122468
0.121989
0.121473
0.122102
0.127621
0.122144
total_time:
0.004829
0.002715
0.002736
0.002853
0.002718
0.002787
0.002631
0.002791
0.002756
0.002738
0.004299
0.002681
0.002445
0.002465
0.002456
0.002419
0.002364
0.002448
0.002386
0.002371
0.004221
0.002586
0.002452
0.002359
0.002391
0.002310
0.002263
0.002219
0.002224
0.002296
0.005973
0.003575
0.003616
0.003431
0.003189
0.002808
0.002673
0.002608
0.002613
0.002648
0.004512
0.002839
0.002740
0.002728
0.002597
0.002630
0.002631
0.002610
0.002762
0.002664
0.004326
0.002571
0.002429
0.002422
0.002441
0.002367
0.002309
0.002413
0.002349
0.002373
0.004049
0.002256
0.002317
0.002319
0.002299
0.002298
0.002267
0.002190
0.002277
0.002274
0.004239
0.002542
0.002418
0.002381
0.002307
0.002362
0.002320
0.002205
0.002342
0.002223
0.004619
0.002914
0.002832
0.002744
0.002662
0.002737
0.002670
0.002710
0.002574
0.002741
0.004377
0.002701
0.002550
0.002501
0.002563
0.002535
0.002509
0.002504
0.002537
0.002500