compile_opencl_time:
0.072711
0.071274
0.072017
0.071346
0.071842
0.071240
0.071009
0.070879
0.071322
0.070245
total_time:
0.002986
0.002232
0.002096
0.002007
0.002011
0.001999
0.001993
0.002043
0.002091
0.002252
0.002456
0.002162
0.002014
0.002090
0.001915
0.001915
0.002028
0.002026
0.002040
0.001855
0.002905
0.001805
0.001812
0.001684
0.001784
0.001732
0.001747
0.001768
0.001804
0.001962
0.003192
0.002159
0.002120
0.002047
0.002030
0.002170
0.002008
0.001978
0.002034
0.002068
0.002422
0.002180
0.002073
0.002031
0.001973
0.001887
0.002007
0.002007
0.001954
0.001948
0.002234
0.002013
0.001939
0.001849
0.001848
0.001835
0.001839
0.001801
0.001859
0.001801
0.002231
0.001904
0.001805
0.001762
0.001800
0.001669
0.002250
0.002268
0.001779
0.001764
0.002682
0.001815
0.001837
0.001890
0.001803
0.001804
0.001803
0.001845
0.001885
0.001791
0.003127
0.002587
0.002490
0.002132
0.002058
0.002310
0.002064
0.002094
0.002061
0.002081
0.002839
0.002528
0.001934
0.001913
0.001833
0.001868
0.001877
0.001906
0.001922
0.001926