total_time:
0.002359
0.002687
0.002954
0.002850
0.002141
0.002385
0.002236
0.002318
0.002489
0.002577
0.002390
0.002710
0.002612
0.002191
0.002261
0.002396
0.002757
0.002429
0.002659
0.002401
0.003774
0.003451
0.002270
0.002268
0.002375
0.002332
0.002369
0.002624
0.002338
0.002299
0.003807
0.003601
0.003601
0.003606
0.003597
0.003639
0.003631
0.003667
0.003634
0.003638
0.003763
0.003485
0.002415
0.002496
0.002215
0.002267
0.002454
0.002451
0.002475
0.002654
0.003624
0.002347
0.002423
0.002297
0.002266
0.002349
0.002385
0.002461
0.002549
0.002486
0.003515
0.003732
0.003684
0.003696
0.003703
0.003689
0.003401
0.002312
0.002326
0.002273
0.003833
0.003198
0.002500
0.002292
0.002614
0.002315
0.002285
0.002392
0.002392
0.002511
0.003447
0.002662
0.002378
0.002299
0.002289
0.002292
0.002394
0.002382
0.002590
0.002274
0.003529
0.003429
0.003432
0.003421
0.003428
0.003427
0.003482
0.003451
0.003429
0.003441