select_time:
0.000007
0.000007
0.000007
0.000006
0.000006
0.000006
0.000006
0.000006
0.000006
0.000008

total_time:
0.000825
0.000424
0.000396
0.000388
0.000394
0.000387
0.000390
0.000387
0.000388
0.000388
0.000661
0.000365
0.000349
0.000375
0.000362
0.000364
0.000353
0.000355
0.000347
0.000340
0.000675
0.000366
0.000363
0.000356
0.000347
0.000351
0.000343
0.000330
0.000345
0.000349
0.000675
0.000373
0.000345
0.000344
0.000342
0.000340
0.000344
0.000339
0.000340
0.000345
0.000679
0.000418
0.000468
0.000516
0.000498
0.000495
0.000478
0.000475
0.000455
0.000458
0.000645
0.000366
0.000347
0.000342
0.000340
0.000341
0.000342
0.000339
0.000338
0.000340
0.000653
0.000359
0.000350
0.000354
0.000346
0.000358
0.000356
0.000353
0.000379
0.000382
0.000698
0.000386
0.018630
0.000530
0.000425
0.000410
0.000416
0.000405
0.000404
0.000404
0.000718
0.000428
0.000392
0.000385
0.000417
0.000393
0.000401
0.000395
0.000400
0.000394
0.000718
0.000392
0.000391
0.000391
0.000375
0.000367
0.000364
0.000368
0.000364
0.000363
