compile_opencl_time:
0.078068
0.076513
0.078835
0.077067
0.076065
0.076898
0.077598
0.077332
0.07825
total_time:
0.206096
0.220164
0.222039
0.220871
0.220203
0.221323
0.228867
0.221469
0.221228
0.221386
0.207158
0.221154
0.221966
0.226847
0.234746
0.226095
0.228464
0.220952
0.220959
0.226706
0.205693
0.216173
0.217343
0.213767
0.218172
0.217052
0.216436
0.214406
0.218293
0.214404
0.203551
0.202356
0.204251
0.203514
0.203473
0.212065
0.211156
0.21148
0.22265
0.193934
0.20759
0.206178
0.205168
0.207397
0.210228
0.210087
0.209455
0.207419
0.207894
0.199609
0.210141
0.208354
0.208622
0.209871
0.211716
0.210702
0.214032
0.209474
0.20992
0.212812
0.22197
0.220194
0.228379
0.223889
0.221124
0.225467
0.223385
0.22586
0.226175
0.205009
0.21617
0.216312
0.217929
0.219239
0.220262
0.218572
0.220044
0.219142
0.219478
0.211789
0.219715
0.219312
0.228113
0.221509
0.221487
0.226117
0.225658
0.222409
0.221862
0.209031
0.225088
0.21923
0.221052
0.219799
0.221846
0.220835
0.219881
0.224661
0.22251
