compile_opencl_time:
0.149644
0.141186
0.142696
0.142206
0.147792
0.146971
0.148786
0.141362
0.148072
0.14708
total_time:
0.291763
0.269411
0.267783
0.271483
0.272302
0.274467
0.272732
0.272234
0.27253
0.272173
0.281089
0.268806
0.269998
0.26703
0.270205
0.268373
0.269524
0.270019
0.270298
0.272372
0.274005
0.261339
0.26428
0.264916
0.264652
0.263727
0.263754
0.266184
0.266454
0.263881
0.262128
0.250938
0.249793
0.252051
0.250964
0.25232
0.254332
0.251812
0.251861
0.252818
0.268735
0.254332
0.256197
0.257153
0.255804
0.257076
0.258357
0.258359
0.256094
0.257232
0.27232
0.258475
0.259532
0.260454
0.261541
0.261474
0.261596
0.264272
0.262825
0.2613
0.272945
0.275204
0.275868
0.275547
0.276773
0.277699
0.275789
0.276706
0.27563
0.282398
0.270474
0.270637
0.271198
0.272443
0.273539
0.271872
0.271643
0.272666
0.272399
0.286213
0.269223
0.275076
0.275932
0.275935
0.27769
0.278497
0.276318
0.275182
0.27589
0.293348
0.266896
0.273451
0.273196
0.273786
0.274718
0.275849
0.27393
0.274792
0.274202
