total_time:
0.129861
0.129374
0.128959
0.129453
0.129057
0.129641
0.128817
0.129019
0.129242
0.129399
0.128382
0.128366
0.128214
0.128361
0.12828
0.128337
0.128349
0.128478
0.126577
0.12535
0.12573
0.125422
0.125167
0.125682
0.12547
0.125165
0.12572
0.125588
0.122981
0.123014
0.121643
0.121683
0.121393
0.121662
0.120944
0.121576
0.123072
0.122107
0.12214
0.122213
0.122265
0.122364
0.122209
0.122183
0.122234
0.124149
0.124051
0.123497
0.123731
0.12383
0.123753
0.123591
0.123789
0.124023
0.131207
0.130508
0.130319
0.130586
0.130323
0.130394
0.130156
0.130221
0.130477
0.130053
0.129292
0.12875
0.128984
0.129255
0.129294
0.129235
0.128919
0.129404
0.131413
0.130448
0.13026
0.130482
0.130412
0.130718
0.130744
0.130115
0.130233
0.129292
0.128523
0.128397
0.131525
0.131804
0.131885
0.130268
0.130398
0.130088
