total_time:
0.407987
0.336709
0.337370
0.337459
0.337233
0.337143
0.336820
0.336991
0.336904
0.337639
0.405755
0.336499
0.336350
0.336432
0.337053
0.336564
0.337214
0.336999
0.336655
0.336408
0.408005
0.337190
0.337324
0.337192
0.336931
0.336608
0.336884
0.337440
0.337092
0.337343
0.409405
0.337035
0.337248
0.336987
0.336939
0.336618
0.336619
0.336573
0.337069
0.337250
0.409376
0.337015
0.337460
0.336967
0.337104
0.336805
0.336670
0.337125
0.337606
0.337412
0.406109
0.337130
0.337216
0.336942
0.336792
0.336729
0.336817
0.337076
0.337454
0.337223
0.405833
0.337024
0.337121
0.336249
0.336938
0.337444
0.337667
0.337341
0.336885
0.337058
0.405961
0.336916
0.336882
0.336857
0.336431
0.336446
0.336967
0.336481
0.337384
0.336989
0.410836
0.337166
0.337027
0.336915
0.336996
0.336425
0.336748
0.336856
0.337366
0.337160
0.408096
0.336665
0.337133
0.336970
0.337163
0.337527
0.337450
0.337215
0.336893
0.336987