total_time:
0.696590
0.617762
0.618104
0.621477
0.621302
0.620583
0.620827
0.620113
0.618609
0.619408
0.694978
0.615811
0.618779
0.618120
0.617393
0.619141
0.617964
0.619160
0.621084
0.620531
0.688125
0.617125
0.618761
0.618490
0.616283
0.616996
0.615416
0.619186
0.618807
0.617851
0.682435
0.610244
0.608845
0.608477
0.609015
0.608929
0.609862
0.610823
0.611723
0.610937
0.680193
0.610166
0.608951
0.607924
0.609254
0.609889
0.608091
0.610394
0.609967
0.609421
0.691037
0.618903
0.619679
0.618791
0.621279
0.621600
0.620030
0.623584
0.618861
0.617640
0.692525
0.618308
0.620187
0.619666
0.617106
0.621285
0.620916
0.620668
0.622685
0.624894
0.698760
0.609057
0.612058
0.610213
0.610575
0.609815
0.611019
0.610950
0.610518
0.610502
0.685049
0.609916
0.609779
0.610386
0.608510
0.609448
0.611286
0.611282
0.610968
0.611029
0.685668
0.612776
0.612622
0.611866
0.613152
0.612683
0.616570
0.618607
0.615129
0.613195