compile_opencl_time:
0.080533
0.076249
0.077008
0.077015
0.080682
0.077743
0.076313
0.076851
0.075779
0.077967
total_time:
0.070109
0.069573
0.065968
0.064615
0.065924
0.065132
0.065139
0.068058
0.066613
0.066914
0.070912
0.071013
0.067844
0.066747
0.068073
0.069106
0.068175
0.067921
0.068198
0.069477
0.071161
0.073150
0.068585
0.068778
0.067479
0.068898
0.068328
0.069491
0.069670
0.070733
0.071109
0.072889
0.069250
0.067529
0.067626
0.067581
0.069353
0.067742
0.068771
0.068861
0.073177
0.074082
0.070783
0.070159
0.070448
0.069265
0.069159
0.071952
0.069715
0.070194
0.072984
0.071192
0.067969
0.066861
0.067670
0.067786
0.068788
0.067261
0.067383
0.067276
0.067343
0.070287
0.064786
0.064563
0.065926
0.066063
0.066196
0.066793
0.065059
0.067937
0.070244
0.071048
0.069420
0.065998
0.065397
0.066146
0.066549
0.067292
0.067686
0.065764
0.072947
0.078041
0.069386
0.069978
0.070370
0.072551
0.069872
0.072655
0.070771
0.072616
0.076647
0.079548
0.074294
0.073641
0.073688
0.075122
0.073779
0.074260
0.073321
0.073944