total_time:
0.00331
0.002791
0.002313
0.002336
0.002561
0.00256
0.002797
0.00284
0.002792
0.002823
0.002828
0.002376
0.002375
0.0024
0.002452
0.002608
0.002604
0.002593
0.002561
0.002785
0.002311
0.002487
0.002707
0.00269
0.002648
0.002925
0.002812
0.002798
0.002805
0.002476
0.002163
0.002153
0.002183
0.002299
0.002422
0.002402
0.002473
0.002475
0.002948
0.002731
0.002339
0.00233
0.002441
0.002555
0.002639
0.002743
0.002687
0.002745
0.002914
0.002718
0.002354
0.002449
0.002489
0.002772
0.00268
0.002758
0.002807
0.002878
0.00277
0.002354
0.002353
0.002566
0.00272
0.002689
0.002745
0.00288
0.00289
0.002805
0.002755
0.002475
0.002665
0.002801
0.002899
0.003108
0.003078
0.003118
0.003096
0.003286
0.002771
0.002347
0.002311
0.002556
0.002546
0.002944
0.002865
0.002891
0.002838
0.002791
0.002339
0.002353
0.002335
0.002492
0.002626
0.002675
0.002736
0.002753
