total_time:
0.013955
0.013594
0.013593
0.013609
0.013586
0.013565
0.013544
0.013554
0.013557
0.013635
0.013617
0.013639
0.013597
0.013605
0.013594
0.013589
0.01355
0.013957
0.013659
0.013642
0.013604
0.013583
0.013548
0.013555
0.013547
0.013564
0.013599
0.013556
0.013569
0.013625
0.013572
0.013567
0.013638
0.013651
0.013966
0.013594
0.013552
0.013604
0.013607
0.013544
0.013554
0.013573
0.013554
0.013649
0.013632
0.01366
0.013606
0.013614
0.01355
0.013642
0.013643
0.013789
0.013747
0.013751
0.013777
0.013783
0.013722
0.013706
0.013725
0.013949
0.013561
0.013603
0.013563
0.013553
0.013525
0.013535
0.013551
0.013541
0.013627
0.013572
0.013569
0.013589
0.013575
0.013553
0.013561
0.013548
0.013967
0.013612
0.013586
0.013617
0.013586
0.01362
0.013576
0.013568
0.013589
