total_time:
0.009121
0.009084
0.009089
0.009104
0.009124
0.009091
0.009108
0.009083
0.009149
0.009123
0.009097
0.009117
0.009113
0.00912
0.009098
0.00911
0.009201
0.009134
0.009122
0.009144
0.009131
0.009164
0.009122
0.009167
0.009146
0.00911
0.009141
0.009114
0.009132
0.009096
0.009144
0.00914
0.009171
0.009143
0.009124
0.009152
0.009136
0.009134
0.009123
0.009121
0.009151
0.009108
0.009111
0.009128
0.009143
0.009135
0.009106
0.009106
0.009151
0.00912
0.009108
0.009134
0.00913
0.009122
0.009097
0.009105
0.009257
0.009214
0.009213
0.009215
0.009232
0.009213
0.009198
0.009184
0.009172
0.009095
0.009144
0.009114
0.009108
0.009097
0.009091
0.009157
0.009126
0.009091
0.009106
0.009128
0.00909
0.009089
0.009081
0.009112
