total_time:
0.032755
0.032289
0.0323
0.032569
0.032293
0.032457
0.03236
0.032615
0.032737
0.032198
0.031916
0.03132
0.031991
0.031051
0.030986
0.031143
0.030824
0.030981
0.031049
0.031233
0.030901
0.030939
0.031015
0.030646
0.030775
0.030896
0.030974
0.033207
0.033307
0.032983
0.033394
0.033295
0.03319
0.033319
0.032353
0.033173
0.032652
0.032377
0.031717
0.031584
0.031084
0.031253
0.031299
0.031233
0.03119
0.033955
0.033143
0.03245
0.031459
0.031596
0.031474
0.031661
0.031575
0.03159
0.032566
0.032693
0.033724
0.032415
0.031442
0.032412
0.032059
0.032112
0.032117
0.032882
0.033731
0.031516
0.031526
0.0315
0.031483
0.03158
0.031537
0.031311
0.032128
0.032058
0.032167
0.032128
0.032115
0.031763
0.031967
0.031936
0.032075
0.032171
0.032589
0.03179
0.032268
0.032393
0.032532
0.03154
0.032611
0.032719
