total_time:
0.008082
0.008057
0.008036
0.008029
0.008028
0.008051
0.008044
0.00804
0.008041
0.008026
0.008015
0.008037
0.00806
0.008025
0.008045
0.008008
0.008052
0.008013
0.008055
0.008012
0.008005
0.008088
0.008008
0.007999
0.008054
0.008024
0.008153
0.008024
0.008056
0.008031
0.008029
0.008013
0.008032
0.007999
0.008033
0.007991
0.008021
0.008008
0.007995
0.007988
0.008051
0.008018
0.008027
0.008052
0.008023
0.008014
0.008009
0.008006
0.008074
0.008044
0.008029
0.008104
0.008049
0.008043
0.008028
0.008027
0.008119
0.008081
0.008075
0.008096
0.008101
0.008092
0.008075
0.008078
0.008042
0.008017
0.008006
0.008009
0.008003
0.008019
0.00801
0.008007
0.008063
0.008035
0.008024
0.008038
0.008016
0.008033
0.008023
0.008024
