total_time:
0.031095
0.031084
0.031077
0.031087
0.031074
0.031072
0.031074
0.031052
0.031336
0.031349
0.03141
0.031297
0.03133
0.031321
0.031297
0.031325
0.031154
0.031131
0.031082
0.031082
0.031115
0.031077
0.031075
0.031109
0.031163
0.031178
0.031162
0.031164
0.03118
0.031145
0.031138
0.031186
0.03103
0.031021
0.031006
0.031017
0.031016
0.030986
0.031025
0.031025
0.031237
0.031227
0.031216
0.031226
0.031205
0.031215
0.031215
0.031233
0.031101
0.031094
0.031106
0.031087
0.031091
0.031105
0.03109
0.031103
0.03117
0.031201
0.031161
0.03119
0.031166
0.03122
0.031175
0.031179
0.031247
0.031245
0.031245
0.031221
0.03125
0.031233
0.03123
0.031232
0.031078
0.031112
0.031109
0.031073
0.031111
0.031071
0.031061
0.031083
