total_time:
0.382021
0.306371
0.309638
0.308412
0.308578
0.307384
0.307165
0.307148
0.306284
0.306605
0.369937
0.290609
0.290648
0.290448
0.290079
0.290206
0.289964
0.290024
0.290556
0.291204
0.378218
0.298182
0.296605
0.297204
0.296980
0.296071
0.294905
0.297912
0.297067
0.297396
0.370171
0.297286
0.297368
0.296578
0.296980
0.298563
0.297193
0.297054
0.296625
0.295244
0.369002
0.296056
0.295615
0.294252
0.294724
0.295119
0.296372
0.295306
0.291775
0.292874
0.365986
0.292178
0.293436
0.291689
0.291954
0.291891
0.292095
0.291184
0.291960
0.291680
0.368326
0.293960
0.293031
0.293389
0.292699
0.293573
0.292278
0.294090
0.291729
0.293658
0.363782
0.287812
0.287071
0.287021
0.287730
0.287788
0.286518
0.287410
0.287578
0.287380
0.377817
0.301500
0.301790
0.301728
0.296488
0.298064
0.298147
0.297735
0.298204
0.297307
0.387402
0.312468
0.310765
0.311592
0.310734
0.311579
0.311206
0.312146
0.311761
0.312048