total_time:
0.386377
0.396307
0.397909
0.395446
0.398876
0.400530
0.401572
0.398883
0.404357
0.402444
0.368911
0.367753
0.367476
0.398367
0.426576
0.424115
0.401449
0.399929
0.401252
0.401835
0.344270
0.355086
0.355632
0.358255
0.360008
0.358031
0.359874
0.359602
0.360209
0.359287
0.364633
0.424105
0.420029
0.418789
0.417213
0.422184
0.420341
0.422167
0.427195
0.431454
0.391554
0.402651
0.401681
0.403430
0.403129
0.403712
0.402710
0.402408
0.404219
0.404235
0.340991
0.355920
0.356192
0.356239
0.356395
0.353740
0.356625
0.355746
0.358029
0.357085
0.350950
0.356624
0.352849
0.352580
0.353228
0.352098
0.360952
0.357938
0.359565
0.364188
0.357067
0.365519
0.367363
0.367983
0.363135
0.367339
0.363863
0.364680
0.367672
0.362800
0.406938
0.398010
0.425802
0.429270
0.426748
0.429982
0.436305
0.432446
0.436296
0.434554
0.385345
0.412155
0.411853
0.412379
0.412377
0.412848
0.415405
0.413027
0.412717
0.412840