compile_opencl_time:
0.072409
0.072464
0.072512
0.073696
0.073854
0.072583
0.071927
0.072066
0.072158
0.074391
total_time:
0.001167
0.001162
0.000940
0.000873
0.000659
0.000626
0.000622
0.000616
0.000602
0.000594
0.001075
0.000691
0.000615
0.000617
0.000617
0.000625
0.000654
0.000584
0.000598
0.000569
0.001288
0.000868
0.000725
0.000705
0.000706
0.000703
0.000684
0.000779
0.000661
0.000694
0.001133
0.000693
0.000696
0.000687
0.000678
0.000707
0.000668
0.000639
0.000634
0.000625
0.001074
0.000777
0.000820
0.000756
0.000858
0.000729
0.000753
0.000680
0.000701
0.000720
0.001426
0.001034
0.000749
0.000709
0.000692
0.000707
0.000660
0.000734
0.000678
0.000676
0.001203
0.000724
0.000691
0.000636
0.000622
0.000611
0.000601
0.000581
0.000551
0.000585
0.001534
0.000744
0.000701
0.000634
0.000634
0.000645
0.000620
0.000613
0.000598
0.000603
0.001299
0.000784
0.000660
0.000633
0.000605
0.000664
0.000677
0.000735
0.000629
0.000689
0.001001
0.000700
0.000720
0.000679
0.000652
0.000682
0.000665
0.000647
0.000647
0.000621