total_time:
0.000447
0.000077
0.000072
0.000071
0.000070
0.000070
0.000070
0.000069
0.000069
0.000077
0.000481
0.000064
0.000061
0.000060
0.000060
0.000060
0.000059
0.000059
0.000059
0.000059
0.000590
0.000074
0.000071
0.000071
0.000070
0.000068
0.000069
0.000068
0.000069
0.000070
0.000484
0.000069
0.000067
0.000066
0.000065
0.000074
0.000082
0.000066
0.000066
0.000065
0.000454
0.000079
0.000075
0.000075
0.000075
0.000074
0.000074
0.000081
0.000075
0.000074
0.000595
0.000080
0.000072
0.000070
0.000069
0.000068
0.000069
0.000069
0.000068
0.000068
0.000568
0.000072
0.000068
0.000067
0.000066
0.000066
0.000067
0.000067
0.000085
0.000068
0.000320
0.000070
0.000070
0.000066
0.000067
0.000067
0.000075
0.000069
0.000067
0.000068
0.000608
0.000071
0.000068
0.000066
0.000067
0.000066
0.000066
0.000085
0.000067
0.000066
0.000550
0.000073
0.000070
0.000069
0.000068
0.000170
0.000072
0.000070
0.000070
0.000070