select_time:
0.000007
0.000007
0.000007
0.000005
0.000007
0.000006
0.000006
0.000006
0.000006
0.000006

total_time:
0.000374
0.000077
0.000074
0.000073
0.000071
0.000072
0.000088
0.000077
0.000074
0.000072
0.000357
0.000073
0.000068
0.000067
0.000068
0.000074
0.000068
0.000069
0.000066
0.000067
0.000365
0.000071
0.000072
0.000071
0.000069
0.000067
0.000070
0.000071
0.000070
0.000067
0.000350
0.000069
0.000066
0.000066
0.000065
0.000063
0.000064
0.000062
0.000065
0.000064
0.000358
0.000070
0.000073
0.000081
0.000070
0.000073
0.000070
0.000069
0.000071
0.000073
0.000329
0.000062
0.000059
0.000055
0.000061
0.000057
0.000115
0.000129
0.000134
0.000130
0.000327
0.000064
0.000070
0.000061
0.000059
0.000060
0.000059
0.000059
0.000061
0.000059
0.000322
0.000066
0.000062
0.000062
0.000062
0.000062
0.000062
0.000062
0.000061
0.056394
0.000375
0.000069
0.000067
0.000064
0.000063
0.000062
0.000064
0.000064
0.000068
0.000064
0.000377
0.000073
0.000070
0.000071
0.000069
0.000072
0.000068
0.000072
0.000070
0.000070
