total_time:
0.000322
0.000305
0.000301
0.000308
0.000300
0.000300
0.000302
0.000299
0.000299
0.000301
0.000329
0.000305
0.000302
0.000310
0.000305
0.000306
0.000308
0.000308
0.000307
0.000310
0.000235
0.000288
0.000219
0.000207
0.000206
0.000206
0.000210
0.000207
0.000206
0.000207
0.000328
0.000265
0.000286
0.000287
0.000292
0.000297
0.000306
0.000308
0.000305
0.000305
0.000285
0.000266
0.000269
0.000261
0.000262
0.000268
0.000467
0.000223
0.000220
0.000225
0.000287
0.000271
0.000275
0.000266
0.000270
0.000279
0.000282
0.000276
0.000278
0.000278
0.000341
0.000308
0.000305
0.000308
0.000301
0.000303
0.000301
0.000304
0.000301
0.000300
0.000237
0.000224
0.000212
0.000211
0.000210
0.000212
0.000206
0.000205
0.000205
0.000205
0.000240
0.000207
0.000202
0.000201
0.000201
0.000201
0.000202
0.000200
0.000199
0.000200
0.000327
0.000319
0.000305
0.000303
0.000305
0.000302
0.000301
0.000303
0.000301
0.000302