total_time:
0.058081
0.057957
0.057945
0.057768
0.057797
0.057846
0.05781
0.057804
0.057463
0.057294
0.057315
0.057311
0.057269
0.057229
0.057226
0.057247
0.057739
0.057674
0.05761
0.057476
0.057566
0.057503
0.057398
0.057406
0.05792
0.057988
0.057736
0.057799
0.057768
0.057673
0.057739
0.057773
0.058007
0.057992
0.057974
0.057754
0.057785
0.057715
0.057821
0.057657
0.057789
0.057729
0.057718
0.057602
0.05779
0.057756
0.057677
0.05757
0.05778
0.057798
0.057872
0.057858
0.057842
0.057911
0.057726
0.05794
0.058251
0.057832
0.057818
0.057767
0.057835
0.057758
0.057757
0.057763
0.058159
0.058148
0.057817
0.057701
0.057915
0.057823
0.057865
0.057894
0.057677
0.057566
0.057516
0.057393
0.057364
0.057359
0.057389
0.057398
