compile_opencl_time:
0.076799
0.083169
0.084319
0.08388
0.080612
0.07823
0.07754
0.077839
0.07853
0.078622
total_time:
0.021618
0.021853
0.021607
0.023216
0.023233
0.02077
0.023673
0.020965
0.021834
0.023429
0.021987
0.021232
0.020433
0.02089
0.020266
0.020595
0.019675
0.021323
0.020902
0.021483
0.020681
0.019877
0.020555
0.019411
0.019877
0.019389
0.020453
0.020445
0.020336
0.019475
0.020414
0.023648
0.021715
0.020334
0.019935
0.019307
0.01956
0.02166
0.022795
0.020567
0.019727
0.019484
0.019679
0.020041
0.020139
0.019614
0.018478
0.018501
0.019281
0.019828
0.021423
0.022015
0.02062
0.019628
0.020365
0.019827
0.022819
0.021697
0.02149
0.020748
0.022942
0.024272
0.021699
0.021054
0.022927
0.021805
0.020726
0.021563
0.022618
0.022142
0.021762
0.021578
0.020591
0.020605
0.0225
0.021373
0.02063
0.021335
0.021135
0.022111
0.022382
0.022185
0.019968
0.02121
0.021393
0.022134
0.022193
0.021461
0.021721
0.021906
0.020029
0.020822
0.018565
0.017906
0.01798
0.019399
0.019589
0.01925
0.020432
0.019936
