compile_opencl_time:
0.072132
0.071424
0.072314
0.071450
0.072305
0.074917
0.075252
0.073531
0.071357
0.074558
total_time:
0.001196
0.000813
0.000683
0.000571
0.000591
0.000587
0.000588
0.000583
0.000568
0.000556
0.001059
0.000725
0.000992
0.000712
0.000715
0.000742
0.000647
0.000642
0.000601
0.000585
0.001247
0.000847
0.000827
0.000774
0.000784
0.000724
0.000731
0.000756
0.000719
0.000713
0.001156
0.000810
0.000717
0.000731
0.000715
0.000729
0.000695
0.000728
0.000698
0.000675
0.001389
0.001193
0.000916
0.000777
0.000671
0.000684
0.000679
0.000667
0.000690
0.000678
0.001745
0.001109
0.000973
0.000998
0.000964
0.000956
0.000913
0.000914
0.000931
0.000948
0.004457
0.000755
0.000622
0.000604
0.000606
0.000576
0.000606
0.000590
0.000575
0.000561
0.001458
0.001298
0.000659
0.000644
0.000609
0.000615
0.000599
0.000612
0.000590
0.000603
0.001300
0.001285
0.000889
0.000747
0.000676
0.000684
0.000682
0.000678
0.000669
0.000832
0.001401
0.000767
0.000764
0.000734
0.000709
0.000680
0.000699
0.000695
0.000690
0.000684