total_time:
0.722815
0.651740
0.655420
0.667247
0.656824
0.649053
0.652279
0.670426
0.656967
0.649288
0.711207
0.650820
0.688083
0.648640
0.638800
0.647013
0.640031
0.651450
0.639982
0.645004
0.697571
0.633423
0.630015
0.633360
0.640292
0.667859
0.632713
0.630997
0.647196
0.635131
0.719044
0.634905
0.659594
0.638688
0.647451
0.652203
0.652960
0.643438
0.636621
0.641389
0.725501
0.656169
0.671268
0.660668
0.649763
0.656523
0.681415
0.652548
0.656894
0.670224
0.714336
0.635522
0.625115
0.635553
0.638022
0.644806
0.629292
0.642110
0.632439
0.636179
0.745254
0.632042
0.628617
0.636067
0.630974
0.637582
0.677804
0.636541
0.633763
0.637458
0.708557
0.623775
0.633634
0.643463
0.637330
0.652150
0.673066
0.640832
0.629969
0.636216
0.697808
0.623562
0.627363
0.631582
0.637181
0.634862
0.632106
0.658528
0.640579
0.627269
0.690697
0.631466
0.628933
0.635324
0.637925
0.623606
0.644407
0.633782
0.624230
0.628437