select_time:
0.000012
0.000012
0.000011
0.000011
0.000012
0.000011
0.000011
0.000008
0.000010
0.000012

total_time:
0.491011
0.399815
0.399817
0.400563
0.399821
0.399963
0.399758
0.399694
0.399926
0.400164
0.464700
0.393908
0.393808
0.394191
0.394482
0.394151
0.394109
0.394058
0.394160
0.394027
0.462112
0.390902
0.390727
0.390525
0.390622
0.390684
0.390806
0.390928
0.390839
0.390946
0.466908
0.395320
0.395391
0.395376
0.395140
0.395102
0.395477
0.395307
0.395581
0.395394
0.468048
0.398257
0.398521
0.398452
0.398337
0.398518
0.398502
0.398162
0.398530
0.398350
0.468301
0.393984
0.394047
0.394108
0.394132
0.393923
0.394181
0.393968
0.393920
0.394168
0.461941
0.390706
0.390663
0.390982
0.390802
0.390865
0.390827
0.390944
0.391063
0.390928
0.468230
0.392443
0.392121
0.392437
0.392525
0.392469
0.392430
0.392372
0.392459
0.392457
0.455586
0.385461
0.385975
0.385366
0.385563
0.385700
0.385343
0.385787
0.385574
0.385452
0.455767
0.386192
0.386430
0.386208
0.386010
0.386332
0.386304
0.385875
0.386399
0.386085
