total_time:
0.547574
0.552463
0.548577
0.548434
0.548177
0.548497
0.548359
0.548423
0.548263
0.551023
0.555551
0.551624
0.551739
0.551689
0.551722
0.55166
0.551424
0.551794
0.549142
0.553622
0.550754
0.550064
0.549839
0.550007
0.549806
0.549786
0.549603
0.547784
0.552168
0.548634
0.548597
0.548502
0.548466
0.548169
0.548271
0.548415
0.552739
0.557087
0.553227
0.553436
0.553581
0.553357
0.553172
0.553456
0.553382
0.545316
0.549906
0.546042
0.546129
0.546267
0.54649
0.546282
0.546108
0.546367
0.548794
0.553132
0.549259
0.549397
0.54942
0.54944
0.54927
0.54916
0.549534
0.551669
0.556192
0.552482
0.552373
0.552406
0.55236
0.552304
0.552367
0.552335
0.545392
0.549916
0.546064
0.545904
0.546016
0.545983
0.546287
0.546039
0.545819
0.544701
0.549319
0.545509
0.545938
0.545766
0.545551
0.545573
0.545832
0.545577
