total_time:
0.594161
0.520076
0.518357
0.520009
0.517978
0.518728
0.516149
0.520041
0.515980
0.517295
0.598677
0.521060
0.517899
0.516571
0.516143
0.517115
0.518101
0.519192
0.518167
0.515759
0.589474
0.519015
0.518184
0.515985
0.515625
0.516052
0.518526
0.517145
0.517918
0.516140
0.593814
0.520217
0.517010
0.518078
0.517137
0.517998
0.516179
0.518403
0.517429
0.514431
0.591309
0.529432
0.526468
0.526726
0.528648
0.524223
0.526009
0.526487
0.524926
0.524764
0.595002
0.522454
0.519511
0.517841
0.518659
0.517714
0.516608
0.517650
0.521059
0.519249
0.597476
0.526417
0.519240
0.519026
0.519615
0.520518
0.519930
0.515865
0.517821
0.519081
0.600194
0.531325
0.528623
0.526242
0.529685
0.529731
0.526023
0.527999
0.528348
0.528677
0.591288
0.519656
0.516232
0.518101
0.517382
0.518669
0.520535
0.516162
0.519509
0.518557
0.602856
0.527042
0.525236
0.523892
0.524809
0.524676
0.526354
0.523842
0.524205
0.525309