select_time:
0.000011
0.000012
0.000013
0.000015
0.000012
0.000012
0.000012
0.000011
0.000010
0.000010

total_time:
0.055468
0.062970
0.058045
0.061848
0.064785
0.069032
0.076530
0.078476
0.084629
0.102606
0.064252
0.078129
0.065249
0.069923
0.076836
0.083988
0.101909
0.114534
0.125139
0.121334
0.059619
0.065346
0.061135
0.064596
0.069813
0.075781
0.092546
0.102945
0.114278
0.115562
0.053590
0.059450
0.056304
0.061076
0.064159
0.066991
0.072672
0.075597
0.080382
0.084890
0.050964
0.059489
0.056310
0.061349
0.064842
0.068277
0.072419
0.077444
0.083198
0.091515
0.052023
0.061861
0.057240
0.062306
0.065247
0.068471
0.072494
0.077273
0.082276
0.084156
0.052893
0.062708
0.057646
0.063006
0.066705
0.069595
0.073725
0.075632
0.076325
0.080666
0.056029
0.064482
0.059847
0.064116
0.067522
0.071248
0.077551
0.079800
0.086705
0.085827
0.052524
0.062471
0.057593
0.063023
0.066859
0.069804
0.073910
0.079252
0.084051
0.091568
0.053356
0.062481
0.057545
0.062849
0.066505
0.069558
0.074499
0.079217
0.083872
0.095287
