total_time:
0.071574
0.001231
0.001174
0.001202
0.001172
0.001178
0.001174
0.001185
0.001195
0.001176
0.072764
0.001892
0.001886
0.001894
0.001884
0.001889
0.001884
0.001913
0.001889
0.001880
0.073116
0.001800
0.001802
0.001798
0.001767
0.001769
0.001769
0.001779
0.001771
0.001775
0.070923
0.002105
0.002081
0.002074
0.002061
0.002057
0.002055
0.002080
0.002063
0.002077
0.070790
0.001297
0.001296
0.001304
0.001301
0.001299
0.001332
0.001309
0.001293
0.001292
0.070006
0.001188
0.001191
0.001233
0.001186
0.001180
0.001183
0.001187
0.001231
0.001173
0.076377
0.001893
0.001916
0.001891
0.001881
0.001882
0.001889
0.001968
0.001917
0.001926
0.073827
0.001653
0.001679
0.001655
0.001645
0.001654
0.001663
0.001646
0.001664
0.001690
0.072861
0.001359
0.001351
0.001362
0.001364
0.001375
0.001366
0.001433
0.001347
0.001418
0.073967
0.001942
0.001979
0.001969
0.001887
0.001890
0.001888
0.001887
0.001898
0.001895