total_time:
0.000562
0.000072
0.000066
0.000070
0.000075
0.000071
0.000065
0.000066
0.000065
0.000067
0.000533
0.000085
0.000079
0.000082
0.000080
0.000083
0.000079
0.000083
0.000078
0.000082
0.000502
0.000092
0.000086
0.000089
0.000092
0.000089
0.000085
0.000089
0.000085
0.000090
0.000374
0.000106
0.000098
0.000107
0.000099
0.000102
0.000098
0.000104
0.000099
0.000114
0.000331
0.000065
0.000060
0.000064
0.000060
0.000067
0.000059
0.000065
0.000062
0.000068
0.000324
0.000072
0.000069
0.000071
0.000065
0.000071
0.000065
0.000071
0.000065
0.000072
0.000380
0.000089
0.000081
0.000088
0.000083
0.000087
0.000079
0.000091
0.000090
0.000090
0.000470
0.000078
0.000072
0.000075
0.000072
0.000078
0.000071
0.000075
0.000072
0.000076
0.000330
0.000070
0.000066
0.000071
0.000066
0.000071
0.000067
0.000069
0.000067
0.000069
0.000463
0.000100
0.000092
0.000099
0.000092
0.000097
0.000090
0.000095
0.000092
0.000110