select_time:
0.000007
0.000006
0.000007
0.000006
0.000025
0.000008
0.000008
0.000008
0.000006
0.000006

total_time:
0.000368
0.000066
0.000064
0.000061
0.000063
0.000064
0.000064
0.000065
0.000062
0.000066
0.000406
0.000090
0.000087
0.000089
0.000087
0.000092
0.000092
0.000132
0.000176
0.000169
0.000387
0.000092
0.000085
0.000083
0.000084
0.000088
0.000098
0.000084
0.000084
0.000085
0.000408
0.000093
0.000092
0.000096
0.000088
0.000092
0.000091
0.000092
0.200044
0.252134
0.001069
0.000239
0.000250
0.000260
0.000238
0.000216
0.000212
0.000230
0.000232
0.000212
0.000427
0.000076
0.000072
0.000070
0.000074
0.000072
0.000073
0.000071
0.000073
0.000071
0.000411
0.000091
0.000095
0.000091
0.000107
0.000101
0.000096
0.000095
0.000092
0.000093
0.000393
0.000091
0.000090
0.000154
0.000183
0.000173
0.000177
0.000176
0.000194
0.000181
0.000377
0.000078
0.000095
0.000081
0.000076
0.000076
0.000080
0.000077
0.000098
0.000111
0.000391
0.000094
0.000091
0.000089
0.000089
0.000089
0.000087
0.000087
0.000087
0.000106
