total_time:
0.774904
0.707485
0.707810
0.711812
0.713392
0.708122
0.706753
0.708618
0.707507
0.713909
0.778392
0.706086
0.707634
0.708110
0.718333
0.716625
0.709978
0.707826
0.718305
0.715834
0.780037
0.706148
0.708737
0.707742
0.707966
0.714181
0.713325
0.709570
0.709193
0.711300
0.775267
0.706689
0.706838
0.706802
0.708393
0.708164
0.709794
0.707930
0.706889
0.706920
0.776403
0.708797
0.708481
0.716150
0.714676
0.709012
0.707845
0.715544
0.713095
0.720373
0.791842
0.712260
0.716561
0.711794
0.715162
0.712954
0.709741
0.709818
0.707180
0.707539
0.776814
0.707241
0.707448
0.707546
0.711131
0.713529
0.709009
0.708743
0.719853
0.715159
0.781166
0.707440
0.706560
0.706583
0.716932
0.716844
0.708786
0.706320
0.711369
0.710609
0.774529
0.704592
0.711134
0.709968
0.705418
0.704417
0.711471
0.710542
0.712372
0.712311
0.778770
0.707507
0.707145
0.707655
0.707449
0.707820
0.707497
0.707755
0.707828
0.707163