total_time:
0.457109
0.457433
0.457344
0.457757
0.457803
0.457253
0.457575
0.457899
0.457736
0.456989
0.457258
0.457067
0.458071
0.457453
0.457338
0.456819
0.45685
0.457492
0.458491
0.45744
0.45703
0.456575
0.457113
0.457351
0.456747
0.457053
0.457215
0.457956
0.457854
0.457748
0.457051
0.457477
0.457911
0.457935
0.457469
0.457356
0.457851
0.457843
0.457316
0.456946
0.457676
0.456929
0.45682
0.45776
0.457312
0.458382
0.458293
0.457986
0.457657
0.45813
0.457988
0.45777
0.457749
0.457728
0.456252
0.456451
0.455916
0.455919
0.45605
0.456279
0.456423
0.456313
0.45607
0.456696
0.457525
0.456579
0.456481
0.457075
0.456913
0.456898
0.456358
0.456408
0.457793
0.457272
0.456778
0.457009
0.457197
0.457308
0.457195
0.456613
0.457253
0.457681
0.458106
0.457541
0.457686
0.458157
0.457701
0.457649
0.458065
0.457984
