total_time:
0.075362
0.001519
0.001517
0.001510
0.001492
0.001507
0.001482
0.001506
0.001485
0.001500
0.078783
0.001709
0.001708
0.001713
0.001680
0.001700
0.001695
0.001701
0.001777
0.001706
0.071600
0.001497
0.001482
0.001503
0.001472
0.001494
0.001473
0.001484
0.001469
0.001498
0.081181
0.001993
0.002000
0.001990
0.001978
0.001999
0.002000
0.001986
0.001987
0.001991
0.071620
0.001618
0.001613
0.001618
0.001611
0.001597
0.001614
0.001615
0.001612
0.001605
0.071966
0.001680
0.001688
0.001676
0.001665
0.001678
0.001672
0.001680
0.001839
0.001684
0.081490
0.002307
0.002300
0.002346
0.002306
0.002340
0.002292
0.002371
0.002285
0.002298
0.073428
0.002144
0.002153
0.002174
0.002159
0.002147
0.002129
0.002164
0.002144
0.002159
0.081895
0.002444
0.002441
0.002443
0.002445
0.002446
0.002435
0.002449
0.002429
0.002457
0.074115
0.001703
0.001698
0.001683
0.001698
0.001723
0.001682
0.001705
0.001680
0.001740