total_time:
0.074153
0.000827
0.000826
0.000820
0.000812
0.000811
0.000818
0.000821
0.000818
0.000812
0.074848
0.000887
0.000878
0.000882
0.000880
0.000872
0.000871
0.000869
0.000878
0.000864
0.072516
0.000828
0.000824
0.000825
0.000824
0.000817
0.000820
0.000824
0.000821
0.000821
0.076348
0.001040
0.001041
0.001024
0.001032
0.001022
0.001027
0.001024
0.001021
0.001027
0.070333
0.000882
0.000869
0.000880
0.000874
0.000872
0.000876
0.000872
0.000893
0.000857
0.070594
0.000926
0.000912
0.000920
0.000909
0.000918
0.000909
0.000916
0.000907
0.000910
0.077450
0.001206
0.001203
0.001199
0.001198
0.001188
0.001184
0.001207
0.001188
0.001179
0.070838
0.001159
0.001138
0.001139
0.001145
0.001145
0.001139
0.001144
0.001144
0.001135
0.077281
0.001275
0.001273
0.001274
0.001263
0.001287
0.001252
0.001267
0.001266
0.001249
0.071871
0.000925
0.000916
0.000919
0.000936
0.000920
0.000917
0.000904
0.000913
0.000897