total_time:
0.176800
0.104542
0.104242
0.103831
0.104557
0.103396
0.104136
0.104332
0.103840
0.103423
0.181200
0.108623
0.108652
0.108822
0.108335
0.107658
0.103653
0.103402
0.104337
0.103428
0.186377
0.105922
0.105090
0.104453
0.105539
0.105207
0.105604
0.104690
0.105153
0.105154
0.179520
0.108296
0.107368
0.108085
0.107486
0.107603
0.107839
0.107676
0.106808
0.103737
0.179413
0.104569
0.103849
0.104178
0.104539
0.104554
0.104571
0.104770
0.103919
0.103929
0.181706
0.104745
0.104090
0.104580
0.104029
0.104511
0.104311
0.104356
0.104002
0.103911
0.178990
0.106485
0.106902
0.106860
0.106401
0.106713
0.107007
0.107497
0.106897
0.107836
0.181770
0.108376
0.106691
0.107443
0.107997
0.107583
0.107916
0.107722
0.106792
0.107983
0.181316
0.106920
0.106817
0.107168
0.106676
0.107260
0.106448
0.106107
0.107466
0.107810
0.180138
0.108118
0.106591
0.107079
0.106452
0.107315
0.106959
0.107445
0.106988
0.103899