compile_opencl_time:
0.075387
0.079092
0.080886
0.079585
0.075343
0.077914
0.078971
0.075943
0.074985
0.076147
total_time:
0.322926
0.328009
0.328011
0.329257
0.331102
0.32837
0.330839
0.332948
0.313102
0.321121
0.29169
0.3015
0.302973
0.291456
0.314234
0.314874
0.300295
0.315748
0.310503
0.311874
0.322019
0.321526
0.325602
0.310212
0.313561
0.305612
0.314822
0.315954
0.310607
0.318191
0.320645
0.30994
0.327877
0.316422
0.322867
0.299688
0.307602
0.302672
0.296593
0.303075
0.319279
0.303899
0.304051
0.321195
0.307507
0.307895
0.311829
0.302967
0.309298
0.30073
0.308047
0.302513
0.30213
0.305918
0.304329
0.305821
0.304385
0.30439
0.310318
0.303856
0.3316
0.332714
0.330004
0.317446
0.331163
0.330365
0.316456
0.316977
0.320399
0.323499
0.32983
0.330131
0.316987
0.318962
0.329893
0.331138
0.322467
0.323424
0.323364
0.312924
0.310586
0.307261
0.307094
0.299343
0.300286
0.30293
0.301664
0.300099
0.302699
0.314507
0.31014
0.313768
0.317824
0.315629
0.312517
0.316241
0.314525
0.318684
0.313133
