total_time:
0.636707
0.640882
0.637006
0.637384
0.637023
0.636952
0.63706
0.637289
0.637241
0.63903
0.643408
0.639047
0.639394
0.63937
0.639177
0.639606
0.639293
0.639339
0.635559
0.640389
0.636298
0.636123
0.636652
0.636527
0.636243
0.636408
0.636542
0.636085
0.640693
0.636698
0.636139
0.636258
0.636023
0.636101
0.63615
0.636139
0.635226
0.639496
0.63582
0.636239
0.635979
0.635784
0.635829
0.636018
0.6362
0.634619
0.639117
0.635568
0.635444
0.635285
0.635511
0.635218
0.635469
0.6355
0.63675
0.641466
0.637372
0.637275
0.637269
0.637186
0.637145
0.636983
0.637505
0.636639
0.641206
0.637307
0.637406
0.637178
0.636837
0.637026
0.637063
0.637125
0.63496
0.638982
0.635086
0.635201
0.635201
0.6351
0.635298
0.635231
0.634702
0.635494
0.640149
0.636454
0.636045
0.635655
0.635465
0.635516
0.635381
0.635226
