total_time:
0.379702
0.378388
0.377662
0.378611
0.378887
0.379789
0.381674
0.378802
0.378575
0.383233
0.379973
0.379653
0.383313
0.379041
0.378059
0.378254
0.381217
0.379627
0.393949
0.390738
0.389361
0.390231
0.38997
0.390159
0.389941
0.388621
0.387035
0.381988
0.378301
0.378982
0.378414
0.37739
0.380496
0.380772
0.377493
0.379402
0.38514
0.382411
0.381025
0.381405
0.382136
0.382232
0.382823
0.38164
0.38152
0.383645
0.381649
0.380089
0.378635
0.379698
0.380327
0.380035
0.379863
0.380652
0.380081
0.378903
0.376998
0.377559
0.377566
0.377607
0.378418
0.37739
0.379221
0.381212
0.378084
0.37545
0.377973
0.377991
0.379109
0.377574
0.379076
0.378784
0.39142
0.39055
0.387719
0.387698
0.389218
0.39076
0.387762
0.38675
0.386418
0.392851
0.389094
0.390034
0.390632
0.388366
0.391328
0.390616
0.389246
0.387806
