compile_opencl_time:
0.149761
0.151357
0.14857
0.149619
0.149954
0.148661
0.14932
0.149673
total_time:
0.014495
0.014229
0.014169
0.014222
0.014155
0.013955
0.014074
0.014058
0.01403
0.014777
0.014521
0.014417
0.014409
0.014409
0.014677
0.014674
0.014489
0.014683
0.014169
0.014387
0.014117
0.014312
0.014617
0.014118
0.014245
0.014122
0.014215
0.01432
0.014234
0.014343
0.014343
0.014267
0.014108
0.014064
0.014212
0.014168
0.014761
0.014554
0.014507
0.014348
0.014385
0.01428
0.014308
0.014194
0.014304
0.014748
0.014544
0.014201
0.014129
0.014099
0.014274
0.014233
0.014267
0.014262
0.014265
0.014139
0.014219
0.014226
0.014186
0.014195
0.014051
0.014103
0.014119
0.014353
0.014075
0.014205
0.014253
0.014294
0.013989
0.014354
0.01408
0.01402
0.014327
0.014206
0.014219
0.014496
0.01411
0.014324
0.014444
0.013914
0.013947
0.015231
0.015111
0.015182
0.015034
0.015169
0.01484
0.014804
0.015032
