total_time:
0.000827
0.000293
0.000270
0.000265
0.000267
0.000275
0.000269
0.000262
0.000266
0.000263
0.000850
0.000301
0.000301
0.000294
0.000290
0.000297
0.000294
0.000293
0.000291
0.000300
0.000722
0.000285
0.000364
0.000288
0.000287
0.000290
0.000283
0.000286
0.000284
0.000282
0.000788
0.000267
0.000288
0.000265
0.000259
0.000268
0.000264
0.000262
0.000257
0.000258
0.000698
0.000267
0.000259
0.000254
0.000258
0.000261
0.000255
0.000258
0.000254
0.000263
0.000848
0.000297
0.000302
0.000296
0.000299
0.000300
0.000296
0.000296
0.000316
0.000295
0.000768
0.000256
0.000254
0.000257
0.000254
0.000253
0.000249
0.000253
0.000247
0.000249
0.000834
0.000297
0.000295
0.000298
0.000290
0.000285
0.000292
0.000288
0.000283
0.000288
0.000840
0.000280
0.000283
0.000274
0.000270
0.000274
0.000316
0.000277
0.000271
0.000272
0.000631
0.000229
0.000233
0.000228
0.000228
0.000239
0.000229
0.000226
0.000229
0.000226