total_time:
0.001760
0.001682
0.001676
0.001573
0.001061
0.001235
0.001039
0.001049
0.001028
0.001052
0.001594
0.001490
0.001532
0.001486
0.001072
0.001041
0.001047
0.001081
0.001039
0.001096
0.001669
0.001577
0.001597
0.001503
0.001322
0.001047
0.001028
0.001347
0.001231
0.001060
0.001512
0.001496
0.001528
0.001532
0.001373
0.001045
0.001436
0.001285
0.001075
0.001211
0.001722
0.001648
0.001650
0.001372
0.001099
0.001035
0.001055
0.001029
0.001060
0.001027
0.001765
0.001078
0.001297
0.001067
0.001080
0.001059
0.001060
0.001075
0.001470
0.001108
0.001765
0.001639
0.001623
0.001338
0.001065
0.001036
0.001063
0.001050
0.001063
0.001100
0.001739
0.001661
0.001660
0.001650
0.001661
0.001693
0.001686
0.001685
0.001685
0.001685
0.001623
0.001513
0.001510
0.001529
0.001382
0.001042
0.001037
0.001035
0.001050
0.001075
0.001711
0.001613
0.001633
0.001646
0.001465
0.001107
0.001039
0.001049
0.001050
0.001089