total_time:
2.821734
2.821965
2.813355
2.70991
2.683021
2.700815
2.688401
2.689333
2.680226
2.755476
2.779116
2.773091
2.763416
2.744072
2.712019
2.686915
2.719537
2.746112
2.742217
2.795405
2.784345
2.730406
2.753074
2.74423
2.744788
2.731404
2.673327
2.663868
2.706067
2.695541
2.679392
2.668255
2.682343
2.674442
2.677307
2.669545
2.675852
2.68027
2.701063
2.72074
2.712062
2.707547
2.739905
2.706404
2.753379
2.699703
2.746063
2.707553
2.804853
2.770352
2.762782
2.760625
2.726846
2.703504
2.780205
2.773937
2.775991
2.678749
2.822974
2.784481
2.793618
2.771997
2.758308
2.708849
2.722806
2.716706
2.697634
2.709144
2.709586
2.710006
2.710651
2.738054
2.696088
2.682508
2.683972
2.683429
2.685198
2.740171
2.732718
2.694487
2.677763
2.674303
2.723398
2.729339
2.727362
2.735995
2.730059
2.704137
2.713725
2.647895
2.642695
2.639836
2.666672
2.655622
2.653221
2.656294
2.651261
2.649109
