compile_opencl_time:
0.002122
0.002103
0.002147
0.002349
0.00219
0.002252
0.00222
0.002271
0.002166
0.002069
total_time:
0.001605
0.001576
0.001576
0.001577
0.001578
0.001585
0.001578
0.001581
0.001621
0.001642
0.001613
0.001611
0.001611
0.001607
0.001617
0.00161
0.001609
0.001644
0.001617
0.001579
0.001581
0.001602
0.001592
0.001605
0.001576
0.001576
0.001638
0.001644
0.001626
0.001621
0.001617
0.001618
0.001616
0.001616
0.001613
0.00166
0.001672
0.001597
0.001621
0.001571
0.001576
0.001593
0.001569
0.001567
0.001576
0.001576
0.001645
0.001649
0.001611
0.001604
0.001601
0.001644
0.001601
0.001597
0.001605
0.001606
0.00161
0.001601
0.001584
0.001577
0.001612
0.001571
0.001576
0.00158
0.001646
0.00162
0.00162
0.001622
0.001617
0.001613
0.001635
0.001614
0.001615
0.001679
0.001628
0.001631
0.001629
0.001646
0.001625
0.001624
0.001627
0.001628
0.001657
0.001654
0.001578
0.001578
0.001579
0.001577
0.001578
0.001579
0.001617
0.001591
