total_time:
0.148307
0.075034
0.072946
0.072576
0.072519
0.071838
0.071538
0.072993
0.071628
0.071483
0.150428
0.075641
0.074352
0.074216
0.074391
0.074244
0.073902
0.074829
0.073911
0.074830
0.145104
0.072965
0.073424
0.073450
0.072971
0.073257
0.071949
0.071037
0.071696
0.071719
0.145065
0.071115
0.070612
0.071008
0.074074
0.071280
0.070930
0.071599
0.070886
0.070833
0.151618
0.077093
0.074846
0.074684
0.073686
0.074932
0.074082
0.074699
0.074567
0.073680
0.160591
0.075725
0.072674
0.073061
0.073209
0.071741
0.072550
0.072099
0.073239
0.071992
0.147599
0.072745
0.071906
0.072090
0.071839
0.072297
0.072375
0.072381
0.071685
0.071993
0.147863
0.072830
0.073567
0.072300
0.072199
0.072119
0.072630
0.072363
0.072303
0.073870
0.150764
0.079864
0.073775
0.073360
0.073212
0.072706
0.073367
0.072931
0.073424
0.072861
0.151852
0.075178
0.074807
0.074186
0.074662
0.075069
0.074789
0.074851
0.074370
0.074760