compile_opencl_time:
0.002206
0.002179
0.002182
0.002253
0.0022
0.002187
0.002214
0.00226
0.00215
total_time:
0.0032
0.003122
0.003074
0.003024
0.003015
0.003024
0.00302
0.003019
0.00302
0.003015
0.003026
0.002979
0.002945
0.002988
0.002978
0.002967
0.002937
0.002935
0.00293
0.002931
0.003113
0.003057
0.003026
0.003015
0.003036
0.00306
0.00301
0.003006
0.00301
0.00301
0.002749
0.002677
0.002639
0.002652
0.002645
0.00265
0.002648
0.002711
0.002652
0.002636
0.002991
0.002862
0.00282
0.002801
0.002846
0.002878
0.002793
0.002803
0.002796
0.002799
0.002733
0.002676
0.002627
0.002687
0.002652
0.002681
0.002639
0.002659
0.002638
0.002659
0.003267
0.003165
0.003155
0.003122
0.00312
0.003113
0.00311
0.00311
0.003115
0.003153
0.002779
0.002671
0.00263
0.002673
0.002638
0.002636
0.002635
0.002633
0.002659
0.002632
0.002893
0.002817
0.002782
0.002768
0.002778
0.002776
0.002773
0.002786
0.002802
0.002768
0.002677
0.002629
0.00257
0.00258
0.00257
0.002564
0.002561
0.002598
0.002585
0.002567
