total_time:
0.079624
0.078768
0.079328
0.078337
0.078568
0.078649
0.079142
0.078947
0.080208
0.080333
0.07953
0.079793
0.079572
0.07961
0.079448
0.079418
0.079572
0.08036
0.080488
0.079531
0.079534
0.078937
0.079878
0.079252
0.079094
0.079008
0.079797
0.079001
0.07895
0.078404
0.0786
0.078273
0.078088
0.077985
0.078177
0.07824
0.081749
0.080451
0.08064
0.080669
0.079425
0.08023
0.081376
0.079968
0.079121
0.078852
0.079176
0.080273
0.080721
0.080708
0.08034
0.080703
0.079063
0.078348
0.079249
0.078627
0.07884
0.078615
0.078844
0.079024
0.078904
0.079048
0.078557
0.07868
0.078877
0.079
0.07873
0.078807
0.078509
0.079512
0.079846
0.07906
0.079462
0.079258
0.07754
0.078161
0.078593
0.078825
0.078856
0.080289
0.079777
0.079281
0.079208
0.079975
0.079664
0.079659
0.078814
0.079163
