total_time:
0.097344
0.09426
0.093431
0.093338
0.093985
0.093801
0.094771
0.09523
0.096483
0.094485
0.095038
0.091009
0.09197
0.09155
0.09367
0.090996
0.090914
0.095741
0.091745
0.090564
0.096787
0.092589
0.092006
0.096864
0.092809
0.091821
0.091386
0.096782
0.097506
0.095765
0.092381
0.092537
0.095029
0.094409
0.092622
0.095713
0.092667
0.09833
0.097799
0.092582
0.092743
0.093822
0.092861
0.09182
0.093514
0.091924
0.094638
0.094331
0.096219
0.093074
0.092592
0.093909
0.092928
0.097366
0.095094
0.092385
0.091611
0.092544
0.095595
0.093106
0.095062
0.093615
0.093384
0.093155
0.093321
0.09392
0.095852
0.092
0.093053
0.092806
0.0927
0.092359
0.092131
0.09219
0.093315
0.096181
0.095211
0.093777
0.093333
0.095006
0.095086
0.094485
0.094953
0.094186
0.093611
0.09391
0.094745
0.093452
0.095961
0.094386
0.094273
0.094613
0.094949
0.094909
0.094319
