total_time:
0.598774
0.508550
0.512573
0.509297
0.508936
0.509198
0.509048
0.509013
0.508930
0.508887
0.599942
0.508618
0.512394
0.509004
0.508934
0.508757
0.508709
0.509203
0.508864
0.508815
0.599301
0.509368
0.513304
0.509707
0.509798
0.509700
0.509535
0.509542
0.509400
0.509482
0.599896
0.508726
0.512954
0.509197
0.509527
0.509204
0.509214
0.509150
0.509022
0.508858
0.601527
0.511289
0.515303
0.511720
0.511734
0.511923
0.511871
0.511887
0.511770
0.511671
0.603428
0.513729
0.517619
0.514275
0.514362
0.514300
0.514008
0.514251
0.514063
0.514086
0.600552
0.509637
0.513900
0.510194
0.510001
0.510065
0.509945
0.509942
0.510149
0.510093
0.602701
0.512592
0.516565
0.512816
0.513034
0.512531
0.513075
0.512959
0.512891
0.513018
0.598673
0.508120
0.512356
0.508679
0.508643
0.508538
0.508751
0.508852
0.508753
0.508773
0.602749
0.512709
0.516856
0.513556
0.513227
0.513337
0.513164
0.513165
0.513136
0.513167