compile_opencl_time:
0.136254
0.138157
0.138340
0.138730
0.145856
0.137043
0.144420
0.139016
0.143075
0.138062
total_time:
0.334012
0.326965
0.327663
0.326633
0.327652
0.327947
0.333914
0.329377
0.328580
0.330099
0.324655
0.313461
0.316596
0.318215
0.316963
0.316658
0.327519
0.325894
0.326742
0.327340
0.337445
0.326409
0.339158
0.334856
0.318599
0.334739
0.330261
0.331973
0.322690
0.327160
0.338485
0.331943
0.323115
0.331537
0.332364
0.323757
0.332553
0.332605
0.332309
0.331725
0.339754
0.332344
0.333011
0.326361
0.332999
0.330624
0.333162
0.331878
0.318694
0.331801
0.336788
0.328719
0.329986
0.328566
0.330320
0.331450
0.328937
0.330506
0.330714
0.324794
0.339710
0.332356
0.331863
0.332645
0.332003
0.318224
0.331943
0.332297
0.332732
0.332290
0.343301
0.337528
0.322924
0.336692
0.336863
0.336398
0.337335
0.335827
0.336858
0.337016
0.318709
0.319420
0.318427
0.318425
0.318915
0.319286
0.320466
0.317383
0.317904
0.316556
0.338464
0.331493
0.332272
0.332309
0.317948
0.329686
0.331772
0.330759
0.331006
0.332882