total_time:
2.784918
2.775047
2.774472
2.767142
2.762010
2.765251
2.755557
2.755997
2.756756
2.745049
2.807457
2.800952
2.791586
2.790853
2.794954
2.788286
2.793889
2.801517
2.794011
2.800569
2.805682
2.792830
2.780214
2.775928
2.774782
2.765332
2.767120
2.766146
2.762055
2.768287
2.870355
2.898480
2.894046
2.859539
2.846202
2.820766
2.814425
2.808141
2.803931
2.812696
2.832755
2.802192
2.819267
2.809679
2.807348
2.803733
2.797934
2.795351
2.794601
2.798915
2.862230
2.822688
2.816057
2.808010
2.790285
2.782559
2.781056
2.779271
2.778834
2.779640
2.832985
2.838076
2.830584
2.810645
2.812340
2.800023
2.799679
2.798151
2.798441
2.796702
2.877263
2.849082
2.835908
2.778246
2.782664
2.779736
2.776406
2.779971
2.778811
2.775620
2.890762
2.890295
2.897239
2.821666
2.825988
2.822844
2.805458
2.798968
2.799796
2.799010
2.849817
2.893458
2.879355
2.835430
2.843795
2.829853
2.840625
2.794868
2.792924
2.791724