total_time:
0.176997
0.176573
0.176385
0.176174
0.176516
0.176604
0.176094
0.175529
0.175416
0.170211
0.171398
0.17107
0.170799
0.170877
0.170772
0.170768
0.170877
0.170873
0.17536
0.175445
0.175325
0.175852
0.176354
0.176357
0.176424
0.176138
0.176862
0.176765
0.17781
0.177176
0.177323
0.177253
0.177049
0.176962
0.177069
0.177144
0.173945
0.174776
0.173904
0.173828
0.173994
0.174236
0.173953
0.173785
0.174181
0.169427
0.169512
0.170178
0.170014
0.169743
0.169921
0.169869
0.169674
0.169733
0.174119
0.174376
0.174058
0.174292
0.174132
0.174445
0.173961
0.173848
0.173728
0.167488
0.166887
0.166477
0.167123
0.166925
0.166905
0.166802
0.166912
0.167406
0.179677
0.179745
0.17932
0.181113
0.182209
0.182665
0.182584
0.182586
0.180922
0.168425
0.168888
0.168634
0.168221
0.168045
0.168713
0.168767
0.169012
0.169123
