total_time:
0.215376
0.235954
0.237977
0.239242
0.239749
0.236973
0.239187
0.238459
0.238657
0.239509
0.189043
0.195585
0.197383
0.197323
0.19877
0.197547
0.198549
0.222385
0.221112
0.220172
0.203852
0.210234
0.208831
0.20976
0.210519
0.212523
0.212264
0.210858
0.21196
0.212302
0.191981
0.242272
0.240436
0.24147
0.241265
0.242793
0.244943
0.24326
0.24388
0.242629
0.185676
0.234795
0.236653
0.236542
0.237022
0.231203
0.225516
0.226893
0.228448
0.227728
0.20565
0.209714
0.208874
0.209384
0.20751
0.211259
0.209943
0.211206
0.212907
0.214126
0.197298
0.204765
0.20462
0.228572
0.230305
0.229098
0.229518
0.229376
0.228582
0.227618
0.18528
0.193011
0.193513
0.194103
0.19374
0.192392
0.192633
0.192513
0.193679
0.193478
0.200012
0.209
0.208418
0.209431
0.211077
0.210487
0.21065
0.210281
0.21037
0.210527
0.186004
0.22003
0.221959
0.222134
0.197981
0.195485
0.197402
0.216858
0.217782
0.218324
