compile_opencl_time:
0.154458
0.141854
0.140436
0.141759
0.151414
0.146338
0.14692
0.146293
0.149065
0.138991
total_time:
0.006355
0.005715
0.005655
0.005836
0.005584
0.005493
0.00569
0.005721
0.005595
0.006746
0.006269
0.00621
0.006072
0.00615
0.005973
0.006097
0.006068
0.006202
0.0062
0.005855
0.005824
0.005723
0.005423
0.005258
0.005297
0.005315
0.005381
0.006273
0.006037
0.005864
0.005765
0.005685
0.005765
0.005703
0.005643
0.005791
0.006912
0.006419
0.006496
0.006352
0.006325
0.006319
0.006318
0.006759
0.006323
0.0064
0.006068
0.00567
0.005784
0.005521
0.005656
0.005595
0.006064
0.005732
0.006604
0.005931
0.005868
0.005776
0.005735
0.005709
0.005712
0.005696
0.005616
0.006852
0.006928
0.006797
0.006671
0.006767
0.006889
0.00673
0.006616
0.006279
0.006015
0.005729
0.005841
0.00554
0.005696
0.006237
0.00551
0.005537
0.006728
0.006332
0.006061
0.005974
0.005792
0.005915
0.005839
0.005909
0.005977
