total_time:
0.076745
0.002531
0.002499
0.002521
0.002504
0.002562
0.002549
0.002503
0.002539
0.002511
0.085408
0.003525
0.003506
0.003609
0.003499
0.003490
0.003496
0.003574
0.003568
0.003546
0.083762
0.003738
0.003719
0.003744
0.003729
0.003894
0.003766
0.003775
0.003816
0.003716
0.074874
0.003579
0.003569
0.003578
0.003566
0.003608
0.003606
0.003600
0.003613
0.003644
0.079274
0.003243
0.003153
0.003176
0.003192
0.003180
0.003160
0.003141
0.003168
0.003128
0.077303
0.002796
0.002742
0.002743
0.002750
0.002748
0.002745
0.002790
0.002732
0.002781
0.078067
0.003325
0.003299
0.003318
0.003304
0.003311
0.003324
0.003292
0.003368
0.003273
0.077534
0.003638
0.003630
0.003633
0.003637
0.003630
0.003641
0.003794
0.003694
0.003701
0.086563
0.004275
0.004211
0.004185
0.004179
0.004181
0.004194
0.004375
0.004265
0.004274
0.079442
0.003159
0.003135
0.003114
0.003092
0.003101
0.003109
0.003109
0.003147
0.003250