compile_opencl_time:
0.149196
0.140051
0.140776
0.147708
0.149486
0.13983
0.140915
0.13826
0.141356
0.149407
total_time:
0.339918
0.329061
0.3469
0.324368
0.324902
0.33639
0.330407
0.31914
0.323643
0.321496
0.326181
0.319287
0.305367
0.307265
0.30797
0.31946
0.312751
0.315627
0.316511
0.314794
0.341257
0.336292
0.347377
0.333447
0.33696
0.333489
0.335355
0.331427
0.333243
0.336305
0.31322
0.304345
0.296137
0.300729
0.303264
0.302012
0.302577
0.299948
0.300097
0.299786
0.339438
0.327438
0.316644
0.315877
0.318801
0.318922
0.31706
0.317665
0.312489
0.325853
0.319959
0.309369
0.29647
0.303567
0.305267
0.304172
0.306416
0.304762
0.302641
0.306673
0.313421
0.311111
0.30375
0.29859
0.300992
0.301782
0.302027
0.320393
0.313843
0.307744
0.344436
0.332086
0.324066
0.326237
0.32425
0.330453
0.326418
0.326189
0.331916
0.323879
0.31793
0.312892
0.302846
0.303686
0.310013
0.311969
0.311795
0.319577
0.308447
0.313626
0.332824
0.323164
0.315426
0.313047
0.322985
0.314668
0.316688
0.31599
0.316423
0.312029
