total_time:
2.061403
2.047031
2.036049
2.035138
2.026818
2.028089
2.024546
2.017673
2.013007
2.009475
2.03498
2.02745
1.997079
1.991862
2.024493
2.025647
2.031213
2.025501
1.967075
1.970109
2.062273
2.026981
2.032469
2.015597
1.9989
2.003661
2.006059
2.003272
1.999862
1.994634
2.031956
2.021077
2.001858
1.989157
1.985334
1.977514
1.975735
1.973331
1.969074
1.969645
2.044825
2.031209
2.003629
1.992828
1.988085
1.986726
1.980661
1.983741
1.980165
1.981173
2.030765
2.031057
2.005009
1.997995
1.99158
1.983062
1.984017
1.980545
1.983422
1.979543
2.061608
2.055197
2.037015
2.043856
2.045402
2.038841
2.0316
2.028482
2.023604
2.022111
2.063532
2.066343
2.046802
2.042315
2.043332
2.034565
2.028282
2.021787
2.018188
1.965122
2.058496
2.057135
2.041822
2.032896
2.035279
2.035806
2.034674
2.025928
2.016102
2.005033
2.034462
2.040007
2.004771
1.996528
1.996734
1.984606
1.984943
1.983023
1.983327
1.9848
