compile_opencl_time:
0.002502
0.002328
0.002395
0.002407
0.002484
0.002395
0.002359
0.002447
0.002448
0.002341
total_time:
0.631734
0.630512
0.618347
0.618302
0.618156
0.618281
0.618111
0.6183
0.618225
0.618358
0.643281
0.643258
0.631199
0.631528
0.6313
0.631406
0.631449
0.631192
0.631693
0.631115
0.601359
0.601289
0.5888
0.588991
0.588919
0.58895
0.58915
0.588965
0.588794
0.588781
0.565408
0.56537
0.552813
0.553034
0.553087
0.552925
0.553172
0.553099
0.553021
0.552991
0.627041
0.625719
0.613503
0.613461
0.613455
0.613441
0.613418
0.613227
0.613276
0.613384
0.573593
0.573197
0.561423
0.561276
0.561247
0.560996
0.561141
0.561239
0.560793
0.560838
0.578745
0.578916
0.566224
0.56614
0.57063
0.568211
0.566351
0.566368
0.566094
0.566291
0.652249
0.651303
0.63948
0.639143
0.639515
0.639844
0.639368
0.640062
0.639428
0.639125
0.581592
0.580953
0.568651
0.568569
0.568603
0.568585
0.568614
0.568759
0.5687
0.56858
0.602634
0.602191
0.590202
0.590588
0.590361
0.590882
0.589974
0.589969
0.5897
0.589806
