total_time:
0.073879
0.002425
0.002425
0.002492
0.002368
0.002321
0.002243
0.002182
0.002027
0.002091
0.073933
0.002493
0.002359
0.002007
0.002221
0.002231
0.002298
0.002211
0.002242
0.002297
0.073117
0.002149
0.002001
0.001918
0.001890
0.001941
0.001939
0.001982
0.001961
0.001885
0.074021
0.002814
0.002849
0.002516
0.002222
0.002087
0.002029
0.002120
0.002152
0.002280
0.077391
0.002209
0.002192
0.002145
0.001907
0.001923
0.001984
0.002060
0.002084
0.002109
0.075007
0.002454
0.002357
0.002399
0.002154
0.002249
0.001935
0.001914
0.001953
0.001920
0.079299
0.002243
0.002504
0.002364
0.002519
0.002241
0.002060
0.001900
0.001872
0.002059
0.073973
0.002317
0.002199
0.002292
0.002362
0.002100
0.001949
0.001908
0.001946
0.002130
0.073224
0.001616
0.001552
0.001287
0.001172
0.001164
0.001167
0.001164
0.001163
0.001155
0.075042
0.002459
0.002344
0.002413
0.002237
0.002126
0.002201
0.002199
0.001928
0.001935