total_time:
0.071678
0.000424
0.000383
0.000421
0.000390
0.000380
0.000377
0.000386
0.000387
0.000378
0.071306
0.000452
0.000447
0.000453
0.000446
0.000444
0.000438
0.000480
0.000441
0.000446
0.071751
0.000427
0.000378
0.000385
0.000388
0.000379
0.000376
0.000378
0.000390
0.000378
0.071501
0.000452
0.000490
0.000447
0.000450
0.000445
0.000442
0.000444
0.000440
0.000440
0.071357
0.000389
0.000393
0.000424
0.000389
0.000380
0.000379
0.000378
0.000386
0.000379
0.076220
0.000387
0.000379
0.000427
0.000387
0.000389
0.000382
0.000377
0.000383
0.000374
0.073959
0.000393
0.000389
0.000379
0.000388
0.000381
0.000424
0.000387
0.000376
0.000377
0.077173
0.000389
0.000382
0.000380
0.000425
0.000384
0.000377
0.000380
0.000384
0.000381
0.072746
0.000362
0.000358
0.000354
0.000357
0.000349
0.000347
0.000348
0.000344
0.000346
0.070295
0.000393
0.000386
0.000388
0.000392
0.000385
0.000381
0.000383
0.000388
0.000382