compile_opencl_time:
0.140052
0.129405
0.139812
0.131746
0.139711
0.134534
0.132411
0.141010
0.132233
0.132855
total_time:
0.002985
0.001149
0.001013
0.001030
0.001049
0.001028
0.001012
0.000962
0.001009
0.000969
0.003109
0.001219
0.001096
0.000969
0.001220
0.001069
0.001073
0.001126
0.001177
0.001237
0.002949
0.001136
0.000936
0.001021
0.001025
0.001012
0.000974
0.000985
0.001065
0.001004
0.003149
0.001303
0.000954
0.001073
0.001082
0.001098
0.001164
0.001033
0.001378
0.001105
0.002996
0.001141
0.001002
0.000990
0.001068
0.000968
0.001024
0.001027
0.001046
0.000969
0.003014
0.001181
0.001020
0.001006
0.000958
0.001042
0.000994
0.000987
0.001007
0.001050
0.002950
0.001184
0.000927
0.000834
0.001004
0.000937
0.001003
0.000916
0.001089
0.000989
0.003109
0.001313
0.001240
0.001043
0.000883
0.000992
0.000978
0.001010
0.000920
0.000969
0.002844
0.001040
0.000912
0.000884
0.000764
0.000846
0.000800
0.000928
0.000911
0.001044
0.003164
0.001026
0.000960
0.000969
0.000939
0.000989
0.001017
0.000960
0.000995
0.000975