compile_opencl_time:
0.076432
0.079651
0.078191
0.074541
0.074644
0.076425
0.075016
0.075433
0.079486
0.079297
total_time:
0.000867
0.000505
0.000491
0.000458
0.000448
0.000435
0.000423
0.000384
0.000382
0.000443
0.001080
0.000573
0.000551
0.000529
0.000572
0.000490
0.000470
0.000450
0.000462
0.000451
0.001115
0.000688
0.000468
0.000481
0.000472
0.000486
0.000461
0.000430
0.000456
0.000459
0.000875
0.000603
0.000518
0.000527
0.000540
0.000546
0.000496
0.000474
0.000803
0.000822
0.001127
0.000525
0.000486
0.000469
0.000428
0.000441
0.000417
0.000386
0.000389
0.000375
0.001082
0.000690
0.000839
0.000476
0.000474
0.000432
0.000432
0.000427
0.000417
0.000392
0.000993
0.000535
0.000479
0.000422
0.000435
0.000412
0.000421
0.000379
0.000384
0.000395
0.001119
0.000507
0.000488
0.000425
0.000440
0.000395
0.000448
0.000428
0.000421
0.000383
0.000933
0.000536
0.000468
0.000464
0.000459
0.000433
0.000439
0.000474
0.000460
0.000423
0.001238
0.000585
0.000532
0.000512
0.000492
0.000456
0.000452
0.000472
0.000452
0.000472