total_time:
0.101762
0.025067
0.024636
0.024644
0.024602
0.024610
0.024553
0.024565
0.024566
0.024582
0.103174
0.025063
0.024595
0.024562
0.024559
0.024595
0.024565
0.024591
0.024564
0.024552
0.101852
0.025062
0.024638
0.024615
0.024592
0.024575
0.024590
0.024670
0.024627
0.024599
0.098734
0.025141
0.024669
0.024705
0.024765
0.024694
0.024655
0.024679
0.024689
0.024645
0.096700
0.025115
0.024640
0.024636
0.024631
0.024632
0.024635
0.024655
0.024668
0.024634
0.108902
0.025092
0.024698
0.024629
0.024627
0.024674
0.024596
0.024615
0.024671
0.024665
0.101937
0.025068
0.024641
0.024641
0.024595
0.024607
0.024611
0.024613
0.024591
0.024600
0.103527
0.025032
0.024584
0.024568
0.024561
0.024556
0.024555
0.024549
0.024557
0.024554
0.101266
0.025045
0.024621
0.024628
0.024559
0.024669
0.024539
0.024558
0.024600
0.024555
0.101527
0.025035
0.024590
0.024578
0.024594
0.024593
0.024587
0.024568
0.024582
0.024579