compile_opencl_time:
0.147457
0.141427
0.141219
0.146563
0.140033
0.139227
0.148539
0.140165
0.138553
0.148425
total_time:
0.017118
0.014564
0.014263
0.014580
0.014337
0.014722
0.014507
0.014111
0.014390
0.014426
0.016643
0.014437
0.014566
0.014303
0.014553
0.014054
0.014042
0.014259
0.014190
0.013868
0.016737
0.014975
0.014352
0.014461
0.014523
0.013912
0.014234
0.014495
0.014261
0.014348
0.016865
0.014747
0.014485
0.014332
0.014633
0.014427
0.014129
0.014621
0.014547
0.014216
0.016523
0.014452
0.014237
0.014410
0.014356
0.014154
0.014430
0.014285
0.014032
0.014354
0.016508
0.014765
0.014515
0.014466
0.014717
0.014725
0.014294
0.014544
0.014628
0.014549
0.016947
0.014364
0.014443
0.014252
0.014180
0.014348
0.014209
0.013969
0.014365
0.014196
0.016664
0.014396
0.014706
0.014426
0.014398
0.014419
0.014102
0.013767
0.013805
0.013833
0.016325
0.014699
0.014410
0.013953
0.014054
0.014024
0.013924
0.013701
0.013857
0.013815
0.016547
0.014400
0.013960
0.013785
0.013855
0.013823
0.013799
0.013775
0.013825
0.013878