total_time:
0.073737
0.000567
0.000564
0.000566
0.000558
0.000566
0.000562
0.000569
0.000556
0.000555
0.074234
0.000510
0.000523
0.000499
0.000528
0.000496
0.000496
0.000539
0.000497
0.000530
0.072356
0.000567
0.000577
0.000559
0.000558
0.000565
0.000563
0.000558
0.000559
0.000567
0.074235
0.000502
0.000499
0.000501
0.000497
0.000524
0.000528
0.000498
0.000497
0.000492
0.068699
0.000567
0.000561
0.000567
0.000596
0.000563
0.000554
0.000559
0.000557
0.000561
0.071511
0.000779
0.000726
0.000751
0.000742
0.000730
0.000728
0.000734
0.000752
0.000719
0.073382
0.000499
0.000492
0.000499
0.000500
0.000495
0.000496
0.000495
0.000497
0.000496
0.072740
0.000706
0.000750
0.000693
0.000693
0.000695
0.000696
0.000692
0.000696
0.000695
0.073328
0.000774
0.000767
0.000811
0.000753
0.000761
0.000755
0.000755
0.000757
0.000754
0.072985
0.000635
0.000628
0.000677
0.000632
0.000634
0.000620
0.000631
0.000623
0.000623