total_time:
0.074016
0.000998
0.000967
0.000964
0.000940
0.000952
0.000971
0.000955
0.000939
0.000970
0.074193
0.000827
0.000812
0.000810
0.000810
0.000805
0.000810
0.000811
0.000793
0.000813
0.075480
0.000991
0.000959
0.000952
0.000937
0.000955
0.000959
0.000948
0.000931
0.000961
0.071703
0.000817
0.000853
0.000806
0.000813
0.000806
0.000815
0.000813
0.000821
0.000797
0.074195
0.000998
0.000969
0.000965
0.000932
0.000952
0.000945
0.000955
0.000938
0.000961
0.073596
0.001308
0.001294
0.001333
0.001254
0.001292
0.001279
0.001301
0.001283
0.001281
0.076141
0.000819
0.000826
0.000812
0.000815
0.000806
0.000805
0.000816
0.000806
0.000810
0.070470
0.001257
0.001213
0.001220
0.001189
0.001208
0.001210
0.001218
0.001210
0.001219
0.073207
0.001334
0.001331
0.001325
0.001329
0.001322
0.001334
0.001351
0.001354
0.001351
0.072955
0.001118
0.001069
0.001080
0.001076
0.001084
0.001078
0.001092
0.001064
0.001090