total_time:
0.287207
0.206417
0.204507
0.204401
0.204340
0.204415
0.204376
0.204496
0.204507
0.204560
0.276842
0.206112
0.204203
0.204119
0.204293
0.204150
0.204336
0.204064
0.204155
0.203939
0.276738
0.206479
0.204172
0.204580
0.204184
0.204607
0.204223
0.204693
0.204302
0.204664
0.281446
0.205798
0.203797
0.203760
0.203964
0.204211
0.204059
0.204189
0.204039
0.204097
0.277266
0.206021
0.204124
0.204105
0.204082
0.203980
0.204102
0.203979
0.203860
0.204017
0.277166
0.205916
0.204144
0.203973
0.203973
0.203872
0.203823
0.203711
0.203815
0.203868
0.276784
0.206196
0.204330
0.204208
0.204075
0.204191
0.203900
0.204094
0.204044
0.204301
0.282740
0.205796
0.203873
0.203893
0.203986
0.203806
0.203773
0.203882
0.203788
0.203660
0.280588
0.205671
0.203689
0.203793
0.203672
0.203941
0.203641
0.203797
0.203676
0.203833
0.278090
0.206383
0.204303
0.204217
0.204156
0.204216
0.204205
0.204275
0.204380
0.204394