total_time:
0.0058
0.004838
0.004974
0.004926
0.00491
0.005264
0.005181
0.005091
0.005054
0.004889
0.00436
0.003617
0.003995
0.003723
0.003565
0.003623
0.004013
0.003902
0.003497
0.003257
0.003041
0.0025
0.002724
0.002489
0.002455
0.002457
0.002478
0.004897
0.004852
0.005043
0.004272
0.004615
0.00466
0.004984
0.004775
0.004849
0.005418
0.005585
0.005217
0.006012
0.007075
0.007142
0.005295
0.004092
0.004139
0.004165
0.004065
0.003676
0.00367
0.003607
0.00353
0.003538
0.00543
0.00516
0.004803
0.004283
0.004892
0.004836
0.005264
0.005559
0.005058
0.004268
0.003782
0.003404
0.003661
0.003947
0.004113
0.004079
0.003659
0.004065
0.005046
0.005333
0.004879
0.005214
0.004884
0.00509
0.005321
0.004702
0.004645
0.006028
0.00616
0.005241
0.004905
0.005494
0.005338
0.004819
0.005335
0.004689
