total_time:
0.075486
0.000731
0.000730
0.000725
0.000732
0.000751
0.000743
0.000755
0.000739
0.000740
0.073059
0.000737
0.000729
0.000729
0.000741
0.000732
0.000722
0.000736
0.000725
0.000722
0.075606
0.000753
0.000731
0.000715
0.000734
0.000724
0.000725
0.000732
0.000743
0.000730
0.070820
0.000739
0.000732
0.000731
0.000739
0.000727
0.000731
0.000736
0.000734
0.000734
0.071640
0.000735
0.000725
0.000738
0.000725
0.000721
0.000721
0.000730
0.000716
0.000724
0.076078
0.000752
0.000729
0.000723
0.000737
0.000727
0.000736
0.000727
0.000729
0.000730
0.071302
0.000736
0.000723
0.000719
0.000733
0.000760
0.000766
0.000767
0.000737
0.000725
0.073449
0.000720
0.000733
0.000708
0.000768
0.000761
0.000738
0.000732
0.000743
0.000724
0.072925
0.000803
0.000806
0.000798
0.000806
0.000805
0.000797
0.000805
0.000794
0.000830
0.073177
0.000763
0.000725
0.000713
0.000730
0.000720
0.000745
0.000737
0.000731
0.000730