compile_opencl_time:
0.126707
0.122170
0.126721
0.121997
0.121069
0.122006
0.121199
0.126999
0.122563
0.127180
total_time:
0.002852
0.000997
0.000994
0.000988
0.000896
0.000994
0.000922
0.000970
0.000915
0.001034
0.003049
0.001177
0.001055
0.001016
0.001026
0.001021
0.001089
0.000953
0.001075
0.000999
0.003071
0.001167
0.001039
0.000969
0.001182
0.001022
0.001222
0.001022
0.000911
0.000906
0.002951
0.001127
0.001019
0.001072
0.001058
0.000955
0.001175
0.000992
0.000881
0.001170
0.003049
0.001176
0.000890
0.001009
0.000880
0.000990
0.000870
0.001001
0.000908
0.000953
0.003178
0.001054
0.001166
0.000973
0.000836
0.001124
0.001070
0.000847
0.001181
0.000937
0.002983
0.001317
0.000985
0.001028
0.001012
0.001052
0.001048
0.000967
0.001072
0.000965
0.003103
0.001060
0.001015
0.001000
0.001062
0.000974
0.001072
0.001032
0.001041
0.000985
0.003076
0.001131
0.001279
0.001049
0.000980
0.001097
0.001071
0.001178
0.001418
0.001046
0.003013
0.001117
0.000883
0.000955
0.000929
0.001156
0.001091
0.000981
0.001035
0.000894