total_time:
0.000441
0.000062
0.000059
0.000058
0.000071
0.000058
0.000057
0.000057
0.000056
0.000057
0.000566
0.000062
0.000060
0.000058
0.000058
0.000059
0.000058
0.000057
0.000057
0.000056
0.000432
0.000063
0.000060
0.000059
0.000058
0.000057
0.000057
0.000057
0.000057
0.000057
0.000565
0.000055
0.000052
0.000051
0.000051
0.000051
0.000050
0.000050
0.000050
0.000049
0.000453
0.000060
0.000058
0.000057
0.000057
0.000056
0.000056
0.000055
0.000055
0.000056
0.000578
0.000074
0.000061
0.000059
0.000058
0.000057
0.000059
0.000057
0.000058
0.000057
0.000451
0.000055
0.000053
0.000060
0.000053
0.000053
0.000052
0.000051
0.000051
0.000052
0.000356
0.000066
0.000061
0.000058
0.000057
0.000058
0.000056
0.000056
0.000057
0.000057
0.000596
0.000067
0.000064
0.000063
0.000062
0.000062
0.000062
0.000062
0.000074
0.000065
0.000544
0.000058
0.000057
0.000056
0.000055
0.000056
0.000063
0.000057
0.000055
0.000055