total_time:
0.000246
0.000252
0.000240
0.000239
0.000240
0.000246
0.000240
0.000241
0.000241
0.000254
0.000255
0.000239
0.000235
0.000233
0.000235
0.000232
0.000231
0.000232
0.000235
0.000232
0.000254
0.000237
0.000232
0.000235
0.000229
0.000229
0.000228
0.000232
0.000229
0.000229
0.000216
0.000200
0.000211
0.000196
0.000195
0.000195
0.000194
0.000198
0.000200
0.000201
0.000220
0.000207
0.000202
0.000201
0.000204
0.000200
0.000202
0.000202
0.000210
0.000213
0.000234
0.000216
0.000199
0.000197
0.000196
0.000195
0.000204
0.000202
0.000203
0.000202
0.000214
0.000215
0.000197
0.000195
0.000193
0.000193
0.000196
0.000200
0.000200
0.000200
0.000259
0.000232
0.000228
0.000227
0.000228
0.000225
0.000226
0.000226
0.000228
0.000226
0.000263
0.000235
0.000231
0.000230
0.000233
0.000229
0.000229
0.000230
0.000233
0.000230
0.000173
0.000226
0.000223
0.000220
0.000157
0.000151
0.000152
0.000151
0.000151
0.000151