total_time:
0.175356
0.17476
0.174141
0.17407
0.174711
0.173733
0.173331
0.173149
0.172938
0.173265
0.172727
0.172663
0.1724
0.173042
0.172894
0.172545
0.172809
0.17262
0.175635
0.176152
0.175684
0.174837
0.175265
0.175985
0.175591
0.17729
0.178013
0.176573
0.177127
0.176034
0.177001
0.176685
0.176729
0.176617
0.177075
0.176124
0.165149
0.164265
0.164218
0.163795
0.163547
0.163783
0.164389
0.163244
0.163698
0.16714
0.165859
0.166514
0.166256
0.16647
0.166299
0.16625
0.166648
0.165782
0.170794
0.16991
0.169393
0.170251
0.170343
0.1704
0.170907
0.170681
0.169395
0.17055
0.169186
0.169471
0.169646
0.169462
0.169682
0.169512
0.169554
0.169719
0.177202
0.176627
0.176548
0.177287
0.176295
0.176578
0.177269
0.176651
0.177242
0.174658
0.173861
0.173866
0.173852
0.174027
0.174335
0.174377
0.17356
0.174068
