total_time:
0.000475
0.000069
0.000067
0.000066
0.000066
0.000065
0.000065
0.000064
0.000065
0.000178
0.000487
0.000070
0.000068
0.000068
0.000068
0.000066
0.000066
0.000067
0.000067
0.000068
0.000326
0.000069
0.000066
0.000069
0.000066
0.000066
0.000067
0.000067
0.000065
0.000066
0.000487
0.000064
0.000063
0.000062
0.000062
0.000062
0.000078
0.000064
0.000062
0.000062
0.000572
0.000073
0.000070
0.000079
0.000138
0.000069
0.000070
0.000069
0.000070
0.000069
0.000463
0.000069
0.000068
0.000066
0.000067
0.000066
0.000066
0.000067
0.000066
0.000066
0.000554
0.000076
0.000072
0.000068
0.000068
0.000067
0.000068
0.000067
0.000068
0.000067
0.000589
0.000071
0.000070
0.000071
0.000068
0.000069
0.000068
0.000069
0.000068
0.000068
0.000579
0.000071
0.000069
0.000069
0.000081
0.000069
0.000068
0.000068
0.000067
0.000069
0.000464
0.000070
0.000065
0.000066
0.000066
0.000065
0.000074
0.000066
0.000064
0.000063