total_time:
0.129536
0.128505
0.128258
0.127525
0.127975
0.128755
0.127536
0.127585
0.128135
0.129432
0.128985
0.127468
0.127774
0.128542
0.128031
0.127775
0.12792
0.127783
0.129392
0.127962
0.127184
0.128122
0.128018
0.128004
0.128436
0.128737
0.12819
0.131848
0.131329
0.131273
0.130042
0.130893
0.130716
0.131062
0.130593
0.130186
0.130835
0.130391
0.129943
0.129569
0.13083
0.130338
0.130054
0.130982
0.130749
0.12996
0.129653
0.128296
0.129187
0.128676
0.1293
0.128621
0.129277
0.129044
0.129676
0.128258
0.128843
0.12792
0.12844
0.128351
0.128119
0.128451
0.128503
0.131188
0.129961
0.129588
0.130199
0.129723
0.129334
0.130444
0.130184
0.130076
0.129378
0.12851
0.129201
0.128532
0.127842
0.12909
0.128225
0.128491
0.12904
0.131687
0.131138
0.130485
0.129389
0.130454
0.125406
0.127136
0.126425
0.127914
