total_time:
0.054839
0.054823
0.05478
0.054772
0.054819
0.054784
0.054791
0.054771
0.054792
0.054867
0.054812
0.054761
0.054749
0.054767
0.054733
0.054761
0.054932
0.05476
0.054821
0.054854
0.054768
0.05481
0.054715
0.054715
0.054724
0.054712
0.054712
0.054716
0.054713
0.054702
0.054697
0.054824
0.05478
0.054795
0.054705
0.054699
0.054703
0.054789
0.054755
0.054808
0.054782
0.054787
0.054765
0.054784
0.054856
0.054781
0.054775
0.05471
0.054704
0.054701
0.054704
0.05471
0.054684
0.054685
0.05469
0.054879
0.054808
0.054831
0.054821
0.054854
0.054863
0.054826
0.054827
0.054675
0.054688
0.054724
0.054749
0.054758
0.054786
0.054677
0.054674
0.054814
0.054798
0.054839
0.054794
0.054804
0.054773
0.054788
