total_time:
0.001208
0.001199
0.001184
0.001196
0.001176
0.001182
0.001179
0.001189
0.001181
0.001481
0.00147
0.001452
0.001475
0.001445
0.001454
0.001446
0.001454
0.001455
0.001285
0.001235
0.00119
0.001206
0.001172
0.001206
0.001176
0.001194
0.001165
0.001426
0.001465
0.001393
0.001419
0.001414
0.001426
0.001404
0.00141
0.001406
0.001194
0.001187
0.001182
0.001182
0.001167
0.001175
0.001167
0.001181
0.001174
0.00119
0.001183
0.001173
0.001187
0.001152
0.001176
0.001172
0.001185
0.001169
0.0013
0.001263
0.001267
0.001254
0.001256
0.001244
0.001258
0.001258
0.001253
0.001449
0.001432
0.001423
0.001437
0.001418
0.001425
0.001417
0.001432
0.001409
0.001387
0.00139
0.001363
0.001386
0.001378
0.001382
0.001365
0.00138
0.00137
0.001192
0.001209
0.001188
0.001184
0.001185
0.001168
0.001179
0.001177
0.001157
