total_time:
0.00077
0.000749
0.000747
0.000745
0.000746
0.000747
0.000744
0.000744
0.000743
0.000863
0.000849
0.000848
0.00085
0.000845
0.000842
0.000843
0.000847
0.000842
0.000775
0.000759
0.000758
0.00077
0.000759
0.000758
0.000756
0.000751
0.000782
0.000937
0.00086
0.000882
0.001
0.000916
0.000946
0.000921
0.000865
0.000875
0.000769
0.00075
0.000748
0.000745
0.000749
0.000745
0.000749
0.000742
0.000746
0.000769
0.000753
0.000751
0.000746
0.000752
0.000749
0.000748
0.000744
0.000746
0.000795
0.000781
0.00078
0.000777
0.000779
0.000777
0.000778
0.000775
0.000776
0.000924
0.000879
0.000877
0.000874
0.000875
0.000897
0.000877
0.000873
0.000874
0.000863
0.000841
0.000845
0.000841
0.000841
0.000839
0.000843
0.000843
0.000839
0.00077
0.000756
0.000754
0.000753
0.000753
0.000753
0.00075
0.000747
0.000749
