total_time:
0.000771
0.000726
0.000724
0.000727
0.000718
0.000722
0.000721
0.000722
0.000711
0.000853
0.000832
0.000823
0.000824
0.000827
0.000824
0.000828
0.000823
0.000821
0.000878
0.000862
0.000859
0.000861
0.000857
0.000854
0.00085
0.000855
0.000837
0.000841
0.000824
0.000824
0.000845
0.000827
0.000816
0.000822
0.000815
0.000852
0.000744
0.00073
0.000732
0.000727
0.000721
0.000723
0.000725
0.000727
0.000717
0.000745
0.000725
0.000729
0.000727
0.000716
0.000719
0.000722
0.000725
0.000715
0.000771
0.00076
0.000758
0.000759
0.000755
0.000753
0.000752
0.000754
0.000752
0.00088
0.000867
0.000855
0.00086
0.000854
0.00085
0.000849
0.000856
0.000848
0.000838
0.00082
0.000827
0.000815
0.000823
0.000814
0.000814
0.000822
0.000811
0.000746
0.000733
0.000724
0.000729
0.000721
0.000724
0.000724
0.000727
0.000717
