total_time:
0.001374
0.001366
0.001363
0.001343
0.00136
0.001351
0.001357
0.001354
0.00136
0.00155
0.001532
0.001526
0.001528
0.001527
0.001528
0.001517
0.001516
0.00152
0.001379
0.00137
0.001365
0.001364
0.001379
0.00137
0.001366
0.001375
0.001375
0.001532
0.001512
0.001521
0.001516
0.001521
0.001534
0.001554
0.001515
0.001539
0.001359
0.001349
0.001349
0.001346
0.001344
0.001353
0.001352
0.001352
0.001412
0.001378
0.001354
0.001356
0.001363
0.00135
0.001351
0.001355
0.001347
0.001356
0.001439
0.001422
0.001421
0.001421
0.001405
0.001407
0.001401
0.001417
0.001402
0.00161
0.001592
0.001589
0.001599
0.001604
0.001656
0.00158
0.001577
0.001607
0.00155
0.001536
0.001546
0.001527
0.001537
0.001526
0.001531
0.001524
0.001526
0.001365
0.001384
0.001346
0.001345
0.001356
0.001356
0.001339
0.00136
0.001358
