total_time:
6.290687
6.19727
6.196675
6.196384
6.20239
6.20123
6.200857
6.203218
6.203023
6.201519
6.151538
6.06014
6.056998
6.054015
6.055643
6.055183
6.060082
6.060049
6.059959
6.070231
6.088366
6.000175
5.995955
5.994204
5.9935
5.995214
5.996154
5.990281
5.990222
6.001684
6.294229
6.203684
6.198845
6.19789
6.200498
6.200835
6.200627
6.204289
6.210169
6.207784
5.899592
5.812615
5.807534
5.805679
5.806689
5.806126
5.814905
5.813732
5.811749
5.812923
6.007057
5.918087
5.91151
5.90919
5.909273
5.909113
5.909586
5.910398
5.909461
5.914553
5.77186
5.680412
5.67335
5.670657
5.669866
5.671696
5.678018
5.678501
5.671309
5.671478
5.947006
5.856377
5.850457
5.848164
5.848499
5.848056
5.849181
5.850139
5.850643
5.850212
6.018736
5.928999
5.922745
5.920568
5.920689
5.920574
5.921303
5.922471
5.922049
5.922206
5.881867
5.78912
5.7844
5.78145
5.781416
5.781453
5.781292
5.781303
5.786118
5.78498
