compile_opencl_time:
0.141603
0.145746
0.144368
0.142776
0.142295
0.144829
0.143262
0.143963
total_time:
2.758429
2.738485
2.714336
2.727516
2.721229
2.730695
2.741782
2.718149
2.726442
2.71438
2.638831
2.637083
2.627441
2.632364
2.633642
2.632854
2.634582
2.628838
2.635474
2.634249
2.660535
2.652495
2.624406
2.598925
2.595559
2.59458
2.598145
2.599904
2.602326
2.618815
2.703143
2.695529
2.704422
2.747496
2.721744
2.691574
2.720845
2.724683
2.729241
2.523257
2.506739
2.502976
2.54332
2.535312
2.522198
2.545307
2.526351
2.53736
2.499402
2.546293
2.571794
2.562725
2.562211
2.525279
2.529014
2.53176
2.565853
2.557255
2.565141
2.581586
2.567264
2.524436
2.555177
2.561178
2.541958
2.560297
2.555428
2.565604
2.560202
2.595851
2.58771
2.579112
2.569821
2.57008
2.571243
2.579863
2.614968
2.612999
2.615366
2.5931
2.586318
2.568076
2.570418
2.615575
2.598022
2.614632
2.613787
2.614047
2.614193
2.53462
2.51981
2.516975
2.514193
2.534235
2.544326
2.518078
2.529415
2.525355
2.521475
