total_time:
0.171380
0.083881
0.082264
0.081873
0.081842
0.082023
0.082042
0.081934
0.081994
0.081946
0.178438
0.084129
0.082377
0.082423
0.082426
0.082533
0.082519
0.082537
0.082336
0.082312
0.174341
0.084297
0.082644
0.082145
0.082271
0.082248
0.082329
0.082283
0.082171
0.082275
0.170249
0.084032
0.082380
0.081881
0.081921
0.082160
0.082186
0.082040
0.082008
0.082103
0.179312
0.083535
0.081861
0.081959
0.081933
0.081890
0.081992
0.081890
0.082000
0.081988
0.196051
0.083420
0.081804
0.081515
0.081586
0.081580
0.081698
0.081670
0.081731
0.081715
0.176443
0.083353
0.081783
0.081895
0.081899
0.081871
0.081900
0.081959
0.081866
0.081829
0.175985
0.083635
0.081634
0.081441
0.081644
0.081745
0.081786
0.081716
0.081743
0.081708
0.176978
0.083064
0.081335
0.081630
0.081528
0.081547
0.081652
0.081506
0.081567
0.081557
0.171021
0.083553
0.081773
0.081997
0.082025
0.081982
0.081965
0.081907
0.081943
0.081991