total_time:
0.170159
0.094905
0.093831
0.093835
0.094011
0.094093
0.094039
0.093956
0.093888
0.093631
0.168206
0.094732
0.093826
0.093827
0.093808
0.093844
0.093869
0.093841
0.093759
0.093824
0.170684
0.094780
0.093968
0.094292
0.094346
0.094379
0.094254
0.094057
0.094009
0.093905
0.166815
0.094569
0.093673
0.093649
0.093710
0.093652
0.093726
0.095789
0.097022
0.095928
0.170640
0.094583
0.093569
0.093655
0.093576
0.093581
0.093628
0.093667
0.093604
0.093511
0.165836
0.095028
0.094130
0.094129
0.094172
0.094145
0.094143
0.094135
0.094094
0.094158
0.169730
0.094766
0.093825
0.093772
0.093929
0.093944
0.093997
0.093820
0.093843
0.093839
0.166956
0.094880
0.094028
0.094013
0.094043
0.093921
0.093926
0.093939
0.093963
0.093954
0.171922
0.095217
0.094138
0.094084
0.094095
0.094166
0.094049
0.094005
0.094136
0.094055
0.169796
0.094468
0.093601
0.093576
0.093705
0.093687
0.093711
0.093587
0.093563
0.093565