compile_opencl_time:
0.077295
0.078790
0.083478
0.077534
0.079480
0.083744
0.078391
0.084647
0.077719
0.079768
total_time:
0.027297
0.026576
0.024996
0.024782
0.024797
0.030373
0.028837
0.026040
0.026790
0.028920
0.027706
0.029242
0.026208
0.027930
0.028226
0.027467
0.027687
0.027845
0.027243
0.027697
0.029096
0.026166
0.026541
0.026017
0.026411
0.025811
0.026726
0.026468
0.026710
0.025444
0.025369
0.026589
0.024696
0.026357
0.025060
0.025470
0.025739
0.025867
0.025233
0.026119
0.026789
0.027523
0.025466
0.027626
0.024906
0.027647
0.025877
0.025990
0.025837
0.027500
0.027504
0.026611
0.025438
0.023785
0.023984
0.024471
0.025763
0.026035
0.028847
0.024865
0.025566
0.024487
0.023433
0.023176
0.023519
0.022973
0.024130
0.023747
0.023438
0.025183
0.026961
0.027344
0.024878
0.025756
0.026166
0.023907
0.023729
0.024838
0.025710
0.026389
0.025621
0.025764
0.025310
0.024178
0.025359
0.024328
0.023481
0.024618
0.024995
0.023479
0.029990
0.027718
0.024705
0.025160
0.025726
0.026257
0.023921
0.024763
0.024627
0.027007