total_time:
0.463040
0.375225
0.375411
0.375613
0.375554
0.375898
0.375834
0.375293
0.374932
0.374815
0.461521
0.372181
0.371996
0.372537
0.372741
0.372581
0.372606
0.372822
0.372679
0.373489
0.460761
0.373294
0.372486
0.372607
0.372789
0.372784
0.372884
0.372701
0.372788
0.372806
0.462628
0.375373
0.375538
0.375247
0.375295
0.375452
0.375508
0.375867
0.376282
0.376077
0.462257
0.374515
0.374470
0.374722
0.375031
0.375011
0.375158
0.374907
0.375100
0.374780
0.460272
0.372460
0.372696
0.373385
0.372830
0.373114
0.373244
0.373608
0.373652
0.373630
0.463892
0.374004
0.374015
0.373891
0.373669
0.373658
0.373766
0.374084
0.373803
0.373667
0.461206
0.373477
0.373951
0.373849
0.373489
0.373372
0.373627
0.373921
0.373851
0.373754
0.462578
0.374963
0.374628
0.374245
0.374466
0.374661
0.374515
0.374376
0.374405
0.374425
0.460390
0.373579
0.373291
0.373335
0.373426
0.373417
0.373287
0.373152
0.372959
0.373205