select_time:
0.000011
0.000011
0.000010
0.000011
0.000011
0.000010
0.000012
0.000013
0.000011
0.000010

total_time:
0.055166
0.062490
0.059763
0.065631
0.069201
0.072046
0.076573
0.081117
0.081837
0.086864
0.055791
0.065894
0.061064
0.067673
0.071006
0.077067
0.082018
0.085042
0.088724
0.092413
0.054321
0.065209
0.061001
0.066856
0.070990
0.074386
0.079131
0.083799
0.085949
0.089205
0.054603
0.064827
0.060541
0.066599
0.071494
0.074291
0.078936
0.084403
0.085707
0.090373
0.051217
0.064791
0.061648
0.067976
0.071803
0.075244
0.080015
0.084890
0.085743
0.091031
0.054851
0.065275
0.061399
0.067673
0.071533
0.075468
0.078166
0.081311
0.084443
0.087799
0.056589
0.067066
0.062216
0.068033
0.072561
0.075018
0.079623
0.084516
0.085766
0.089676
0.054258
0.065381
0.061612
0.067651
0.072188
0.075083
0.079548
0.084561
0.085443
0.089580
0.054900
0.065784
0.061763
0.067967
0.072871
0.076417
0.079867
0.085254
0.085821
0.092954
0.055738
0.062922
0.059619
0.065080
0.068972
0.072656
0.076483
0.081086
0.089989
0.092339
