total_time:
1.136503
1.130788
1.131316
1.126001
1.125289
1.125607
1.127229
1.124549
1.081516
1.125575
1.142388
1.140686
1.131826
1.138600
1.122560
1.128634
1.126570
1.128762
1.128530
1.124267
1.135725
1.128270
1.122843
1.124691
1.123611
1.123753
1.121405
1.121009
1.121156
1.123433
1.135867
1.127995
1.123114
1.124318
1.109395
1.129577
1.129346
1.130993
1.129309
1.129272
1.135438
1.130487
1.127501
1.126787
1.125505
1.125183
1.124542
1.125018
1.125732
1.123874
1.133357
1.130293
1.123912
1.127372
1.128760
1.121853
1.121525
1.122341
1.127299
1.126027
1.137954
1.129264
1.125300
1.125010
1.124567
1.124726
1.124966
1.123996
1.124156
1.124220
1.150249
1.143987
1.138085
1.140488
1.136549
1.136176
1.133354
1.128250
1.128972
1.131074
1.146777
1.144527
1.142724
1.134761
1.134045
1.132925
1.135908
1.132957
1.132252
1.129336
1.134784
1.133608
1.139035
1.126882
1.127943
1.123816
1.123434
1.122311
1.123700
1.126664