total_time:
0.332631
0.335405
0.333634
0.338447
0.335466
0.33673
0.33439
0.335646
0.336867
0.338457
0.31165
0.311587
0.312592
0.312481
0.312494
0.313481
0.313608
0.313709
0.313744
0.313703
0.334525
0.336342
0.337341
0.337856
0.33802
0.337512
0.339339
0.341177
0.341512
0.342512
0.322782
0.342104
0.341387
0.345136
0.344894
0.34346
0.344677
0.34565
0.352005
0.334633
0.298756
0.316835
0.313665
0.316004
0.315258
0.315601
0.315626
0.318669
0.319307
0.317357
0.33802
0.350845
0.35173
0.349912
0.356326
0.356879
0.355959
0.359383
0.356113
0.360241
0.305348
0.319753
0.323151
0.325946
0.3253
0.357309
0.357563
0.358596
0.357377
0.325898
0.331799
0.385023
0.381597
0.400855
0.393721
0.39435
0.287854
0.306424
0.305491
0.308594
0.305787
0.30535
0.308342
0.30957
0.306934
0.312675
0.327881
0.369195
0.382536
0.385374
0.386632
0.385581
0.35469
0.316741
0.316556
0.316578
