compile_opencl_time:
0.14521
0.145941
0.144402
0.15405
0.142648
0.152781
0.145551
0.142464
0.143846
0.153293
total_time:
0.233686
0.219049
0.219523
0.220633
0.226024
0.233775
0.233713
0.234754
0.234151
0.234669
0.226962
0.211108
0.20989
0.212938
0.212569
0.213177
0.212502
0.213271
0.212775
0.213191
0.239194
0.223081
0.225183
0.226424
0.226259
0.229479
0.226583
0.225627
0.229281
0.226363
0.235252
0.228497
0.229022
0.229438
0.236006
0.229647
0.222526
0.221398
0.221855
0.214626
0.199428
0.199752
0.201634
0.201464
0.201258
0.201039
0.200722
0.200821
0.200639
0.226713
0.217309
0.218625
0.218947
0.218558
0.218448
0.218959
0.219002
0.219403
0.22559
0.211687
0.21221
0.214746
0.214599
0.214144
0.214123
0.21301
0.216116
0.221999
0.233513
0.21855
0.218509
0.219963
0.220729
0.219966
0.221398
0.220098
0.22019
0.220844
0.227668
0.209763
0.2088
0.209786
0.210849
0.210854
0.21149
0.210479
0.209091
0.209118
0.23976
0.21981
0.220339
0.221608
0.221791
0.221989
0.22234
0.222446
0.222515
0.222251
