total_time:
0.183754
0.182498
0.182662
0.182663
0.182422
0.182843
0.18248
0.18247
0.182574
0.176653
0.176734
0.176655
0.176932
0.176806
0.176919
0.176472
0.176186
0.176339
0.187343
0.18536
0.186597
0.184951
0.185511
0.183992
0.186329
0.183814
0.184693
0.182938
0.18132
0.182718
0.181492
0.183314
0.180013
0.182831
0.18083
0.18299
0.16789
0.166843
0.166209
0.167143
0.166749
0.167073
0.167312
0.16719
0.167445
0.178869
0.178054
0.177985
0.177903
0.177873
0.177752
0.177515
0.177699
0.177386
0.177204
0.177349
0.176887
0.176373
0.17626
0.176354
0.176937
0.177126
0.176671
0.183981
0.183055
0.182746
0.183452
0.183384
0.183306
0.182457
0.182985
0.183168
0.175722
0.173267
0.175815
0.17375
0.174792
0.174076
0.174697
0.173497
0.174966
0.172732
0.172743
0.171834
0.172361
0.17231
0.17191
0.172226
0.172527
0.171851
