total_time:
0.222967
0.220281
0.220440
0.232897
0.228956
0.235471
0.228871
0.222608
0.225504
0.226830
0.221971
0.230175
0.229990
0.228523
0.229098
0.231027
0.232532
0.228688
0.222707
0.221759
0.218720
0.215524
0.218295
0.219373
0.217623
0.216313
0.216695
0.222936
0.227902
0.216932
0.222712
0.231551
0.224990
0.223988
0.220313
0.221315
0.221423
0.226346
0.227993
0.226143
0.218356
0.228331
0.225636
0.230649
0.235641
0.235968
0.232184
0.232448
0.240418
0.236409
0.217888
0.224342
0.225893
0.225761
0.229953
0.222507
0.224693
0.225009
0.213441
0.217773
0.221146
0.216301
0.220473
0.220021
0.218689
0.220432
0.214102
0.223844
0.221604
0.230454
0.216043
0.220709
0.223328
0.219180
0.221428
0.215784
0.219251
0.218739
0.217802
0.224493
0.219562
0.227803
0.228826
0.227736
0.222712
0.223412
0.227288
0.235726
0.225297
0.225955
0.252066
0.225724
0.220215
0.219008
0.217445
0.227158
0.216918
0.229679
0.231502
0.221452