compile_opencl_time:
0.065884
0.067469
0.066360
0.077489
0.066675
0.069692
0.067744
0.065967
0.065976
0.067467
total_time:
0.006587
0.003367
0.002749
0.002284
0.002243
0.002284
0.002277
0.002301
0.002273
0.002298
0.003243
0.002675
0.002788
0.002599
0.002374
0.002386
0.002358
0.002380
0.002426
0.002328
0.003553
0.002953
0.002377
0.002618
0.003577
0.002762
0.002427
0.002598
0.002805
0.002569
0.003302
0.002429
0.003244
0.002808
0.002381
0.002343
0.002357
0.002347
0.002607
0.003443
0.003438
0.002841
0.002851
0.002420
0.002375
0.002448
0.002570
0.002446
0.002472
0.002459
0.003204
0.003530
0.002399
0.002512
0.002503
0.002318
0.002576
0.002408
0.002400
0.002753
0.003540
0.003304
0.002612
0.002406
0.002433
0.003055
0.002857
0.003106
0.002653
0.002505
0.006714
0.003052
0.002869
0.002362
0.002442
0.003035
0.003178
0.003059
0.002836
0.002930
0.003561
0.003092
0.003023
0.002885
0.003116
0.002356
0.002462
0.002443
0.002303
0.002298
0.003428
0.002503
0.002639
0.003191
0.003183
0.002895
0.002611
0.002780
0.003193
0.003052