compile_opencl_time:
0.141317
0.141733
0.142801
0.148674
0.150245
0.141001
0.141791
0.140080
0.150551
0.142078
total_time:
0.024088
0.021362
0.021285
0.021442
0.021120
0.021469
0.020647
0.020264
0.020665
0.020543
0.024181
0.021319
0.021455
0.021070
0.021319
0.021142
0.021231
0.020916
0.021142
0.021103
0.024902
0.021735
0.021579
0.021608
0.021663
0.021589
0.021646
0.021690
0.021517
0.021471
0.024417
0.021448
0.021284
0.021046
0.021047
0.020970
0.021283
0.021052
0.021182
0.021177
0.024153
0.021041
0.020704
0.021130
0.020990
0.020599
0.020939
0.021206
0.020861
0.020581
0.023231
0.020303
0.020449
0.020310
0.020308
0.020391
0.020405
0.020428
0.020336
0.020272
0.024213
0.021241
0.021098
0.021077
0.021033
0.021007
0.021116
0.021002
0.021074
0.021042
0.023252
0.020676
0.020725
0.020568
0.020926
0.020847
0.020944
0.021063
0.020842
0.020531
0.023839
0.021252
0.020946
0.020761
0.020872
0.020993
0.020788
0.020746
0.020642
0.020851
0.024220
0.021113
0.021014
0.021142
0.021204
0.021000
0.020999
0.020880
0.021236
0.021012