select_time:
0.000009
0.000009
0.000009
0.000010
0.000010
0.000009
0.000009
0.000009
0.000009
0.000009

total_time:
0.007955
0.008620
0.007208
0.007325
0.007596
0.007786
0.007954
0.008252
0.008489
0.008526
0.008302
0.008119
0.006364
0.006594
0.006774
0.007368
0.008067
0.008368
0.008646
0.008695
0.010864
0.009083
0.007313
0.007457
0.007818
0.008041
0.008935
0.008635
0.008774
0.008988
0.010784
0.008333
0.006769
0.006913
0.007160
0.007429
0.007757
0.008181
0.008517
0.008548
0.010364
0.008957
0.007020
0.007253
0.007539
0.007694
0.007943
0.008139
0.008379
0.008408
0.010276
0.008453
0.006873
0.007022
0.007249
0.007438
0.007667
0.007924
0.008072
0.008295
0.010610
0.008751
0.007130
0.007305
0.007568
0.007806
0.007911
0.008206
0.008405
0.008465
0.008995
0.009099
0.007240
0.007380
0.007681
0.007817
0.008083
0.008378
0.008434
0.008677
0.026577
0.009208
0.007271
0.007515
0.007773
0.007878
0.008212
0.008424
0.008486
0.008783
0.010431
0.008641
0.007000
0.007176
0.007475
0.007606
0.007837
0.008109
0.008277
0.008367
