total_time:
0.147498
0.144340
0.143158
0.144406
0.144297
0.142870
0.143781
0.142947
0.143722
0.143047
0.146985
0.145637
0.144781
0.143471
0.144755
0.144686
0.144411
0.144099
0.144550
0.142713
0.148105
0.148848
0.146132
0.146902
0.146424
0.148061
0.146010
0.147561
0.146426
0.147301
0.148089
0.145514
0.143930
0.143975
0.144725
0.143372
0.143975
0.144432
0.144600
0.144706
0.146444
0.143617
0.142773
0.143422
0.142555
0.144391
0.144137
0.145374
0.143781
0.144528
0.147975
0.143884
0.143519
0.144320
0.143055
0.143036
0.144477
0.144292
0.143469
0.143197
0.148901
0.148367
0.147423
0.147714
0.147122
0.147893
0.147795
0.148310
0.147429
0.147568
0.144814
0.145270
0.143970
0.143220
0.142652
0.143850
0.143669
0.143483
0.144659
0.143413
0.147896
0.144941
0.144784
0.143569
0.144801
0.143896
0.144350
0.143986
0.144348
0.143564
0.148014
0.146426
0.144684
0.144367
0.144447
0.144441
0.144445
0.144218
0.144571
0.144305