total_time:
0.070785
0.000493
0.000501
0.000488
0.000523
0.000485
0.000482
0.000486
0.000513
0.000474
0.071788
0.000529
0.000512
0.000509
0.000511
0.000555
0.000517
0.000514
0.000517
0.000519
0.068561
0.000422
0.000412
0.000451
0.000417
0.000411
0.000448
0.000419
0.000418
0.000409
0.070698
0.000426
0.000417
0.000415
0.000420
0.000428
0.000410
0.000411
0.000421
0.000411
0.069313
0.000424
0.000422
0.000417
0.000423
0.000414
0.000416
0.000413
0.000444
0.000419
0.071105
0.000501
0.000452
0.000450
0.000447
0.000448
0.000443
0.000438
0.000446
0.000445
0.071873
0.000502
0.000445
0.000446
0.000442
0.000455
0.000449
0.000452
0.000444
0.000451
0.072030
0.000424
0.000450
0.000417
0.000418
0.000410
0.000419
0.000418
0.000422
0.000411
0.070822
0.000495
0.000494
0.000513
0.000491
0.000481
0.000528
0.000483
0.000483
0.000485
0.072833
0.000439
0.000433
0.000427
0.000427
0.000423
0.000420
0.000423
0.000428
0.000422