compile_opencl_time:
0.130359
0.124141
0.123219
0.129123
0.123494
0.125324
0.12971
0.12403
0.123449
0.12295
total_time:
0.002328
0.002092
0.002185
0.002256
0.002096
0.00222
0.002037
0.002093
0.00214
0.002804
0.002693
0.002675
0.002591
0.002649
0.002699
0.002695
0.002543
0.002619
0.001938
0.001879
0.002041
0.001873
0.001841
0.001796
0.001857
0.00183
0.00199
0.002147
0.002085
0.002157
0.002141
0.002183
0.002114
0.002073
0.002055
0.001985
0.002024
0.0019
0.001831
0.001921
0.001831
0.001903
0.001822
0.001935
0.001764
0.002083
0.002094
0.002043
0.002209
0.002295
0.002027
0.002148
0.001986
0.001993
0.002113
0.00215
0.002103
0.002134
0.002144
0.00208
0.002068
0.00216
0.001984
0.00262
0.002638
0.002754
0.002816
0.002686
0.002778
0.002622
0.002543
0.002692
0.002181
0.002035
0.002111
0.002169
0.002156
0.00217
0.002014
0.002116
0.002123
0.002505
0.002455
0.002453
0.002351
0.002586
0.002454
0.00237
0.002492
0.002355
