total_time:
0.001009
0.000994
0.001007
0.001016
0.001056
0.001043
0.000999
0.001046
0.001034
0.001367
0.001375
0.001364
0.001344
0.001352
0.001353
0.001355
0.001344
0.001354
0.000825
0.000865
0.000817
0.000813
0.000821
0.000824
0.000815
0.000811
0.000823
0.001041
0.000994
0.000985
0.000991
0.000983
0.000976
0.000985
0.00098
0.00098
0.000906
0.000855
0.000855
0.000858
0.000854
0.00085
0.000855
0.000859
0.000856
0.001004
0.000952
0.000959
0.000953
0.00096
0.000952
0.000957
0.00095
0.000957
0.001037
0.001032
0.001033
0.001036
0.001033
0.001026
0.001034
0.001029
0.001027
0.001369
0.00138
0.001386
0.001416
0.001407
0.00136
0.001367
0.00142
0.001441
0.00105
0.001033
0.001041
0.000994
0.000984
0.000976
0.000981
0.000978
0.000976
0.00121
0.001216
0.001197
0.001198
0.001203
0.001195
0.001199
0.0012
0.001195
