compile_opencl_time:
0.002325
0.002384
0.002476
0.002308
0.002378
0.002409
0.002338
0.002352
0.002366
total_time:
0.402732
0.402393
0.402707
0.402628
0.402544
0.402533
0.402162
0.402436
0.401953
0.401808
0.401868
0.40254
0.402325
0.401861
0.401648
0.401968
0.404182
0.403924
0.40368
0.403957
0.403861
0.404224
0.404373
0.403821
0.402424
0.402359
0.402897
0.402309
0.402414
0.402055
0.402634
0.402286
0.403524
0.403529
0.403835
0.403604
0.403321
0.403982
0.403584
0.40375
0.402894
0.403177
0.40325
0.403421
0.40318
0.40289
0.403305
0.402951
0.40164
0.401865
0.401541
0.401933
0.401607
0.401869
0.401477
0.401723
0.400765
0.400923
0.400858
0.400935
0.400656
0.401188
0.400458
0.400679
0.403611
0.404312
0.403737
0.403992
0.403762
0.403389
0.403752
0.403578
0.403222
0.402864
0.403356
0.403256
0.403127
0.403411
0.402841
0.403354
