total_time:
0.40205
0.400558
0.40091
0.401009
0.400811
0.401196
0.400729
0.401087
0.400912
0.400981
0.400199
0.400436
0.400101
0.400186
0.400363
0.399926
0.400479
0.400595
0.403318
0.402348
0.402056
0.402378
0.401901
0.402444
0.401904
0.402422
0.401756
0.40146
0.400794
0.400592
0.400362
0.400916
0.400239
0.400632
0.400507
0.400422
0.402996
0.401993
0.402067
0.40195
0.401946
0.402109
0.401978
0.402339
0.401724
0.402437
0.402282
0.401422
0.401584
0.401351
0.401544
0.401594
0.401268
0.401699
0.401274
0.400253
0.399988
0.399892
0.400422
0.399838
0.400102
0.400495
0.399796
0.39967
0.398796
0.398978
0.39886
0.39862
0.398863
0.399111
0.398526
0.398923
0.40323
0.40229
0.40232
0.402125
0.402133
0.402256
0.402013
0.402478
0.402008
0.402433
0.401815
0.40137
0.401834
0.40118
0.401788
0.401219
0.401675
0.401576
