compile_opencl_time:
0.075934
0.082697
0.078009
0.081997
0.081008
0.078731
0.081415
0.078918
0.07848
0.082129
total_time:
0.153098
0.151393
0.139801
0.147531
0.14136
0.142502
0.140188
0.144563
0.140868
0.141994
0.1553
0.154633
0.14477
0.147219
0.144659
0.144343
0.143813
0.144113
0.145674
0.145032
0.153004
0.159798
0.149482
0.148003
0.147071
0.15069
0.147361
0.151496
0.151557
0.149297
0.149658
0.149006
0.140556
0.146663
0.149769
0.148782
0.147706
0.147487
0.147313
0.145921
0.153024
0.163631
0.164668
0.162016
0.15446
0.157695
0.14719
0.146005
0.146131
0.149225
0.149119
0.146417
0.149822
0.146953
0.147624
0.152408
0.141605
0.139996
0.139427
0.139273
0.142348
0.138728
0.141994
0.138703
0.148386
0.145846
0.137967
0.13984
0.140427
0.137524
0.141314
0.138617
0.138677
0.139845
0.156181
0.159422
0.150591
0.155295
0.15522
0.152684
0.157415
0.15315
0.153694
0.15358
0.160869
0.158558
0.147394
0.14929
0.147544
0.150692
0.150866
0.150359
0.149936
0.149521
