compile_opencl_time:
0.083913
0.077983
0.087659
0.079662
0.085837
0.078453
0.080207
0.082887
0.081031
0.081546
total_time:
0.019231
0.019167
0.017707
0.018337
0.017481
0.01766
0.018599
0.018858
0.018117
0.01889
0.019524
0.01963
0.017309
0.017399
0.017568
0.016877
0.019248
0.017685
0.017329
0.019405
0.018912
0.017586
0.017452
0.018418
0.017973
0.016843
0.017796
0.017585
0.017064
0.017158
0.019011
0.017136
0.01597
0.014879
0.015339
0.015216
0.014744
0.015565
0.015085
0.01857
0.019535
0.016227
0.016994
0.017218
0.017285
0.017522
0.016258
0.016886
0.01905
0.01789
0.017127
0.016947
0.016796
0.016908
0.017477
0.016686
0.016356
0.016952
0.02004
0.018809
0.019402
0.019061
0.018337
0.01879
0.018456
0.017765
0.018582
0.019587
0.018032
0.016756
0.017085
0.016528
0.016492
0.016486
0.016584
0.017399
0.016278
0.015978
0.01827
0.017962
0.01534
0.016944
0.016848
0.015801
0.016599
0.016317
0.017048
0.016682
0.018956
0.016892
0.019116
0.017149
0.016874
0.017968
0.018343
0.018382
0.019007
