total_time:
0.134116
0.128546
0.128341
0.12968
0.129385
0.128622
0.1293
0.128276
0.128366
0.129257
0.134379
0.130938
0.131647
0.131232
0.132628
0.131738
0.130509
0.130895
0.13149
0.130654
0.13348
0.130341
0.129066
0.129515
0.128696
0.13094
0.129051
0.129914
0.129275
0.128996
0.133494
0.13159
0.129898
0.129553
0.130189
0.129489
0.12996
0.128616
0.128745
0.128479
0.134208
0.129074
0.128254
0.128265
0.128489
0.128771
0.128728
0.128191
0.128514
0.129354
0.134541
0.133461
0.131772
0.132451
0.131764
0.131761
0.132236
0.1336
0.131965
0.131856
0.133626
0.134037
0.13176
0.132336
0.131625
0.132546
0.13182
0.131588
0.131348
0.131536
0.133577
0.130652
0.130361
0.13061
0.130392
0.12894
0.130271
0.128908
0.131144
0.129546
0.136141
0.134321
0.133366
0.132758
0.134353
0.132949
0.129919
0.132807
0.132519
0.132542
0.131369
0.130455
0.128951
0.129102
0.12952
0.130007
0.130007
0.129174
0.129301
0.129757
