total_time:
0.046635
0.046602
0.046001
0.046103
0.045971
0.045964
0.046071
0.045331
0.045295
0.045268
0.045377
0.045395
0.045294
0.04523
0.045748
0.045824
0.045078
0.045199
0.04513
0.044906
0.044849
0.044824
0.045068
0.044166
0.0443
0.043543
0.043563
0.043597
0.043533
0.04357
0.043451
0.043481
0.0453
0.04542
0.044612
0.044614
0.044666
0.044534
0.044576
0.044631
0.044499
0.045494
0.045441
0.044785
0.044838
0.044719
0.044918
0.044851
0.044629
0.044789
0.046497
0.046711
0.045826
0.045954
0.045981
0.045867
0.045851
0.045942
0.045752
0.045053
0.0451
0.044421
0.044422
0.044379
0.044331
0.0444
0.044288
0.044295
0.045036
0.045132
0.044432
0.044448
0.044428
0.04442
0.044379
0.044456
0.044323
0.045967
0.046128
0.045362
0.045279
0.045251
0.045356
0.045239
0.045426
0.045371
