total_time:
0.074253
0.001872
0.001796
0.001574
0.001442
0.001417
0.001405
0.001395
0.001389
0.001414
0.072543
0.001974
0.001842
0.001607
0.001654
0.001602
0.001576
0.001556
0.001411
0.001963
0.071836
0.001489
0.001341
0.001342
0.001336
0.001411
0.001369
0.001308
0.001305
0.001297
0.071871
0.001733
0.001622
0.001484
0.001484
0.001485
0.001474
0.001481
0.001479
0.001478
0.070703
0.001615
0.001504
0.001498
0.001470
0.001473
0.001437
0.001434
0.001448
0.001465
0.072771
0.002060
0.002272
0.001909
0.001869
0.001865
0.002371
0.002407
0.001919
0.002269
0.074594
0.001667
0.001686
0.001717
0.001454
0.001343
0.001319
0.001334
0.001334
0.001342
0.075356
0.001862
0.002302
0.001813
0.002274
0.002342
0.001836
0.002055
0.002240
0.002268
0.073793
0.001789
0.001796
0.001483
0.001338
0.001373
0.001354
0.001382
0.001543
0.001488
0.073037
0.002588
0.002575
0.002618
0.002559
0.002347
0.002286
0.002356
0.001827
0.001979