total_time:
0.069821
0.000414
0.000433
0.000408
0.000401
0.000415
0.000404
0.000400
0.000411
0.000400
0.071098
0.000410
0.000449
0.000412
0.000400
0.000408
0.000397
0.000403
0.000400
0.000404
0.072470
0.000415
0.000436
0.000402
0.000401
0.000409
0.000402
0.000399
0.000411
0.000404
0.074827
0.000415
0.000419
0.000418
0.000400
0.000411
0.000403
0.000406
0.000405
0.000403
0.069458
0.000417
0.000406
0.000407
0.000450
0.000409
0.000401
0.000401
0.000404
0.000400
0.073506
0.000441
0.000441
0.000440
0.000468
0.000428
0.000427
0.000441
0.000436
0.000457
0.072411
0.000414
0.000411
0.000433
0.000404
0.000404
0.000398
0.000395
0.000398
0.000403
0.071723
0.000442
0.000482
0.000433
0.000437
0.000433
0.000432
0.000431
0.000433
0.000437
0.073999
0.000420
0.000417
0.000410
0.000412
0.000407
0.000411
0.000403
0.000407
0.000430
0.072445
0.000461
0.000456
0.000447
0.000451
0.000445
0.000448
0.000445
0.000446
0.000441