total_time:
0.000110
0.000105
0.000106
0.000100
0.000099
0.000098
0.000098
0.000098
0.000097
0.000097
0.000175
0.000140
0.000137
0.000148
0.000134
0.000133
0.000133
0.000132
0.000133
0.000132
0.000175
0.000159
0.000168
0.000155
0.000130
0.000129
0.000129
0.000129
0.000129
0.000133
0.000154
0.000137
0.000134
0.000131
0.000144
0.000130
0.000130
0.000130
0.000135
0.000134
0.000189
0.000137
0.000133
0.000131
0.000130
0.000130
0.000130
0.000138
0.000134
0.000134
0.000174
0.000160
0.000156
0.000155
0.000154
0.000157
0.000154
0.000153
0.000153
0.000153
0.000153
0.000138
0.000134
0.000132
0.000145
0.000132
0.000131
0.000131
0.000131
0.000131
0.000169
0.000158
0.000154
0.000152
0.000152
0.000151
0.000152
0.000156
0.000153
0.000153
0.000185
0.000135
0.000130
0.000128
0.000128
0.000130
0.000130
0.000130
0.000134
0.000131
0.000169
0.000158
0.000154
0.000153
0.000159
0.000152
0.000151
0.000151
0.000155
0.000156