total_time:
0.002218
0.002195
0.002211
0.002209
0.002224
0.002201
0.00221
0.002206
0.002205
0.002409
0.002377
0.002385
0.002383
0.002385
0.002387
0.00238
0.002456
0.002368
0.002318
0.002315
0.00229
0.002294
0.00232
0.00231
0.002307
0.002312
0.002298
0.002485
0.002434
0.002482
0.002445
0.002421
0.002424
0.002444
0.002437
0.002448
0.002357
0.002325
0.002336
0.002324
0.002338
0.002328
0.00235
0.002338
0.002229
0.002311
0.00229
0.002277
0.002291
0.002284
0.002276
0.002334
0.002288
0.002285
0.002386
0.002357
0.002348
0.002357
0.002369
0.002363
0.002366
0.002339
0.002364
0.002526
0.002513
0.0025
0.002495
0.002482
0.002474
0.0025
0.002492
0.002504
0.002462
0.00245
0.002425
0.002435
0.002427
0.00241
0.002447
0.00243
0.002439
