compile_opencl_time:
0.002238
0.002235
0.002277
0.002179
0.002182
0.002308
0.00219
0.002139
0.002249
0.002228
total_time:
0.001868
0.001799
0.001858
0.001854
0.001764
0.001764
0.001772
0.00177
0.001825
0.001767
0.001991
0.001941
0.001926
0.001914
0.00187
0.001922
0.001877
0.00193
0.001878
0.001921
0.001943
0.001859
0.001853
0.001824
0.001826
0.001833
0.001835
0.001836
0.001845
0.001841
0.002228
0.00223
0.002227
0.002233
0.002232
0.002062
0.001975
0.002004
0.001961
0.001965
0.001969
0.001998
0.002008
0.002005
0.001962
0.001856
0.001806
0.001777
0.001777
0.00178
0.001779
0.001779
0.001794
0.001818
0.001805
0.001871
0.001828
0.001786
0.001788
0.001777
0.001848
0.001833
0.001834
0.001824
0.001784
0.002005
0.001917
0.001894
0.001885
0.001933
0.001939
0.001892
0.001889
0.001928
0.001892
0.002136
0.002092
0.002016
0.002051
0.002026
0.002098
0.002033
0.002063
0.002064
0.002022
0.001948
0.001849
0.001825
0.001831
0.001853
0.001827
0.001832
0.001889
0.001827
0.001832
