total_time:
0.071788
0.000696
0.000658
0.000649
0.000648
0.000647
0.000649
0.000655
0.000657
0.000651
0.073705
0.000936
0.000894
0.000889
0.000893
0.000889
0.000888
0.000890
0.000885
0.000891
0.072584
0.000715
0.000735
0.000708
0.000708
0.000712
0.000711
0.000713
0.000716
0.000715
0.071604
0.000770
0.000763
0.000764
0.000757
0.000782
0.000765
0.000764
0.000760
0.000805
0.071688
0.000723
0.000722
0.000716
0.000723
0.000717
0.000720
0.000712
0.000718
0.000716
0.073345
0.000831
0.000830
0.000832
0.000833
0.000832
0.000825
0.000831
0.000835
0.000820
0.072278
0.000936
0.000912
0.000896
0.000888
0.000883
0.000918
0.000886
0.000886
0.000881
0.070296
0.000811
0.000768
0.000769
0.000760
0.000795
0.000771
0.000768
0.000768
0.000761
0.072563
0.000816
0.000764
0.000768
0.000762
0.000771
0.000768
0.000762
0.000769
0.000769
0.072375
0.000735
0.000712
0.000711
0.000714
0.000710
0.000712
0.000714
0.000710
0.000713