total_time:
0.071152
0.000742
0.000731
0.000740
0.000725
0.000717
0.000759
0.000715
0.000724
0.000713
0.076751
0.000954
0.000967
0.000966
0.000982
0.001008
0.000979
0.001013
0.000989
0.001021
0.071491
0.000827
0.000783
0.000768
0.000783
0.000782
0.000773
0.000775
0.000768
0.000775
0.073127
0.000854
0.000858
0.000845
0.000844
0.000854
0.000834
0.000854
0.000855
0.000858
0.072206
0.000797
0.000785
0.000752
0.000801
0.000792
0.000778
0.000785
0.000779
0.000792
0.073429
0.000937
0.000902
0.000890
0.000909
0.000931
0.000906
0.000935
0.000953
0.000884
0.071946
0.000967
0.000977
0.000982
0.000984
0.000974
0.000975
0.001008
0.000992
0.000981
0.072585
0.000857
0.000904
0.000852
0.000845
0.000855
0.000875
0.000853
0.000860
0.000855
0.071002
0.000863
0.000899
0.000851
0.000850
0.000858
0.000829
0.000856
0.000851
0.000854
0.071430
0.000822
0.000783
0.000771
0.000783
0.000779
0.000772
0.000785
0.000775
0.000773