total_time:
0.072908
0.000432
0.000393
0.000391
0.000385
0.000387
0.000385
0.000385
0.000384
0.000390
0.071448
0.000524
0.000516
0.000517
0.000512
0.000543
0.000518
0.000515
0.000510
0.000552
0.070786
0.000431
0.000424
0.000425
0.000424
0.000423
0.000420
0.000422
0.000425
0.000418
0.072654
0.000480
0.000452
0.000454
0.000493
0.000449
0.000448
0.000451
0.000449
0.000448
0.070523
0.000419
0.000416
0.000417
0.000416
0.000415
0.000412
0.000416
0.000414
0.000414
0.073724
0.000477
0.000480
0.000477
0.000475
0.000476
0.000475
0.000524
0.000476
0.000473
0.071397
0.000517
0.000511
0.000511
0.000515
0.000511
0.000509
0.000538
0.000509
0.000509
0.070754
0.000454
0.000468
0.000448
0.000446
0.000476
0.000445
0.000449
0.000445
0.000447
0.070621
0.000457
0.000453
0.000451
0.000448
0.000468
0.000451
0.000450
0.000448
0.000448
0.073370
0.000424
0.000464
0.000419
0.000418
0.000417
0.000416
0.000422
0.000418
0.000417