total_time:
0.000526
0.000040
0.000039
0.000041
0.000037
0.000038
0.000038
0.000039
0.000037
0.000040
0.000289
0.000055
0.000052
0.000057
0.000052
0.000056
0.000051
0.000055
0.000052
0.000054
0.000299
0.000049
0.000045
0.000047
0.000081
0.000051
0.000048
0.000068
0.000044
0.000044
0.000575
0.000056
0.000051
0.000051
0.000048
0.000051
0.000049
0.000050
0.000049
0.000068
0.000441
0.000047
0.000046
0.000047
0.000046
0.000046
0.000044
0.000045
0.000045
0.000044
0.000590
0.000054
0.000048
0.000050
0.000048
0.000050
0.000048
0.000052
0.000047
0.000050
0.000588
0.000060
0.000054
0.000057
0.000054
0.000056
0.000055
0.000056
0.000054
0.000056
0.000373
0.000055
0.000049
0.000052
0.000049
0.000049
0.000048
0.000049
0.000048
0.000051
0.000302
0.000053
0.000050
0.000050
0.000049
0.000051
0.000047
0.000053
0.000047
0.000053
0.000295
0.000043
0.000041
0.000043
0.000040
0.000040
0.000041
0.000043
0.000041
0.000041