total_time:
0.553706
0.464296
0.468278
0.464477
0.464567
0.464515
0.464643
0.464586
0.464558
0.464537
0.561885
0.471941
0.475980
0.472718
0.472345
0.472363
0.472403
0.472679
0.472433
0.472505
0.578439
0.487263
0.491534
0.487572
0.487503
0.487212
0.487462
0.486994
0.487199
0.487191
0.564027
0.473379
0.477919
0.474216
0.474135
0.474276
0.474159
0.474125
0.474335
0.474031
0.568173
0.477631
0.481952
0.478247
0.478236
0.478017
0.477956
0.477925
0.478070
0.478114
0.553920
0.463194
0.467086
0.463713
0.463545
0.463512
0.463293
0.463379
0.463839
0.463434
0.565562
0.475108
0.480201
0.476689
0.476228
0.476363
0.476048
0.476187
0.475930
0.476180
0.563698
0.471624
0.475695
0.471827
0.471862
0.471781
0.471624
0.471528
0.471162
0.471267
0.551966
0.460356
0.464860
0.461256
0.461041
0.461121
0.461250
0.461152
0.461023
0.460862
0.561239
0.471294
0.475194
0.472113
0.471981
0.471850
0.471713
0.471863
0.471932
0.472051