total_time:
0.455426
0.385700
0.385310
0.383414
0.383904
0.382243
0.384590
0.384023
0.383956
0.383867
0.469878
0.395408
0.394795
0.393800
0.393014
0.388798
0.393024
0.392613
0.391588
0.394855
0.457786
0.384899
0.383745
0.388729
0.385931
0.385037
0.384893
0.384319
0.385847
0.383567
0.460909
0.385809
0.383774
0.385406
0.381696
0.382763
0.382560
0.384660
0.384021
0.384881
0.486020
0.397533
0.395042
0.396595
0.397773
0.395346
0.397802
0.395966
0.393760
0.393588
0.466201
0.395292
0.391419
0.392838
0.392992
0.392558
0.384649
0.382536
0.383246
0.382178
0.466031
0.397492
0.391189
0.393200
0.393557
0.392486
0.393897
0.391439
0.391872
0.391895
0.458182
0.386223
0.387066
0.382922
0.385252
0.383998
0.384314
0.383914
0.385258
0.385550
0.457123
0.386831
0.382366
0.385422
0.384191
0.384633
0.383928
0.381896
0.383379
0.384032
0.472144
0.394882
0.395028
0.391100
0.392860
0.393372
0.393248
0.393898
0.393817
0.394008