compile_opencl_time:
0.076246
0.077510
0.081144
0.074850
0.074832
0.079314
0.080035
0.079180
0.080409
0.079870
total_time:
0.050404
0.053250
0.048502
0.049183
0.051564
0.048676
0.049253
0.048035
0.048741
0.051278
0.050347
0.051255
0.046441
0.046006
0.047074
0.047093
0.046782
0.046983
0.046887
0.048834
0.056403
0.054619
0.053052
0.057754
0.052689
0.050943
0.050277
0.055211
0.051716
0.049679
0.055487
0.055523
0.048024
0.049497
0.051765
0.049000
0.051457
0.049296
0.050384
0.051191
0.054076
0.057868
0.058144
0.051263
0.051079
0.051471
0.052759
0.051194
0.051004
0.051771
0.054921
0.055390
0.048624
0.048738
0.050721
0.051018
0.049683
0.050906
0.051795
0.050912
0.057014
0.056405
0.051963
0.051261
0.051554
0.053585
0.052785
0.051666
0.051855
0.051108
0.057212
0.053980
0.050744
0.052652
0.050179
0.050143
0.050279
0.051685
0.051598
0.050795
0.056560
0.053470
0.048507
0.050382
0.047969
0.050349
0.051474
0.051348
0.053787
0.050308
0.054789
0.053516
0.050406
0.050078
0.048686
0.050957
0.050076
0.051521
0.050222
0.050156