total_time:
0.082162
0.003474
0.003377
0.003413
0.003403
0.003420
0.003356
0.003359
0.003358
0.003401
0.084349
0.003349
0.003240
0.003282
0.003260
0.003276
0.003238
0.003271
0.003268
0.003267
0.088635
0.003388
0.003319
0.003325
0.003336
0.003332
0.003338
0.003334
0.003344
0.003405
0.079839
0.003326
0.003250
0.003248
0.003260
0.003260
0.003245
0.003252
0.003259
0.003278
0.089736
0.003466
0.003385
0.003378
0.003385
0.003395
0.003361
0.003394
0.003429
0.003384
0.084217
0.003412
0.003345
0.003330
0.003373
0.003336
0.003345
0.003394
0.003339
0.003342
0.077442
0.003299
0.003257
0.003209
0.003212
0.003216
0.003191
0.003217
0.003206
0.003234
0.085049
0.003466
0.003402
0.003426
0.003403
0.003405
0.003384
0.003387
0.003400
0.003425
0.085032
0.003440
0.003361
0.003396
0.003414
0.003365
0.003420
0.003362
0.003405
0.003369
0.081302
0.003389
0.003304
0.003311
0.003325
0.003354
0.003308
0.003305
0.003323
0.003319