total_time:
0.004563
0.003171
0.003083
0.003492
0.003374
0.003352
0.003556
0.003375
0.003625
0.003842
0.003703
0.003613
0.003174
0.003364
0.003353
0.003342
0.004439
0.005129
0.004176
0.003097
0.005451
0.003442
0.003108
0.003123
0.003778
0.003295
0.003324
0.003515
0.003668
0.003296
0.005042
0.004864
0.004926
0.003536
0.003115
0.003278
0.003334
0.003772
0.003590
0.003363
0.004684
0.003180
0.003148
0.003196
0.003530
0.003361
0.003382
0.003391
0.003411
0.003378
0.005143
0.003879
0.003592
0.002926
0.003012
0.003206
0.003692
0.003409
0.003446
0.003364
0.003729
0.003560
0.004006
0.003411
0.003535
0.003554
0.003568
0.003657
0.003622
0.003937
0.003262
0.003202
0.003526
0.003174
0.003255
0.003576
0.003291
0.003599
0.003359
0.003435
0.005121
0.003766
0.003144
0.003151
0.003201
0.003585
0.003239
0.003168
0.003333
0.003296
0.004986
0.003888
0.003190
0.003093
0.003687
0.003709
0.003533
0.003391
0.003526
0.003363