total_time:
0.083604
0.002900
0.002801
0.002762
0.002788
0.002794
0.002791
0.002798
0.002795
0.002865
0.078175
0.002925
0.002833
0.002821
0.002822
0.002840
0.002819
0.002812
0.002819
0.002855
0.080956
0.002919
0.002834
0.002826
0.002823
0.002830
0.002850
0.002824
0.002853
0.002871
0.081043
0.002865
0.002784
0.002773
0.002772
0.002783
0.002790
0.002779
0.002804
0.002776
0.078273
0.003095
0.003013
0.002996
0.003011
0.003010
0.003027
0.003048
0.003004
0.003055
0.082556
0.002788
0.002692
0.002687
0.002704
0.002673
0.002729
0.002700
0.002739
0.002680
0.078022
0.002895
0.002799
0.002782
0.002793
0.002802
0.002791
0.002789
0.002834
0.002834
0.079644
0.002838
0.002752
0.002729
0.002742
0.002743
0.002745
0.002728
0.002749
0.002742
0.078836
0.002944
0.002876
0.002828
0.002846
0.002862
0.002860
0.002849
0.002873
0.002881
0.079587
0.002926
0.002839
0.002797
0.002866
0.002845
0.002911
0.002822
0.002842
0.002832