total_time:
0.077485
0.001905
0.001864
0.001854
0.001857
0.001847
0.001848
0.001862
0.001859
0.001852
0.077151
0.001883
0.001859
0.001829
0.001826
0.001814
0.001822
0.001818
0.001814
0.001816
0.078249
0.001879
0.001836
0.001839
0.001827
0.001830
0.001823
0.001839
0.001825
0.001828
0.092925
0.001877
0.001824
0.001818
0.001823
0.001817
0.001818
0.001823
0.001820
0.001823
0.080811
0.001966
0.001914
0.001908
0.001902
0.001900
0.001900
0.001899
0.001897
0.001899
0.077786
0.001847
0.001806
0.001795
0.001797
0.001800
0.001796
0.001793
0.001799
0.001794
0.080014
0.001913
0.001860
0.001857
0.001854
0.001863
0.001860
0.001859
0.001857
0.001862
0.075718
0.001881
0.001829
0.001828
0.001819
0.001842
0.001817
0.001862
0.001820
0.001820
0.079096
0.001971
0.001867
0.001862
0.001862
0.001860
0.001860
0.001870
0.001862
0.001892
0.081565
0.001936
0.001885
0.001882
0.001878
0.001872
0.001875
0.001876
0.001878
0.001881