compile_opencl_time:
0.002203
0.002314
0.002195
0.002159
0.002203
0.002207
0.002192
0.002241
0.002210
0.002310
total_time:
0.002422
0.002361
0.002318
0.002362
0.002324
0.002318
0.002312
0.002317
0.002373
0.002356
0.002440
0.002371
0.002318
0.002284
0.002298
0.002293
0.002291
0.002333
0.002298
0.002401
0.002377
0.002315
0.002269
0.002297
0.002282
0.002280
0.002280
0.002279
0.002338
0.002273
0.002394
0.002300
0.002257
0.002262
0.002300
0.002277
0.002269
0.002267
0.002275
0.002299
0.002533
0.002439
0.002403
0.002429
0.002450
0.002498
0.002467
0.002411
0.002427
0.002410
0.002392
0.002265
0.002246
0.002225
0.002231
0.002239
0.002237
0.002231
0.002248
0.002237
0.002481
0.002387
0.002351
0.002356
0.002366
0.002361
0.002352
0.002358
0.002357
0.002367
0.002383
0.002313
0.002273
0.002271
0.002280
0.002278
0.002317
0.002272
0.002277
0.002334
0.002442
0.002375
0.002337
0.002342
0.002345
0.002345
0.002342
0.002346
0.002370
0.002385
0.002465
0.002396
0.002374
0.002398
0.002363
0.002359
0.002404
0.002431
0.002358
0.002385