select_time:
0.000007
0.000007
0.000006
0.000006
0.000007
0.000006
0.000006
0.000007
0.000007
0.000006

total_time:
0.000685
0.000362
0.000557
0.000552
0.000551
0.000540
0.000578
0.000543
0.000525
0.000516
0.000725
0.000382
0.000358
0.000374
0.000391
0.000385
0.000382
0.000379
0.000379
0.000378
0.000647
0.000357
0.000387
0.000373
0.000367
0.000371
0.000364
0.000355
0.000349
0.000350
0.000643
0.000347
0.000328
0.000327
0.000321
0.000314
0.000315
0.000316
0.000310
0.000311
0.000655
0.000425
0.000432
0.000411
0.000412
0.000394
0.000395
0.000383
0.000373
0.000382
0.000645
0.000386
0.000342
0.000354
0.000348
0.000345
0.000341
0.000342
0.000341
0.000340
0.000656
0.000339
0.000323
0.000317
0.000318
0.000319
0.000315
0.000316
0.000315
0.000312
0.000730
0.000607
0.000757
0.000756
0.000740
0.000736
0.000683
0.000684
0.000649
0.000351
0.000672
0.000333
0.000308
0.000305
0.000307
0.000306
0.000305
0.000304
0.000302
0.000300
0.000662
0.000329
0.000321
0.000313
0.000315
0.000319
0.000312
0.000312
0.000316
0.000312
