total_time:
0.467199
0.395380
0.394636
0.394927
0.394806
0.394764
0.394896
0.395015
0.394824
0.394928
0.471064
0.396574
0.395585
0.395597
0.395453
0.395603
0.395181
0.395163
0.395158
0.395177
0.466001
0.392842
0.391775
0.391589
0.391946
0.392025
0.392239
0.392241
0.391908
0.391477
0.469994
0.398011
0.396432
0.396373
0.396518
0.396387
0.396055
0.395970
0.396321
0.396377
0.469487
0.393302
0.392107
0.392028
0.392226
0.392050
0.391888
0.391967
0.392271
0.392028
0.462899
0.391624
0.390580
0.390495
0.390244
0.390428
0.390672
0.390901
0.390833
0.390579
0.468947
0.395782
0.394873
0.394947
0.394792
0.394586
0.394844
0.394783
0.394631
0.394540
0.465979
0.394178
0.392463
0.392320
0.392268
0.392443
0.392426
0.392340
0.392478
0.392401
0.463842
0.392053
0.391603
0.391356
0.391166
0.391062
0.390924
0.391248
0.391382
0.391495
0.465925
0.393416
0.391703
0.391660
0.391742
0.391754
0.392027
0.392026
0.391978
0.392010