total_time:
1.006147
0.927193
0.922136
0.922832
0.926773
0.922768
0.923323
0.920051
0.918706
0.923647
1.000229
0.923809
0.920775
0.919302
0.927096
0.925190
0.925000
0.922928
0.927537
0.926121
0.995975
0.915202
0.909759
0.912674
0.915238
0.911750
0.910060
0.910424
0.915286
0.918259
0.998163
0.937048
0.949421
0.939942
0.949836
0.947169
0.948265
0.951134
0.943422
0.947403
0.996065
0.917452
0.919203
0.928020
0.920073
0.922364
0.920470
0.920148
0.922997
0.919002
0.983929
0.913498
0.915994
0.920048
0.914381
0.907547
0.914778
0.921303
0.915322
0.913225
1.000643
0.914506
0.917756
0.912437
0.925219
0.920262
0.919801
0.922012
0.918602
0.928683
0.993888
0.917264
0.922302
0.925997
0.922249
0.919766
0.920096
0.918235
0.917048
0.926000
0.991300
0.911443
0.918314
0.918162
0.914458
0.916622
0.918038
0.917803
0.916071
0.917539
0.994657
0.917725
0.913969
0.943391
0.922700
0.921599
0.923245
0.918069
0.918613
0.923688