total_time:
0.008654
0.008622
0.008618
0.008625
0.008623
0.008629
0.008621
0.008611
0.008624
0.00859
0.008587
0.00863
0.008664
0.008596
0.008576
0.008578
0.008651
0.008621
0.008613
0.008629
0.008621
0.008616
0.008606
0.008609
0.008649
0.008621
0.008609
0.00862
0.008621
0.008619
0.008612
0.008615
0.008645
0.008598
0.008608
0.008587
0.008607
0.008578
0.008599
0.008569
0.008642
0.008623
0.008608
0.008609
0.008611
0.008609
0.008599
0.008601
0.008636
0.008615
0.008609
0.008608
0.008622
0.008625
0.008613
0.008615
0.008651
0.008621
0.008611
0.008628
0.008621
0.008636
0.008621
0.008618
0.008628
0.008604
0.00859
0.008598
0.008596
0.0086
0.008585
0.008587
0.008655
0.008627
0.008618
0.008619
0.008625
0.008634
0.008616
0.008622
