total_time:
0.019619
0.01956
0.019553
0.019535
0.019551
0.019628
0.019624
0.019548
0.019468
0.019448
0.019443
0.019437
0.019431
0.019428
0.019417
0.019417
0.01947
0.019456
0.019445
0.019443
0.019429
0.019439
0.019476
0.019498
0.019515
0.019479
0.019487
0.019468
0.019493
0.019462
0.019439
0.019456
0.019479
0.019468
0.019468
0.01944
0.019429
0.019438
0.019443
0.019441
0.019489
0.019519
0.019504
0.019505
0.019481
0.019462
0.019472
0.019457
0.019506
0.019506
0.01949
0.019516
0.019485
0.019491
0.019515
0.019536
0.019486
0.019482
0.019485
0.019491
0.019441
0.019458
0.01943
0.01947
0.019491
0.019466
0.019452
0.019464
0.019445
0.019457
0.019447
0.019438
0.019468
0.019461
0.019441
0.019447
0.019445
0.019453
0.019438
0.01943
