compile_opencl_time:
0.00213
0.002108
0.002084
0.002138
0.002119
0.002065
0.0021
0.002066
total_time:
0.004967
0.004968
0.004897
0.004921
0.00488
0.004989
0.004985
0.004976
0.0049
0.005082
0.004601
0.004528
0.004542
0.004533
0.004512
0.004479
0.004532
0.004498
0.00447
0.004542
0.003396
0.003319
0.003349
0.003376
0.003297
0.003298
0.003284
0.003265
0.003291
0.003314
0.00445
0.004452
0.004384
0.004395
0.004437
0.004448
0.004478
0.004475
0.004441
0.00448
0.003678
0.003599
0.003595
0.003609
0.00363
0.003605
0.003632
0.00365
0.003665
0.003565
0.004453
0.004389
0.004366
0.004447
0.004371
0.00443
0.004381
0.004342
0.004298
0.004286
0.00332
0.003286
0.003264
0.003264
0.003254
0.003296
0.003306
0.003346
0.003317
0.003289
0.003973
0.003967
0.00394
0.003944
0.003968
0.003916
0.003968
0.003947
0.003845
0.003846
0.00484
0.004893
0.004906
0.004883
0.004913
0.004845
0.004884
0.004857
0.004897
0.004882
0.003496
0.003551
0.00352
0.003513
0.003509
0.003533
0.003468
0.003463
0.003418
0.003416
