total_time:
0.006102
0.006074
0.006114
0.006107
0.006139
0.006152
0.006237
0.006133
0.006163
0.00549
0.005489
0.005509
0.005476
0.005609
0.005575
0.005579
0.005596
0.005639
0.004079
0.00406
0.004114
0.004126
0.004062
0.004056
0.004101
0.004046
0.004129
0.005686
0.00565
0.005769
0.005725
0.005764
0.005714
0.005712
0.005704
0.005737
0.00463
0.004596
0.004631
0.004654
0.004606
0.004608
0.004627
0.004677
0.004584
0.005755
0.005834
0.005719
0.005608
0.005595
0.005596
0.005607
0.00562
0.005625
0.004135
0.004233
0.004185
0.004257
0.004172
0.004155
0.00411
0.004191
0.004125
0.004889
0.004897
0.004971
0.004975
0.004971
0.004934
0.005004
0.004992
0.004929
0.006135
0.006353
0.006302
0.00631
0.006143
0.006162
0.00621
0.006164
0.006181
0.004443
0.004477
0.004437
0.004424
0.004461
0.004486
0.004449
0.004538
0.00444
