total_time:
0.052188
0.051533
0.051657
0.051345
0.05164
0.051612
0.05143
0.051528
0.051624
0.052225
0.051581
0.05169
0.051432
0.051543
0.051663
0.051481
0.051487
0.051661
0.052005
0.051426
0.051319
0.051267
0.051239
0.051366
0.051253
0.051215
0.051348
0.051474
0.051642
0.051632
0.051411
0.05165
0.051605
0.051652
0.051583
0.052068
0.05129
0.051407
0.051268
0.051291
0.051405
0.051256
0.051386
0.051441
0.051276
0.051409
0.051555
0.051071
0.051111
0.051248
0.051288
0.051342
0.051724
0.051801
0.051664
0.05161
0.051765
0.051736
0.051597
0.051678
0.051598
0.051763
0.051649
0.051452
0.051654
0.051782
0.05142
0.051626
0.051472
0.051599
0.051759
0.051543
0.051769
0.051722
0.051552
0.051586
0.051577
0.05172
0.051582
0.051794
0.051662
0.051586
0.051525
0.051684
