total_time:
0.200391
0.117140
0.116114
0.116025
0.115980
0.116457
0.115978
0.115761
0.115723
0.115383
0.191388
0.113707
0.113213
0.112555
0.113732
0.111947
0.112934
0.112848
0.112566
0.112066
0.199997
0.114199
0.113090
0.112757
0.112482
0.112032
0.112766
0.112975
0.112514
0.112445
0.184617
0.112665
0.112205
0.113128
0.112569
0.111981
0.112493
0.111967
0.112158
0.112837
0.190293
0.117159
0.115811
0.115847
0.117117
0.116262
0.115495
0.115728
0.116140
0.116168
0.190693
0.116474
0.115326
0.115144
0.115588
0.115377
0.116361
0.116022
0.116196
0.114474
0.189443
0.117368
0.116075
0.116217
0.115269
0.115697
0.115936
0.116181
0.115429
0.116984
0.192964
0.113752
0.112227
0.111726
0.112038
0.112198
0.112102
0.111618
0.111889
0.111946
0.194885
0.114380
0.113196
0.113610
0.113025
0.112869
0.113853
0.113203
0.113446
0.112693
0.187831
0.114024
0.112903
0.112273
0.112453
0.112524
0.112663
0.112674
0.113063
0.113123