compile_opencl_time:
0.002287
0.002321
0.002320
0.002364
0.002342
0.002368
0.002356
0.002287
0.002326
0.002363
total_time:
0.054563
0.053959
0.053150
0.053174
0.053207
0.053157
0.053265
0.053155
0.053135
0.053177
0.054607
0.054042
0.053253
0.053175
0.053177
0.053212
0.053207
0.053156
0.053133
0.053147
0.054479
0.053968
0.053225
0.053203
0.053170
0.053188
0.053187
0.053159
0.053146
0.053142
0.054585
0.054041
0.053269
0.053261
0.053233
0.053228
0.053204
0.053223
0.053234
0.053206
0.054789
0.053992
0.053299
0.053309
0.053207
0.053250
0.053252
0.053333
0.053213
0.053226
0.054583
0.053923
0.053170
0.053203
0.053221
0.053153
0.053159
0.053193
0.053144
0.053120
0.054690
0.054061
0.053320
0.053287
0.053281
0.053401
0.053269
0.053255
0.053241
0.053423
0.054571
0.054021
0.053368
0.053144
0.053150
0.053222
0.053160
0.053164
0.053128
0.053137
0.054517
0.053941
0.053186
0.053181
0.053168
0.053171
0.053151
0.053186
0.053147
0.053146
0.054770
0.054017
0.053265
0.053274
0.053213
0.053218
0.053213
0.053214
0.053155
0.053165