total_time:
0.011371
0.012129
0.010448
0.011614
0.011510
0.011424
0.011458
0.011678
0.011976
0.011934
0.011639
0.012149
0.011256
0.011413
0.011653
0.011484
0.011591
0.011824
0.011584
0.011815
0.010700
0.011112
0.010570
0.010836
0.011635
0.011669
0.012098
0.011799
0.011996
0.011871
0.011722
0.012566
0.011093
0.011401
0.011832
0.011549
0.011525
0.011519
0.011478
0.011530
0.010757
0.011540
0.011131
0.011261
0.011500
0.011542
0.011692
0.011729
0.011756
0.011994
0.011412
0.012884
0.011576
0.011473
0.011655
0.011796
0.011740
0.011809
0.011853
0.011869
0.011973
0.012508
0.011380
0.011499
0.011474
0.011567
0.011670
0.011860
0.012022
0.011788
0.011238
0.012410
0.011416
0.011634
0.011541
0.011455
0.011441
0.011631
0.011880
0.011840
0.011286
0.012222
0.011258
0.011510
0.011769
0.011816
0.012068
0.011969
0.011861
0.012134
0.010805
0.011407
0.011152
0.011865
0.011801
0.012091
0.012157
0.012082
0.011767
0.012145