select_time:
0.000006
0.000007
0.000027
0.000008
0.000007
0.000007
0.000008
0.000007
0.000007
0.000007

total_time:
0.000958
0.000659
0.000642
0.000637
0.000640
0.000637
0.000642
0.000646
0.000638
0.000640
0.000862
0.483045
0.095400
0.000929
0.000918
0.000927
0.000924
0.000927
0.000925
0.000914
0.002613
0.001686
0.001899
0.001446
0.000724
0.000719
0.000722
0.000715
0.000715
0.000722
0.001012
0.000677
0.000659
0.000658
0.000660
0.000650
0.000654
0.000656
0.000653
0.000705
0.000965
0.000645
0.000626
0.000627
0.000617
0.000627
0.000620
0.000629
0.000673
0.000673
0.001031
0.001243
0.001207
0.001190
0.001142
0.000804
0.000694
0.000682
0.000694
0.000678
0.000991
0.001111
0.001129
0.001113
0.001079
0.001023
0.000738
0.000628
0.000638
0.000622
0.000914
0.000684
0.000694
0.000686
0.000658
0.000642
0.000623
0.000607
0.000608
0.000609
0.000955
0.000647
0.000628
0.000624
0.000617
0.000619
0.000630
0.000628
0.000627
0.000627
0.000929
0.000593
0.000579
0.000584
0.000584
0.000589
0.000588
0.000589
0.000619
0.000615
