total_time:
0.001741
0.001716
0.001719
0.001716
0.001714
0.00171
0.001721
0.001711
0.00171
0.001761
0.00173
0.001728
0.001725
0.001724
0.001717
0.001723
0.00172
0.001718
0.001768
0.001728
0.001738
0.001725
0.001726
0.001723
0.001732
0.001727
0.001753
0.001762
0.001734
0.001733
0.001729
0.001776
0.001769
0.001749
0.001725
0.001752
0.001748
0.00173
0.001762
0.001719
0.00172
0.001718
0.001723
0.001767
0.00172
0.001755
0.001724
0.00173
0.00173
0.001728
0.001725
0.00173
0.001728
0.001726
0.001773
0.001716
0.001713
0.001713
0.001714
0.001712
0.001715
0.001714
0.001717
0.001797
0.001779
0.001801
0.001767
0.001762
0.001766
0.001767
0.001819
0.001806
0.001766
0.00174
0.001736
0.001734
0.001734
0.001729
0.001733
0.001734
0.00173
0.001764
0.001727
0.001726
0.001725
0.001723
0.001723
0.001727
0.00177
0.001722
