compile_opencl_time:
0.002229
0.002241
0.002309
0.002343
0.002311
0.002295
0.002224
0.002328
0.002277
0.002377
total_time:
0.123101
0.123063
0.122992
0.123064
0.123011
0.122907
0.123116
0.123063
0.123373
0.123356
0.123409
0.123338
0.123389
0.123305
0.123324
0.123345
0.123771
0.123819
0.12382
0.123828
0.123694
0.123732
0.123801
0.123831
0.12353
0.123499
0.123397
0.123603
0.12341
0.123438
0.123434
0.123421
0.124121
0.123631
0.123547
0.123494
0.123507
0.123395
0.123463
0.123519
0.123666
0.123525
0.123551
0.123387
0.123662
0.123608
0.123441
0.123466
0.123371
0.123308
0.123373
0.123252
0.123202
0.123192
0.12327
0.123322
0.123494
0.123394
0.123529
0.123357
0.123271
0.123435
0.123406
0.123351
0.123021
0.123054
0.123193
0.123081
0.123041
0.122968
0.123055
0.122974
0.123375
0.123247
0.123298
0.123389
0.123331
0.123228
0.123394
0.123321
