total_time:
0.147539
0.147552
0.147178
0.14767
0.147397
0.147454
0.147314
0.1475
0.147832
0.147971
0.147801
0.147741
0.148032
0.147777
0.147958
0.147687
0.147588
0.147903
0.147607
0.147807
0.147605
0.14765
0.14789
0.147614
0.14755
0.14773
0.147624
0.147424
0.147898
0.147549
0.147607
0.147775
0.147836
0.147542
0.147674
0.147723
0.147543
0.147666
0.147757
0.147335
0.147408
0.147809
0.147771
0.147619
0.147499
0.147752
0.147665
0.147892
0.147324
0.147075
0.147027
0.147229
0.147073
0.147359
0.147083
0.147134
0.147584
0.147472
0.147556
0.147685
0.147402
0.147534
0.147591
0.14737
0.148253
0.147815
0.147948
0.148055
0.147983
0.147809
0.148212
0.148037
0.14774
0.147454
0.147741
0.147672
0.147861
0.14769
0.147713
0.147844
