total_time:
0.327633
0.32689
0.326565
0.324781
0.328452
0.32634
0.326494
0.326716
0.325973
0.328984
0.32893
0.328418
0.328203
0.328483
0.32919
0.329027
0.328543
0.328924
0.334399
0.331295
0.333481
0.335217
0.334454
0.335314
0.334522
0.334882
0.333868
0.326699
0.328437
0.327118
0.328285
0.32763
0.328226
0.32688
0.326353
0.326691
0.326361
0.325621
0.32627
0.325606
0.327812
0.326523
0.327731
0.325046
0.326069
0.329758
0.331075
0.330218
0.331071
0.330267
0.333511
0.332369
0.332232
0.331373
0.332157
0.325077
0.326146
0.326493
0.325473
0.326149
0.32513
0.326471
0.327163
0.327901
0.328942
0.326443
0.326139
0.326383
0.326333
0.327255
0.32775
0.327121
0.332065
0.332212
0.334144
0.332549
0.333429
0.333357
0.332322
0.333778
0.332637
0.32989
0.326841
0.327846
0.326948
0.328955
0.328457
0.328398
0.326772
