total_time:
1.852529
1.781376
1.790729
1.793799
1.797039
1.799951
1.800247
1.773698
1.783154
1.760434
1.854984
1.766037
1.768037
1.760585
1.750749
1.777648
1.765107
1.781232
1.783363
1.759783
1.828915
1.761495
1.759651
1.758407
1.752396
1.758173
1.759504
1.758532
1.782738
1.760412
1.851272
1.778180
1.762747
1.754287
1.764414
1.775176
1.753489
1.753944
1.758347
1.758026
1.842977
1.761882
1.787703
1.803502
1.803516
1.783904
1.780744
1.790879
1.775762
1.789793
1.843142
1.786508
1.784714
1.780722
1.785124
1.783623
1.776621
1.779318
1.789788
1.791706
1.858010
1.776435
1.774616
1.782926
1.794421
1.794827
1.812869
1.790048
1.789014
1.788901
1.836444
1.764084
1.761192
1.777563
1.766875
1.788760
1.801106
1.776561
1.773680
1.783552
1.836293
1.762174
1.761312
1.785193
1.772083
1.769416
1.771532
1.783801
1.769297
1.771001
1.843226
1.777203
1.772117
1.766987
1.792830
1.775618
1.793308
1.767829
1.779367
1.780882