total_time:
0.859066
0.790444
0.790671
0.790872
0.790035
0.789413
0.789113
0.789970
0.790267
0.789741
0.860326
0.790829
0.790779
0.790590
0.791213
0.791208
0.791359
0.791777
0.791986
0.791902
0.854304
0.787733
0.788351
0.787907
0.787968
0.787670
0.788042
0.787634
0.787763
0.788166
0.854966
0.788596
0.789286
0.788948
0.788717
0.789192
0.789593
0.789492
0.789045
0.789018
0.855377
0.788519
0.789178
0.789355
0.789196
0.788526
0.789108
0.789563
0.789442
0.789269
0.855346
0.789096
0.788345
0.788470
0.789080
0.788625
0.788719
0.788516
0.788532
0.788933
0.854228
0.788161
0.787044
0.787070
0.786885
0.787786
0.787438
0.787239
0.787446
0.788196
0.862650
0.790899
0.791288
0.791072
0.791214
0.791292
0.790908
0.790846
0.791051
0.791133
0.855167
0.789708
0.787858
0.788107
0.788028
0.788900
0.788557
0.788187
0.788353
0.788371
0.854237
0.787094
0.786061
0.785994
0.785910
0.786086
0.786372
0.786236
0.785626
0.785918