total_time:
0.213625
0.215441
0.212862
0.214336
0.216845
0.223473
0.239299
0.212744
0.223660
0.227325
0.210022
0.224340
0.224345
0.221822
0.223590
0.223621
0.226221
0.230040
0.221978
0.219421
0.214386
0.209586
0.213083
0.221553
0.210341
0.221606
0.214845
0.224338
0.218032
0.220353
0.209584
0.211182
0.220807
0.216297
0.220332
0.216761
0.223234
0.217227
0.214252
0.227309
0.213494
0.216159
0.210344
0.210735
0.218304
0.214105
0.211445
0.215266
0.216582
0.220869
0.214069
0.217497
0.219587
0.219227
0.215709
0.216579
0.214345
0.219914
0.214136
0.217599
0.206907
0.218326
0.217716
0.217360
0.214068
0.209123
0.214131
0.213774
0.215549
0.212871
0.212909
0.214742
0.218020
0.220732
0.217674
0.218316
0.214640
0.224356
0.215341
0.222709
0.210972
0.214359
0.211310
0.214178
0.214080
0.212813
0.207890
0.223248
0.224040
0.206286
0.204609
0.210176
0.209046
0.208356
0.217726
0.216426
0.214831
0.214527
0.216239
0.216324