select_time:
0.000009
0.000010
0.000009
0.000009
0.000010
0.000009
0.000010
0.000009
0.000009
0.000009

total_time:
0.258962
0.253035
0.276603
0.301123
0.300214
0.321641
0.303503
0.304268
0.329172
0.319693
0.215109
0.265953
0.286904
0.313318
0.311299
0.327935
0.311051
0.332711
0.318608
0.327706
0.214634
0.255075
0.288421
0.287244
0.288861
0.296220
0.295669
0.308293
0.295682
0.306023
0.210332
0.241369
0.276107
0.296020
0.299998
0.307333
0.320492
0.305039
0.326265
0.332858
0.216493
0.259613
0.276450
0.302147
0.302322
0.294738
0.325108
0.329609
0.301502
0.323029
0.219557
0.259180
0.283436
0.292234
0.305298
0.304060
0.323877
0.310505
0.312527
0.309723
0.216762
0.262459
0.277245
0.311429
0.311797
0.306817
0.303037
0.309339
0.317162
0.287179
0.216573
0.254728
0.281041
0.307196
0.309179
0.306586
0.316636
0.306759
0.297088
0.307251
0.218907
0.268248
0.271999
0.284767
0.302678
0.325802
0.304457
0.311717
0.305556
0.318475
0.276290
0.275072
0.292446
0.295174
0.300994
0.305034
0.312454
0.309853
0.344921
0.310624
