compile_opencl_time:
0.002072
0.002053
0.002079
0.002097
0.002067
0.002098
0.00214
0.002101
0.002165
0.002174
total_time:
0.00068
0.000636
0.000657
0.00066
0.000631
0.000631
0.00063
0.000631
0.000633
0.000655
0.000701
0.000659
0.000635
0.000633
0.000631
0.000631
0.000656
0.000636
0.00063
0.00063
0.00073
0.00064
0.000679
0.000678
0.000632
0.00063
0.000686
0.000672
0.00063
0.000635
0.00071
0.000645
0.000636
0.000655
0.000632
0.000634
0.000659
0.000638
0.000631
0.000633
0.000678
0.000637
0.000653
0.000636
0.000632
0.000632
0.000629
0.000629
0.000629
0.00063
0.000683
0.000659
0.000635
0.000632
0.000657
0.000629
0.000636
0.000632
0.000629
0.000638
0.00068
0.000698
0.000631
0.000637
0.000631
0.000629
0.000631
0.000633
0.000629
0.000657
0.000683
0.000661
0.000631
0.000641
0.000637
0.00063
0.000631
0.000679
0.000634
0.000632
0.000691
0.000716
0.000684
0.000683
0.000688
0.000683
0.00068
0.000706
0.000684
0.000679
0.000641
0.000672
0.000643
0.000636
0.000636
0.000638
0.000635
0.000633
0.000641
