compile_opencl_time:
0.070946
0.07067
0.072808
0.07132
0.07091
0.071364
0.071957
0.07162
0.073166
0.07399
total_time:
0.000695
0.000573
0.000546
0.000545
0.000552
0.000544
0.000545
0.000544
0.000606
0.000634
0.0006
0.000592
0.000608
0.000571
0.000551
0.000575
0.000697
0.00084
0.000747
0.000598
0.000601
0.000594
0.000587
0.000562
0.000706
0.000637
0.000602
0.000627
0.000585
0.00056
0.000587
0.00055
0.000566
0.000696
0.000652
0.000593
0.000603
0.000576
0.000561
0.000595
0.000608
0.000577
0.000772
0.000538
0.000528
0.00052
0.000525
0.000547
0.000513
0.000618
0.000609
0.000604
0.000582
0.000621
0.000584
0.000587
0.000616
0.000595
0.000592
0.000574
0.000561
0.000531
0.000541
0.00056
0.000563
0.000719
0.000571
0.000578
0.000561
0.00055
0.000548
0.000546
0.000742
0.000639
0.000595
0.000668
0.00058
0.000605
0.000557
0.000581
0.000569
