total_time:
0.001889
0.002342
0.002441
0.002549
0.001902
0.002449
0.001893
0.002397
0.002426
0.002873
0.002769
0.002026
0.002083
0.002049
0.001825
0.002469
0.002442
0.002432
0.00281
0.002889
0.002806
0.002689
0.002691
0.00186
0.001897
0.002335
0.002423
0.002751
0.002782
0.002709
0.00197
0.001904
0.001924
0.001922
0.002422
0.001905
0.002029
0.002318
0.002255
0.002149
0.002181
0.001804
0.002346
0.001892
0.001847
0.00307
0.002857
0.002111
0.0026
0.002521
0.001865
0.001845
0.002365
0.001877
0.001944
0.00189
0.002445
0.002206
0.001882
0.002404
0.001887
0.001876
0.001859
0.002919
0.002934
0.00292
0.002785
0.002743
0.002014
0.002602
0.002459
0.002339
0.002426
0.002361
0.002401
0.002464
0.002565
0.002366
0.002434
0.002508
0.00251
0.00203
0.002436
0.002365
0.002377
0.002493
0.002429
0.00247
0.002434
0.002455
