total_time:
0.008834
0.008714
0.007965
0.008111
0.008478
0.008207
0.008309
0.008444
0.008531
0.008464
0.007451
0.007771
0.007055
0.006967
0.007103
0.007565
0.007703
0.007799
0.007803
0.007989
0.007236
0.007501
0.006850
0.007723
0.007730
0.007925
0.007894
0.007739
0.008099
0.007752
0.007189
0.007090
0.006801
0.006913
0.007106
0.007047
0.007712
0.007944
0.008186
0.008041
0.007859
0.008293
0.007571
0.007976
0.008254
0.008325
0.008351
0.008349
0.008084
0.008278
0.007683
0.008168
0.007732
0.008137
0.008199
0.008339
0.008384
0.008520
0.008486
0.008555
0.011924
0.009779
0.007246
0.007595
0.007847
0.007821
0.007701
0.007569
0.007667
0.007739
0.007680
0.008285
0.007514
0.007854
0.008030
0.008154
0.008060
0.008177
0.008351
0.008298
0.007598
0.008136
0.007672
0.007748
0.007902
0.008247
0.008012
0.008518
0.008465
0.008331
0.008068
0.008101
0.007519
0.007819
0.008099
0.008243
0.008124
0.008121
0.008072
0.008372