total_time:
0.004158
0.003872
0.00384
0.003843
0.003865
0.003833
0.003811
0.003806
0.003949
0.004008
0.004431
0.003996
0.003897
0.003885
0.003907
0.003856
0.003844
0.003857
0.003835
0.003846
0.003926
0.003338
0.003265
0.003274
0.003267
0.003267
0.003269
0.003337
0.003245
0.003267
0.004418
0.003931
0.003902
0.003913
0.003885
0.00394
0.003939
0.003978
0.004063
0.004066
0.004227
0.003731
0.003585
0.003606
0.003569
0.003597
0.003559
0.003824
0.003821
0.003819
0.004269
0.003847
0.00379
0.003805
0.003777
0.003797
0.003771
0.003871
0.003869
0.003947
0.00385
0.003417
0.003364
0.003369
0.003382
0.00334
0.003366
0.003335
0.003409
0.003438
0.003608
0.003145
0.003139
0.003081
0.00315
0.003072
0.003207
0.003256
0.003372
0.00338
0.004191
0.003562
0.003558
0.003551
0.003517
0.003516
0.003479
0.003516
0.003553
0.003677
0.004213
0.003782
0.003769
0.003734
0.003779
0.003726
0.003907
0.003895
0.003963
0.00399
