total_time:
0.031199
0.031083
0.031311
0.03118
0.031113
0.031367
0.030996
0.031107
0.031119
0.031818
0.031993
0.031997
0.032083
0.032182
0.032127
0.032191
0.032566
0.032182
0.028781
0.028616
0.028831
0.028799
0.028759
0.028701
0.028838
0.028883
0.028763
0.032224
0.03204
0.031988
0.03198
0.031939
0.03186
0.031831
0.031915
0.032044
0.028944
0.028838
0.028657
0.028739
0.028814
0.028782
0.028824
0.028714
0.028742
0.031835
0.031704
0.031856
0.031788
0.031956
0.031766
0.032341
0.032122
0.03205
0.027739
0.027526
0.027713
0.027528
0.027508
0.027669
0.02774
0.027568
0.027669
0.027087
0.026769
0.026835
0.026884
0.026879
0.026911
0.026829
0.027036
0.026831
0.031646
0.031483
0.031438
0.031401
0.031405
0.031376
0.031353
0.031325
0.031396
0.031156
0.031168
0.031107
0.031064
0.031131
0.031132
0.031218
0.031079
0.031164
