select_time:
0.000007
0.000010
0.000011
0.000012
0.000013
0.000012
0.000013
0.000011
0.000010
0.000008

total_time:
0.009015
0.009615
0.007941
0.008218
0.008452
0.008745
0.008936
0.009184
0.009453
0.009578
0.012790
0.011440
0.009205
0.009398
0.009831
0.010005
0.010268
0.010558
0.010859
0.011686
0.011604
0.011028
0.008737
0.009388
0.009687
0.009976
0.010313
0.011839
0.011028
0.011084
0.013453
0.012734
0.010313
0.010654
0.011691
0.011214
0.011626
0.011726
0.012097
0.012156
0.013200
0.013337
0.010750
0.010961
0.011325
0.011626
0.011849
0.012097
0.012318
0.012544
0.013045
0.013153
0.010610
0.011167
0.012034
0.012103
0.012195
0.012583
0.012624
0.013163
0.213182
0.267643
0.167327
0.011677
0.011781
0.011963
0.012243
0.012379
0.012811
0.012775
0.012481
0.011760
0.009396
0.009745
0.009956
0.010201
0.010506
0.010823
0.011451
0.011703
0.010280
0.010349
0.008395
0.008756
0.008901
0.009214
0.009472
0.009600
0.009900
0.010125
0.011647
0.010469
0.008827
0.008378
0.008565
0.008827
0.009112
0.009257
0.009468
0.009754
