total_time:
1.62268
1.629808
1.629227
1.623271
1.633278
1.608587
1.599947
1.620616
1.59767
1.674707
1.606732
1.614392
1.601575
1.599654
1.603617
1.600367
1.611274
1.603755
1.613638
1.603654
1.604407
1.601364
1.61094
1.60412
1.604012
1.607072
1.598224
1.601657
1.591852
1.594085
1.598037
1.595727
1.667981
1.607966
1.600222
1.61009
1.608083
1.608843
1.605136
1.607607
1.614281
1.605385
1.610847
1.619389
1.619844
1.60349
1.617398
1.623629
1.596875
1.600471
1.591686
1.595035
1.591009
1.60018
1.598801
1.622488
1.629991
1.620679
1.643897
1.626133
1.62183
1.631509
1.632277
1.637149
1.62974
1.622871
1.635067
1.635926
1.635084
1.669445
1.647407
1.647515
1.63185
1.672458
1.6057
1.598405
1.608783
1.611465
1.602553
1.608842
1.610608
1.60966
1.596725
1.642966
1.630163
1.63449
1.636271
1.622135
1.639081
1.626625
1.639581
1.635141
