total_time:
0.449935
0.450047
0.449862
0.450347
0.450264
0.450163
0.450302
0.450406
0.451636
0.448073
0.448257
0.447912
0.448104
0.448156
0.448137
0.447933
0.4478
0.448198
0.451067
0.450884
0.451083
0.451056
0.450994
0.45096
0.450971
0.45086
0.450834
0.448708
0.448643
0.448493
0.44862
0.448984
0.449118
0.448831
0.448828
0.448942
0.451383
0.451045
0.451046
0.451027
0.45103
0.450991
0.450848
0.451064
0.450999
0.449073
0.448804
0.448832
0.449026
0.449157
0.449004
0.449009
0.448994
0.449026
0.451823
0.45191
0.451892
0.451737
0.451741
0.451671
0.451748
0.451956
0.451858
0.450925
0.450899
0.450715
0.450601
0.450736
0.450459
0.450665
0.450548
0.450735
0.450442
0.450534
0.45056
0.450478
0.450728
0.450266
0.450675
0.450344
0.450477
0.449189
0.448868
0.448799
0.449004
0.448926
0.449059
0.449034
0.44877
0.448863
