compile_opencl_time:
0.130727
0.132249
0.131018
0.137961
0.12963
0.131
0.130998
0.139081
0.138645
0.129589
total_time:
0.324643
0.311021
0.312687
0.312786
0.327364
0.312994
0.314753
0.314829
0.32544
0.326482
0.324454
0.313944
0.331779
0.316899
0.315047
0.317048
0.315444
0.317714
0.31478
0.3142
0.341288
0.348267
0.342185
0.345859
0.345943
0.346544
0.346299
0.325069
0.326127
0.344546
0.343088
0.329267
0.329588
0.32901
0.32691
0.337789
0.325528
0.336608
0.326173
0.329934
0.338089
0.348314
0.33829
0.337648
0.32811
0.333153
0.343172
0.342922
0.360479
0.346186
0.347551
0.326101
0.334095
0.337465
0.337751
0.331427
0.32417
0.345245
0.322289
0.351801
0.338764
0.344899
0.334739
0.327532
0.331669
0.347775
0.328297
0.336936
0.347173
0.332517
0.325182
0.332359
0.329103
0.332848
0.327256
0.327132
0.32867
0.335593
0.348453
0.351956
0.335666
0.348296
0.341204
0.358743
0.352946
0.34375
0.350073
0.330933
0.334955
0.337733
0.327579
0.335479
0.335294
0.32667
0.33396
0.335416
0.334432
0.327359
