total_time:
0.001515
0.001496
0.001491
0.00148
0.001483
0.001477
0.001479
0.001476
0.001479
0.001532
0.001505
0.001497
0.001496
0.001498
0.001496
0.001492
0.001508
0.001497
0.001524
0.001496
0.001569
0.001491
0.001493
0.001496
0.001508
0.001494
0.001486
0.001537
0.001506
0.001529
0.001513
0.001503
0.001501
0.001532
0.001505
0.001499
0.001527
0.001491
0.001495
0.001493
0.001497
0.001495
0.001501
0.001492
0.001485
0.00154
0.001503
0.00151
0.001505
0.001506
0.001511
0.001512
0.001546
0.001502
0.001528
0.001491
0.001492
0.0015
0.001493
0.001496
0.00149
0.001488
0.001497
0.001526
0.00149
0.001491
0.001486
0.00149
0.001534
0.001493
0.001544
0.001486
0.001507
0.001516
0.001529
0.001512
0.001508
0.001508
0.001505
0.001499
0.001552
0.001519
0.001513
0.001517
0.001516
0.001516
0.001518
0.001517
0.001509
