total_time:
0.000268
0.000266
0.000259
0.000271
0.000258
0.000257
0.000263
0.000264
0.000256
0.000265
0.000261
0.000263
0.000271
0.000259
0.000255
0.000258
0.000254
0.000265
0.000244
0.000244
0.000238
0.000238
0.000244
0.000241
0.000268
0.000267
0.000253
0.000264
0.000256
0.00026
0.000267
0.000256
0.000277
0.000264
0.000262
0.000282
0.000274
0.00027
0.000261
0.000281
0.000258
0.000268
0.000249
0.000246
0.00025
0.000245
0.00025
0.000244
0.000251
0.000254
0.000261
0.000263
0.000262
0.000267
0.000253
0.000253
0.000262
0.000268
0.000254
0.000271
0.000274
0.000261
0.000256
0.000266
0.000257
0.000256
0.000256
0.000257
0.000271
0.000264
0.000269
0.000255
0.000255
0.000254
0.000273
0.000253
0.000254
0.000266
0.000252
0.000264
0.000266
0.000268
0.000264
0.000255
0.000253
