total_time:
0.002113
0.002086
0.002107
0.002074
0.002068
0.002069
0.002087
0.002072
0.0021
0.002227
0.002207
0.002199
0.002196
0.002206
0.002207
0.002184
0.0022
0.002182
0.00215
0.002122
0.002102
0.002108
0.002103
0.002101
0.002116
0.002108
0.00212
0.002271
0.002242
0.002255
0.002237
0.002233
0.002226
0.002233
0.002223
0.002217
0.002177
0.002163
0.00216
0.002159
0.002152
0.002138
0.002173
0.002142
0.002182
0.002272
0.002252
0.002229
0.002249
0.002228
0.002237
0.002239
0.002236
0.002228
0.002187
0.002182
0.002148
0.00216
0.002146
0.002151
0.002159
0.002177
0.002155
0.00216
0.00214
0.00217
0.002139
0.00214
0.002163
0.002165
0.002144
0.002147
0.002229
0.002218
0.002196
0.00222
0.002191
0.002191
0.002273
0.002188
0.002192
0.002263
0.002239
0.002223
0.002232
0.002228
0.002227
0.002236
0.002219
0.002308
