total_time:
0.002126
0.002091
0.002093
0.002083
0.002088
0.00208
0.002079
0.002082
0.002091
0.002222
0.002174
0.002168
0.002185
0.002156
0.002148
0.002153
0.002155
0.002162
0.002178
0.002135
0.002133
0.002127
0.002142
0.002146
0.002133
0.002126
0.002169
0.002239
0.002222
0.002191
0.002202
0.002198
0.002199
0.002196
0.002273
0.002198
0.002179
0.002155
0.002144
0.002136
0.002133
0.002135
0.002149
0.002149
0.002134
0.00227
0.002244
0.002238
0.002243
0.002236
0.002231
0.002239
0.002229
0.002261
0.002217
0.002148
0.002145
0.002149
0.002147
0.002144
0.002128
0.002138
0.002181
0.002158
0.002123
0.002109
0.002116
0.002118
0.002107
0.002143
0.002108
0.002112
0.002224
0.002178
0.002173
0.002184
0.002177
0.002169
0.002167
0.002175
0.002186
0.002256
0.002215
0.002203
0.002225
0.00221
0.002208
0.002217
0.002209
0.002213
