total_time:
0.120053
0.117485
0.117538
0.117433
0.117421
0.117347
0.117578
0.117301
0.117458
0.120564
0.117922
0.118
0.117757
0.117854
0.117784
0.117854
0.117861
0.117824
0.118277
0.115557
0.115606
0.115493
0.115349
0.115362
0.115515
0.115517
0.115526
0.121595
0.119048
0.119125
0.118968
0.119149
0.119098
0.119036
0.119162
0.119236
0.123039
0.120614
0.120696
0.120533
0.120753
0.120636
0.120907
0.120642
0.120684
0.122976
0.120502
0.12063
0.120579
0.120459
0.120476
0.120321
0.120402
0.120612
0.12112
0.118607
0.118635
0.118586
0.118508
0.118544
0.118668
0.118786
0.118636
0.121914
0.119244
0.11906
0.119173
0.119123
0.119215
0.11919
0.119097
0.119101
0.118498
0.115957
0.116082
0.116144
0.115965
0.116134
0.115997
0.116121
0.116154
0.123064
0.120312
0.120162
0.120385
0.120392
0.12032
0.120267
0.120317
0.120259
