total_time:
0.137648
0.143394
0.154855
0.157458
0.157715
0.157836
0.159458
0.16014
0.159814
0.160642
0.123731
0.143387
0.140091
0.139284
0.139327
0.14137
0.137788
0.141288
0.14146
0.139953
0.130135
0.128004
0.123114
0.123492
0.122541
0.122859
0.12315
0.121812
0.123085
0.12262
0.153942
0.149786
0.144422
0.147417
0.147291
0.14837
0.166711
0.165779
0.165865
0.158501
0.157026
0.168071
0.159468
0.174795
0.174871
0.17605
0.177989
0.178129
0.177289
0.17782
0.160641
0.148215
0.142897
0.142384
0.145119
0.14296
0.144187
0.143202
0.143667
0.144449
0.131911
0.145954
0.14033
0.140168
0.140217
0.139971
0.142179
0.142019
0.141949
0.140373
0.137282
0.160611
0.162709
0.163649
0.165481
0.165331
0.166279
0.167574
0.16571
0.165982
0.125565
0.142372
0.138697
0.138506
0.14097
0.140552
0.141627
0.139709
0.142202
0.143275
0.149758
0.155927
0.152025
0.153219
0.155109
0.152629
0.151088
0.153742
0.152274
0.152969
