total_time:
0.183837
0.180713
0.18054
0.18069
0.181208
0.180738
0.180855
0.181222
0.181182
0.186125
0.183222
0.18365
0.18332
0.183451
0.183961
0.18325
0.183566
0.183403
0.181592
0.179075
0.178922
0.178787
0.179006
0.17917
0.179021
0.179258
0.178911
0.187575
0.184946
0.185071
0.184866
0.185088
0.184852
0.185085
0.184559
0.184985
0.188793
0.186168
0.186062
0.186271
0.186405
0.186527
0.185998
0.186131
0.186078
0.190034
0.187428
0.187392
0.187755
0.187586
0.188062
0.187316
0.187644
0.187618
0.186986
0.183756
0.184121
0.18384
0.183747
0.184
0.183666
0.184244
0.183537
0.187553
0.185183
0.184811
0.18511
0.185217
0.184994
0.18488
0.184947
0.184642
0.182776
0.180043
0.179979
0.180076
0.180283
0.180255
0.179799
0.180025
0.18044
0.189299
0.187058
0.186731
0.187406
0.186867
0.187444
0.187084
0.186522
0.18728
