total_time:
0.000598
0.00055
0.000546
0.000547
0.000542
0.000545
0.000571
0.000546
0.000549
0.00049
0.000483
0.000484
0.000482
0.000497
0.000479
0.000482
0.000515
0.000484
0.000551
0.000552
0.000548
0.000548
0.000592
0.000546
0.000575
0.000545
0.000542
0.000491
0.000483
0.000483
0.000481
0.000485
0.000522
0.000485
0.00048
0.000481
0.000553
0.000552
0.000547
0.00055
0.00056
0.000546
0.000551
0.00055
0.000547
0.000707
0.000727
0.000701
0.000699
0.000701
0.000747
0.000694
0.000725
0.000697
0.000489
0.000508
0.000486
0.000486
0.00053
0.000485
0.000482
0.000481
0.000482
0.000675
0.000668
0.000668
0.000667
0.000669
0.000696
0.000703
0.000666
0.000665
0.000761
0.000729
0.000728
0.000756
0.000726
0.000744
0.000754
0.000723
0.000727
0.00065
0.000653
0.000615
0.000609
0.000651
0.000608
0.000612
0.00061
0.000611
