select_time:
0.000011
0.000009
0.000009
0.000008
0.000010
0.000009
0.000008
0.000008
0.000009
0.000009

total_time:
0.009087
0.007336
0.006090
0.006193
0.006334
0.006377
0.006620
0.006816
0.006858
0.007086
0.009112
0.006882
0.005693
0.005810
0.005991
0.006040
0.006254
0.006470
0.006725
0.007083
0.009287
0.007482
0.006158
0.006306
0.006423
0.006544
0.006794
0.006911
0.007002
0.007273
0.007191
0.007103
0.005897
0.006260
0.006421
0.006645
0.006837
0.006927
0.007073
0.007262
0.007600
0.006775
0.005927
0.006006
0.006166
0.006213
0.006406
0.006603
0.006637
0.006945
0.009573
0.006858
0.005685
0.005868
0.005974
0.006088
0.006203
0.006637
0.006837
0.006853
0.009312
0.006740
0.005664
0.005870
0.005942
0.006103
0.006361
0.006667
0.006841
0.006870
0.006993
0.006357
0.005311
0.005460
0.005511
0.005645
0.005748
0.006394
0.006604
0.006645
0.007972
0.007654
0.006312
0.006507
0.006713
0.006757
0.006885
0.007118
0.007287
0.007332
0.010226
0.007166
0.005873
0.006008
0.006096
0.006232
0.006684
0.006922
0.007028
0.007285
