total_time:
0.000705
0.000693
0.000693
0.000698
0.000695
0.000695
0.000692
0.000697
0.000694
0.000775
0.000763
0.000761
0.000758
0.000766
0.000755
0.000788
0.000759
0.000755
0.000775
0.000764
0.000762
0.000761
0.000759
0.000757
0.000763
0.000756
0.000753
0.000844
0.000825
0.000833
0.00082
0.000834
0.000833
0.000834
0.000832
0.000827
0.000772
0.00076
0.000755
0.000757
0.000762
0.000753
0.000755
0.000751
0.000758
0.000774
0.000757
0.000759
0.000756
0.000753
0.000751
0.00075
0.000755
0.000761
0.000712
0.000694
0.000697
0.000705
0.000699
0.000692
0.000693
0.000694
0.000694
0.00084
0.000826
0.000828
0.000832
0.000829
0.000823
0.000828
0.000825
0.000829
0.000776
0.00081
0.000767
0.000756
0.00077
0.000752
0.000756
0.000755
0.000761
0.000842
0.00084
0.000833
0.000833
0.000826
0.000827
0.000847
0.000827
0.000833
