total_time:
0.001365
0.001355
0.001401
0.001394
0.001351
0.001355
0.001352
0.001353
0.001348
0.001479
0.001464
0.001462
0.001466
0.001467
0.00147
0.001462
0.001466
0.001462
0.001483
0.001471
0.001477
0.001469
0.001471
0.001466
0.001467
0.001458
0.001469
0.001611
0.001578
0.001574
0.001586
0.001586
0.001591
0.001587
0.001579
0.001588
0.001474
0.001478
0.001451
0.001459
0.001455
0.001475
0.001469
0.001475
0.001482
0.001476
0.001464
0.001469
0.001461
0.001491
0.001468
0.001468
0.001464
0.001458
0.001366
0.001399
0.001346
0.001346
0.001341
0.001357
0.001356
0.001351
0.00136
0.001593
0.001587
0.001575
0.001579
0.001571
0.001594
0.00158
0.001581
0.001578
0.00148
0.001461
0.001468
0.001471
0.001468
0.001463
0.001458
0.001505
0.001491
0.001609
0.00158
0.001582
0.001587
0.001585
0.001593
0.001584
0.001584
0.001584
