compile_opencl_time:
0.071325
0.069761
0.069807
0.071229
0.069026
0.069978
0.070643
0.069342
0.069849
0.069406
total_time:
0.001131
0.001017
0.000999
0.000957
0.000993
0.000927
0.000955
0.000933
0.000936
0.001474
0.001225
0.001052
0.001079
0.001037
0.001107
0.001082
0.001168
0.001118
0.001091
0.001206
0.001134
0.001134
0.001042
0.001212
0.001275
0.001123
0.00113
0.001067
0.001263
0.00118
0.001115
0.0011
0.001078
0.00106
0.001154
0.001194
0.001101
0.001491
0.001292
0.001316
0.001209
0.001073
0.001068
0.00101
0.000982
0.00102
0.001472
0.001316
0.001094
0.001087
0.001075
0.001056
0.001066
0.000974
0.001026
0.001434
0.001381
0.00105
0.000993
0.001004
0.000974
0.001007
0.000923
0.000993
0.001163
0.001097
0.001095
0.001098
0.001109
0.001104
0.001109
0.001386
0.001122
0.001261
0.00124
0.001312
0.001074
0.001125
0.001072
0.001117
0.001316
0.001197
0.001147
0.001186
0.001129
0.001152
0.001143
0.001192
0.001194
