total_time:
0.381905
0.308962
0.306775
0.307551
0.307539
0.307531
0.307522
0.307639
0.307544
0.307446
0.378496
0.305887
0.303779
0.303506
0.303757
0.303386
0.303833
0.303451
0.303887
0.303332
0.383154
0.307475
0.304959
0.304775
0.304967
0.305248
0.305994
0.305970
0.305845
0.306402
0.381443
0.309512
0.308064
0.307796
0.308328
0.307982
0.309104
0.310797
0.308360
0.308132
0.388714
0.311880
0.310434
0.310652
0.310230
0.308675
0.308672
0.308884
0.308949
0.308657
0.378747
0.307587
0.304975
0.306995
0.308947
0.307234
0.306519
0.304811
0.305189
0.305101
0.378602
0.306440
0.304592
0.304305
0.304623
0.304603
0.304935
0.304450
0.304832
0.304295
0.382493
0.306781
0.304896
0.304313
0.304429
0.304519
0.304277
0.304617
0.305681
0.307392
0.386627
0.307877
0.306564
0.306033
0.306086
0.305005
0.305365
0.305068
0.304929
0.305387
0.381855
0.308373
0.306206
0.307588
0.306872
0.306721
0.307182
0.307037
0.306854
0.307146