total_time:
0.160733
0.167251
0.154084
0.153275
0.153168
0.154494
0.155703
0.159403
0.158406
0.160163
0.150867
0.155044
0.142527
0.141585
0.143570
0.143113
0.140277
0.142671
0.141142
0.142738
0.141705
0.141550
0.130618
0.129500
0.130565
0.131553
0.131182
0.130375
0.131007
0.132577
0.162055
0.164524
0.154817
0.158340
0.158285
0.156714
0.159079
0.158701
0.158786
0.158492
0.239704
0.251347
0.244505
0.245245
0.231367
0.229117
0.226489
0.226774
0.227516
0.231665
0.142355
0.158655
0.148403
0.149077
0.149991
0.149686
0.150776
0.149335
0.149954
0.150708
0.143628
0.156973
0.149353
0.150441
0.149655
0.145133
0.143354
0.142785
0.145028
0.144119
0.148129
0.151959
0.139745
0.138466
0.143290
0.144645
0.144099
0.141606
0.143254
0.144321
0.156791
0.168431
0.154903
0.159528
0.158361
0.159500
0.158330
0.155426
0.157837
0.157486
0.155310
0.162582
0.151049
0.150096
0.149348
0.148872
0.150654
0.153411
0.154470
0.153621