compile_opencl_time:
0.122985
0.123585
0.12532
0.13109
0.12274
0.130849
0.130155
0.124027
0.130189
0.125432
total_time:
0.001412
0.001395
0.001526
0.001437
0.001454
0.001379
0.001509
0.001398
0.001396
0.001529
0.001545
0.001648
0.001504
0.001721
0.001482
0.001531
0.001603
0.001527
0.00126
0.001289
0.001337
0.001287
0.00127
0.001268
0.001284
0.001461
0.001337
0.001123
0.001129
0.001064
0.001179
0.001146
0.001031
0.001047
0.001076
0.001074
0.001145
0.001275
0.001028
0.000963
0.001021
0.001005
0.000992
0.000971
0.001042
0.001364
0.001706
0.001496
0.001401
0.001402
0.001388
0.001485
0.001567
0.001415
0.001288
0.00122
0.00113
0.001276
0.001156
0.001128
0.001214
0.001245
0.001189
0.001844
0.001931
0.001855
0.001893
0.002155
0.001847
0.002085
0.001967
0.001969
0.001806
0.001603
0.001601
0.001658
0.001585
0.001646
0.001685
0.001689
0.001643
0.001386
0.001283
0.001314
0.001223
0.001315
0.001298
0.001269
0.001479
0.001239
