compile_opencl_time:
0.070268
0.069377
0.067062
0.068443
0.069838
0.067689
0.06792
0.070531
0.070344
0.070435
total_time:
0.001224
0.001063
0.001294
0.001213
0.001169
0.001308
0.001218
0.000899
0.000846
0.001587
0.00159
0.001148
0.001127
0.001107
0.001079
0.001044
0.00102
0.001077
0.0016
0.00143
0.001042
0.000998
0.001
0.001031
0.001011
0.001017
0.000978
0.001694
0.001469
0.001486
0.00132
0.0012
0.00134
0.001239
0.001432
0.001485
0.001333
0.001533
0.001196
0.001079
0.001108
0.001129
0.001081
0.00101
0.00107
0.001011
0.001067
0.001507
0.001426
0.001061
0.001021
0.000995
0.000969
0.001001
0.000991
0.001012
0.00102
0.001615
0.00138
0.001106
0.001049
0.001064
0.001128
0.001042
0.001056
0.001019
0.001046
0.001694
0.001513
0.00118
0.001232
0.001217
0.001198
0.001133
0.001185
0.001153
0.001276
0.001088
0.001107
0.001025
0.001122
0.001116
0.001096
0.001107
0.001167
0.001426
0.001185
0.001311
0.001123
0.001159
0.001096
0.001105
0.001052
0.00108
0.00114
