total_time:
0.0411
0.041176
0.041184
0.041128
0.041127
0.041127
0.041016
0.041107
0.041272
0.041243
0.041221
0.0412
0.041124
0.041023
0.041112
0.041024
0.04105
0.041115
0.04117
0.041063
0.041107
0.041102
0.041076
0.041134
0.04111
0.041062
0.041051
0.041003
0.041096
0.041016
0.041038
0.04104
0.041332
0.0414
0.041357
0.041056
0.041108
0.04102
0.041008
0.041052
0.041125
0.041012
0.041046
0.041048
0.040973
0.041114
0.040941
0.041069
0.041019
0.041126
0.041001
0.040998
0.040943
0.041055
0.041048
0.04097
0.041302
0.041026
0.041004
0.041127
0.041012
0.041
0.041092
0.040984
0.041261
0.041232
0.040995
0.040961
0.041115
0.041202
0.040976
0.040917
0.041459
0.041335
0.041354
0.041101
0.041033
0.041122
0.041034
0.041071
