total_time:
0.004651
0.004317
0.004384
0.00465
0.004938
0.004921
0.004902
0.004958
0.005069
0.005081
0.005118
0.004945
0.004959
0.005091
0.005082
0.005177
0.005173
0.005228
0.005287
0.005296
0.005185
0.004729
0.004564
0.004802
0.004927
0.005007
0.005076
0.005001
0.005236
0.005095
0.0052
0.005033
0.004973
0.005206
0.005295
0.005361
0.005516
0.005421
0.005461
0.005527
0.005003
0.004786
0.004737
0.00487
0.005055
0.005159
0.005163
0.005305
0.005304
0.005269
0.005957
0.005912
0.005988
0.005988
0.006162
0.005964
0.006237
0.006312
0.006229
0.006211
0.005333
0.004648
0.004718
0.00486
0.005046
0.005132
0.005089
0.005234
0.005223
0.005335
0.005878
0.005753
0.005775
0.006011
0.006053
0.006203
0.006444
0.006435
0.006468
0.006441
0.006143
0.00551
0.005459
0.005803
0.006099
0.006164
0.006091
0.006105
0.006062
0.006282
0.004988
0.005128
0.005151
0.005264
0.005256
0.005418
0.005395
0.005413
0.005497
0.005637
