total_time:
0.011749
0.011392
0.011355
0.011387
0.011367
0.011336
0.011342
0.011334
0.01133
0.011419
0.011024
0.010989
0.011026
0.011025
0.011005
0.010995
0.010976
0.010983
0.011998
0.011652
0.011619
0.011728
0.011661
0.011596
0.011699
0.011642
0.011582
0.011822
0.011528
0.011476
0.011562
0.01151
0.011416
0.011449
0.011532
0.011513
0.012002
0.011691
0.011565
0.01162
0.011591
0.011574
0.011589
0.011576
0.011577
0.01358
0.013224
0.013177
0.013176
0.013172
0.01317
0.013164
0.013142
0.013151
0.012486
0.012128
0.012112
0.012094
0.012086
0.01207
0.012068
0.012045
0.012081
0.01303
0.012586
0.012623
0.012665
0.012597
0.012684
0.012666
0.012659
0.012608
0.013561
0.013223
0.013182
0.01318
0.01316
0.013156
0.013158
0.013158
0.013159
0.012657
0.012288
0.012283
0.012295
0.012298
0.012282
0.012257
0.012263
0.012262
