total_time:
0.000567
0.000553
0.000547
0.000545
0.000542
0.000542
0.000543
0.00054
0.000548
0.000564
0.000565
0.000554
0.000547
0.000547
0.000547
0.000544
0.000544
0.000548
0.000532
0.000522
0.000522
0.000517
0.000514
0.000519
0.000516
0.000525
0.000516
0.000546
0.000533
0.000526
0.000519
0.000516
0.000517
0.000515
0.000526
0.000516
0.000656
0.000643
0.000638
0.000635
0.000646
0.000633
0.000638
0.00063
0.000631
0.000537
0.000522
0.000532
0.000543
0.000517
0.000516
0.000514
0.000522
0.000515
0.000564
0.000557
0.000552
0.000546
0.000548
0.000546
0.000544
0.000551
0.000543
0.000609
0.000548
0.000546
0.00055
0.000545
0.000543
0.000545
0.000543
0.000542
0.000725
0.000649
0.000646
0.000651
0.000633
0.000632
0.000637
0.000559
0.00055
0.000596
0.00055
0.000568
0.000549
0.000543
0.00054
0.00054
