total_time:
0.003509
0.003607
0.003649
0.003454
0.003343
0.002912
0.003104
0.003151
0.003053
0.003867
0.003727
0.003587
0.003392
0.003017
0.002936
0.002897
0.002991
0.002915
0.003357
0.00344
0.003411
0.002938
0.002989
0.002842
0.002989
0.00285
0.002971
0.00369
0.003683
0.00348
0.002922
0.002954
0.002913
0.002944
0.002934
0.002942
0.004216
0.003936
0.003751
0.003404
0.003246
0.003224
0.00309
0.003306
0.003192
0.003374
0.003378
0.003474
0.003216
0.002979
0.002979
0.003004
0.002993
0.003058
0.003704
0.003722
0.003638
0.003267
0.00308
0.002988
0.002857
0.002997
0.002945
0.00377
0.003803
0.003458
0.003278
0.003118
0.002954
0.003183
0.003034
0.00289
0.003659
0.003843
0.003744
0.003619
0.003421
0.00338
0.003157
0.00327
0.003202
0.003342
0.003532
0.003517
0.003416
0.003469
0.003201
0.003131
0.002844
0.003013
