compile_opencl_time:
0.071930
0.072551
0.074201
0.073302
0.071932
0.074237
0.071876
0.073036
0.072902
0.071926
total_time:
0.002050
0.001930
0.001859
0.001831
0.001743
0.001843
0.001895
0.001836
0.001853
0.001864
0.002246
0.002136
0.001848
0.001901
0.001879
0.001881
0.001745
0.001827
0.001784
0.001851
0.002382
0.002656
0.001986
0.002351
0.001891
0.001846
0.001908
0.001859
0.001802
0.001869
0.002835
0.002600
0.001899
0.001956
0.001869
0.001830
0.001856
0.001761
0.001905
0.001931
0.002116
0.001808
0.001877
0.001777
0.001798
0.001823
0.001949
0.001840
0.001742
0.001816
0.002734
0.002157
0.002754
0.002256
0.002140
0.001909
0.001983
0.001893
0.001881
0.001857
0.002497
0.002503
0.002431
0.001908
0.001839
0.001805
0.001786
0.001848
0.001815
0.001849
0.002541
0.001970
0.001823
0.002200
0.002374
0.001807
0.001886
0.001841
0.001763
0.001854
0.002566
0.002285
0.001983
0.002005
0.001895
0.001951
0.001965
0.001967
0.002001
0.002008
0.002070
0.001891
0.001801
0.001807
0.001942
0.001936
0.001838
0.001813
0.001803
0.001844