total_time:
0.001170
0.000643
0.000583
0.000595
0.000578
0.000584
0.000576
0.000587
0.000576
0.000599
0.001070
0.000674
0.000593
0.000614
0.000590
0.000610
0.000602
0.000595
0.000592
0.000605
0.001273
0.000642
0.000589
0.000588
0.000576
0.000603
0.000582
0.000572
0.000592
0.000568
0.001134
0.000679
0.000600
0.000627
0.000599
0.000617
0.000614
0.000604
0.000589
0.000611
0.001236
0.000644
0.000599
0.000580
0.000596
0.000603
0.000593
0.000578
0.000579
0.000597
0.001233
0.000659
0.000598
0.000585
0.000612
0.000588
0.000582
0.000584
0.000586
0.000582
0.001278
0.000664
0.000589
0.000609
0.000607
0.000601
0.000600
0.000592
0.000596
0.000601
0.001223
0.000665
0.000586
0.000586
0.000580
0.000598
0.000597
0.000594
0.000602
0.000579
0.001250
0.000657
0.000612
0.000612
0.000591
0.000603
0.000587
0.000600
0.000624
0.000588
0.001330
0.000661
0.000609
0.000607
0.000591
0.000591
0.000592
0.000623
0.000611
0.000588