total_time:
0.006256
0.004166
0.003389
0.003463
0.003792
0.003671
0.003960
0.003692
0.003643
0.003690
0.005506
0.003591
0.003674
0.003496
0.003461
0.003648
0.003682
0.003977
0.003464
0.003527
0.005407
0.003940
0.003348
0.003757
0.003606
0.003861
0.003696
0.003814
0.003750
0.004271
0.005860
0.003890
0.003876
0.003558
0.003498
0.003603
0.003631
0.004110
0.004087
0.003451
0.003881
0.003365
0.003426
0.003471
0.003667
0.003640
0.003721
0.003884
0.004041
0.003943
0.005566
0.005483
0.005427
0.005380
0.005416
0.005426
0.005233
0.004220
0.003489
0.003654
0.005434
0.003967
0.003471
0.003888
0.003288
0.003776
0.004003
0.003588
0.003582
0.003692
0.003706
0.004064
0.003418
0.003452
0.003902
0.003818
0.004452
0.003967
0.003833
0.004053
0.005418
0.003982
0.003652
0.003401
0.003675
0.003661
0.003629
0.003779
0.003903
0.003937
0.006024
0.005640
0.005540
0.005757
0.005724
0.003540
0.003877
0.003618
0.003363
0.003628