total_time:
0.437180
0.356200
0.356505
0.356710
0.356265
0.356607
0.355171
0.356545
0.355459
0.356105
0.440646
0.362500
0.363395
0.363263
0.365485
0.362407
0.363146
0.363063
0.362599
0.362390
0.434789
0.363971
0.362400
0.362660
0.362708
0.363201
0.362429
0.363144
0.363337
0.363513
0.430903
0.356558
0.358430
0.358505
0.358857
0.357610
0.357503
0.357109
0.358945
0.358133
0.430106
0.357937
0.357431
0.357266
0.359117
0.358700
0.358649
0.358485
0.357956
0.359409
0.437629
0.363576
0.363512
0.363608
0.362453
0.362730
0.363479
0.364516
0.364744
0.364688
0.432249
0.359336
0.360691
0.358785
0.357741
0.357939
0.357801
0.356759
0.358138
0.358865
0.436964
0.362120
0.360339
0.363043
0.361077
0.361780
0.359798
0.359739
0.360671
0.361317
0.444549
0.356495
0.355853
0.357509
0.357317
0.356309
0.356303
0.359706
0.361381
0.361642
0.434701
0.362247
0.362207
0.362869
0.361806
0.364191
0.361599
0.362370
0.361960
0.363890