total_time:
0.238044
0.147120
0.144947
0.144578
0.144520
0.144562
0.144343
0.144488
0.144525
0.144477
0.236908
0.146703
0.144588
0.144295
0.144221
0.144073
0.144198
0.144267
0.144205
0.144285
0.235919
0.146293
0.144301
0.143845
0.143716
0.143804
0.143921
0.143855
0.143933
0.143868
0.235328
0.146644
0.144434
0.144207
0.144037
0.144002
0.143999
0.143963
0.143927
0.143977
0.239906
0.146321
0.144406
0.143815
0.143887
0.144024
0.143994
0.143929
0.144010
0.143995
0.236253
0.147042
0.144854
0.144501
0.144513
0.144367
0.144437
0.144367
0.144461
0.144373
0.236292
0.146343
0.143970
0.143382
0.143413
0.143450
0.143369
0.143331
0.143387
0.143432
0.236417
0.147383
0.145635
0.145109
0.144820
0.145014
0.144862
0.144964
0.144917
0.144761
0.238261
0.146879
0.144875
0.144393
0.144286
0.144425
0.144421
0.144489
0.144312
0.144302
0.236268
0.146489
0.144398
0.143897
0.143887
0.144042
0.143933
0.143787
0.143776
0.143852