total_time:
0.075269
0.004404
0.004330
0.004359
0.004342
0.004267
0.003857
0.003791
0.003906
0.003913
0.079816
0.004360
0.004329
0.004329
0.004310
0.003990
0.003999
0.004007
0.003992
0.004005
0.074064
0.005225
0.004753
0.004134
0.004377
0.004626
0.004944
0.005050
0.004467
0.004793
0.075591
0.005185
0.005182
0.005157
0.005069
0.004579
0.004328
0.004230
0.004013
0.004058
0.075173
0.004412
0.004355
0.004483
0.003599
0.007484
0.004787
0.004849
0.005099
0.004598
0.075525
0.004996
0.004973
0.004642
0.004225
0.003940
0.003989
0.003932
0.004057
0.003947
0.076221
0.004255
0.003988
0.003894
0.004044
0.004118
0.004259
0.003912
0.003720
0.003823
0.074292
0.005049
0.005040
0.004826
0.005007
0.004801
0.004692
0.004731
0.004759
0.004862
0.077670
0.005520
0.005194
0.005620
0.005518
0.005598
0.005587
0.004902
0.004798
0.005617
0.077861
0.005677
0.005589
0.005013
0.005519
0.005067
0.006111
0.005707
0.005230
0.005847