total_time:
0.072782
0.001460
0.001455
0.001501
0.001477
0.001452
0.001489
0.001437
0.001435
0.001434
0.072574
0.001467
0.001452
0.001458
0.001446
0.001459
0.001451
0.001447
0.001450
0.001457
0.071140
0.001462
0.001441
0.001493
0.001440
0.001438
0.001450
0.001455
0.001448
0.001483
0.072518
0.001579
0.001571
0.001565
0.001574
0.001578
0.001573
0.001573
0.001578
0.001566
0.072268
0.001482
0.001461
0.001470
0.001454
0.001475
0.001460
0.001464
0.001455
0.001473
0.073142
0.001460
0.001458
0.001489
0.001493
0.001481
0.001463
0.001443
0.001434
0.001455
0.074415
0.001342
0.001350
0.001370
0.001353
0.001335
0.001358
0.001345
0.001394
0.001345
0.074006
0.001718
0.001697
0.001688
0.001699
0.001691
0.001694
0.001683
0.001693
0.001686
0.078411
0.001634
0.001618
0.001583
0.001592
0.001593
0.001591
0.001590
0.001594
0.001586
0.073560
0.001700
0.001713
0.001687
0.001697
0.001680
0.001685
0.001699
0.001685
0.001686