compile_opencl_time:
0.067451
0.067740
0.066210
0.066069
0.065829
0.067276
0.067736
0.067240
0.067223
0.067372
total_time:
0.003910
0.003032
0.002434
0.002988
0.002953
0.002504
0.002558
0.002475
0.002575
0.002609
0.003307
0.003332
0.003108
0.002857
0.002994
0.002983
0.002686
0.003105
0.002866
0.002822
0.006834
0.002935
0.002851
0.003558
0.003698
0.003038
0.002400
0.002813
0.002937
0.002927
0.006878
0.003189
0.002795
0.002655
0.002586
0.002582
0.002819
0.003181
0.002592
0.002583
0.003358
0.002715
0.002710
0.002633
0.002982
0.003317
0.003160
0.002568
0.002516
0.002621
0.003570
0.003307
0.002625
0.002537
0.002449
0.002434
0.002817
0.002993
0.002870
0.002886
0.003668
0.003219
0.002885
0.002688
0.003011
0.002654
0.002731
0.002763
0.002632
0.002614
0.003905
0.003541
0.003201
0.003055
0.003072
0.002882
0.002568
0.003199
0.002778
0.002731
0.003597
0.003310
0.003292
0.003081
0.002488
0.002527
0.002483
0.002708
0.002563
0.002857
0.003592
0.003336
0.003017
0.003254
0.002776
0.003191
0.002834
0.002724
0.003111
0.002677