total_time:
0.078180
0.002314
0.002273
0.002266
0.002269
0.002284
0.002295
0.002263
0.002268
0.002267
0.081261
0.002318
0.002274
0.002264
0.002271
0.002266
0.002262
0.002265
0.002259
0.002293
0.077765
0.002317
0.002252
0.002246
0.002245
0.002251
0.002247
0.002243
0.002245
0.002248
0.078799
0.002300
0.002244
0.002259
0.002276
0.002280
0.002277
0.002298
0.002240
0.002230
0.078162
0.002312
0.002260
0.002260
0.002302
0.002257
0.002305
0.002288
0.002252
0.002255
0.080009
0.002310
0.002256
0.002250
0.002248
0.002247
0.002245
0.002239
0.002241
0.002244
0.079705
0.002329
0.002266
0.002294
0.002258
0.002267
0.002289
0.002254
0.002252
0.002255
0.083946
0.002357
0.002277
0.002277
0.002266
0.002278
0.002268
0.002272
0.002269
0.002296
0.083035
0.002326
0.002274
0.002269
0.002263
0.002269
0.002240
0.002263
0.002266
0.002273
0.082176
0.002321
0.002271
0.002283
0.002263
0.002270
0.002307
0.002302
0.002279
0.002315