total_time:
0.017921
0.017626
0.017608
0.017623
0.017576
0.017596
0.017571
0.017685
0.017574
0.017841
0.01771
0.017613
0.017628
0.017598
0.017598
0.017643
0.017589
0.017577
0.017924
0.017672
0.017637
0.01774
0.017596
0.017586
0.017625
0.01759
0.017671
0.017928
0.01768
0.017633
0.017686
0.017608
0.017648
0.017644
0.017605
0.017678
0.017854
0.017691
0.017672
0.01758
0.017565
0.017637
0.017601
0.017669
0.017667
0.017679
0.017626
0.017659
0.017699
0.017603
0.017602
0.017733
0.017635
0.017869
0.017665
0.017637
0.017624
0.017654
0.017639
0.017633
0.017603
0.017579
0.017752
0.017752
0.017736
0.017724
0.017714
0.017706
0.017734
0.017724
0.017931
0.017638
0.017579
0.017608
0.017571
0.017593
0.017545
0.017578
0.017629
0.017764
0.017557
0.017574
0.017582
0.017567
0.017554
0.017536
0.017605
0.017506
