total_time:
0.000682
0.000697
0.000664
0.000663
0.000663
0.000661
0.000667
0.000658
0.000661
0.000653
0.0006
0.000591
0.000594
0.000592
0.000591
0.000593
0.000587
0.000589
0.000531
0.00052
0.00052
0.000523
0.000515
0.000512
0.000523
0.00052
0.000553
0.000741
0.000733
0.000725
0.000728
0.000728
0.000731
0.000727
0.000731
0.000729
0.000961
0.000907
0.000938
0.000939
0.000901
0.0009
0.000899
0.000905
0.000905
0.000607
0.000592
0.000587
0.000595
0.00059
0.000593
0.000595
0.00059
0.000591
0.000754
0.000705
0.000696
0.000689
0.00069
0.000702
0.00069
0.000716
0.00069
0.000627
0.000613
0.000616
0.000621
0.000613
0.000649
0.00062
0.000619
0.000612
0.000821
0.000772
0.000758
0.000768
0.000762
0.000761
0.000756
0.000761
0.000757
0.000655
0.00059
0.0006
0.000592
0.000593
0.000587
0.000617
0.000586
0.000588
