total_time:
0.001152
0.001132
0.001146
0.001207
0.001125
0.001149
0.001151
0.001159
0.001151
0.001019
0.001022
0.001029
0.001029
0.001023
0.00102
0.001016
0.00103
0.001
0.000896
0.000901
0.000884
0.000896
0.000928
0.000881
0.000874
0.000906
0.000895
0.001287
0.001273
0.001287
0.001279
0.001278
0.001286
0.001274
0.001266
0.001264
0.001626
0.001638
0.001608
0.001615
0.001612
0.001621
0.001605
0.001614
0.001615
0.001035
0.00104
0.00103
0.001031
0.001027
0.001024
0.001024
0.001033
0.001002
0.001237
0.001227
0.001217
0.001225
0.001186
0.001225
0.001225
0.001221
0.001218
0.001117
0.001102
0.001094
0.0011
0.001107
0.001101
0.001085
0.001116
0.0011
0.001418
0.00136
0.00135
0.001358
0.001354
0.00136
0.001366
0.001361
0.001358
0.00103
0.001042
0.001038
0.001027
0.001038
0.001025
0.001019
0.001038
0.001008
