total_time:
0.000662
0.000652
0.000654
0.00065
0.000652
0.000653
0.000666
0.000681
0.000655
0.000587
0.000586
0.000589
0.000584
0.000589
0.000588
0.000591
0.000585
0.000582
0.000528
0.000523
0.000526
0.000566
0.000524
0.000521
0.000523
0.000521
0.000521
0.000719
0.000716
0.000711
0.000712
0.000724
0.000723
0.000758
0.000713
0.00071
0.000875
0.000911
0.000868
0.000867
0.000869
0.000867
0.00087
0.000869
0.000863
0.000636
0.000589
0.000585
0.000583
0.000581
0.000582
0.000582
0.000583
0.000576
0.000686
0.000711
0.000713
0.000683
0.000693
0.000679
0.000682
0.000711
0.000676
0.000622
0.00062
0.000619
0.000617
0.000643
0.000617
0.000617
0.000618
0.00063
0.000773
0.000746
0.000745
0.000743
0.000748
0.000766
0.000744
0.000744
0.000746
0.000603
0.000593
0.000586
0.000583
0.000585
0.000587
0.000585
0.000585
0.00061
