compile_opencl_time:
0.0744
0.076348
0.082442
0.082353
0.081616
0.078228
0.075871
0.083992
0.075323
0.075287
total_time:
0.000898
0.000875
0.000906
0.001137
0.000869
0.000806
0.000826
0.000843
0.000824
0.000876
0.000856
0.000846
0.000837
0.000832
0.000829
0.000837
0.000735
0.00077
0.001359
0.001054
0.000821
0.000784
0.000752
0.000769
0.000756
0.000733
0.000709
0.00137
0.001029
0.000987
0.000997
0.000932
0.000895
0.000916
0.001039
0.000889
0.001203
0.00113
0.001084
0.001067
0.001089
0.001058
0.001061
0.001131
0.001116
0.001404
0.001266
0.001123
0.001004
0.000801
0.0008
0.000781
0.000793
0.000854
0.000985
0.00094
0.000884
0.000854
0.000836
0.000816
0.000824
0.000811
0.000811
0.001065
0.000994
0.000924
0.000937
0.000873
0.000871
0.000848
0.000814
0.000859
0.00102
0.001017
0.000961
0.000954
0.000957
0.000954
0.000915
0.000939
0.000904
0.001399
0.000878
0.000856
0.000867
0.000808
0.000815
0.000808
0.00077
0.000804
0.000778
