total_time:
0.119487
0.047768
0.046984
0.047052
0.046742
0.046735
0.046840
0.046637
0.046568
0.046756
0.117282
0.046262
0.045975
0.045940
0.046003
0.045825
0.045729
0.045946
0.045892
0.045776
0.121066
0.045956
0.046099
0.045745
0.045487
0.045567
0.045546
0.045545
0.045874
0.045627
0.117196
0.046337
0.045608
0.045378
0.045301
0.045223
0.044872
0.045429
0.045259
0.045568
0.122222
0.046105
0.045769
0.045527
0.045554
0.045582
0.045493
0.045302
0.045418
0.045658
0.117136
0.045185
0.045277
0.045354
0.045071
0.045195
0.045249
0.045145
0.045311
0.045190
0.121010
0.045922
0.045108
0.045015
0.045059
0.045523
0.045335
0.044998
0.045558
0.045136
0.117951
0.046291
0.046288
0.045551
0.045675
0.045672
0.046095
0.045656
0.045270
0.045952
0.120470
0.048510
0.047653
0.047342
0.047527
0.047542
0.046713
0.047721
0.047573
0.047044
0.117653
0.046367
0.045619
0.045922
0.046026
0.045538
0.045533
0.046023
0.045290
0.045646