total_time:
0.095669
0.019202
0.018618
0.018663
0.018592
0.018621
0.018583
0.018587
0.018622
0.018652
0.089776
0.019232
0.018655
0.018601
0.018620
0.018619
0.018562
0.018554
0.018617
0.018545
0.090495
0.019262
0.018577
0.018602
0.018598
0.018592
0.018522
0.018557
0.018524
0.018616
0.092761
0.019112
0.018486
0.018486
0.018474
0.018470
0.018446
0.018437
0.018431
0.018439
0.089924
0.019166
0.018492
0.018488
0.018468
0.018469
0.018460
0.018447
0.018436
0.018433
0.093817
0.019169
0.018535
0.018500
0.018495
0.018484
0.018468
0.018465
0.018462
0.018467
0.091142
0.019098
0.018558
0.018675
0.018571
0.018535
0.018472
0.018479
0.018440
0.018441
0.094304
0.019281
0.018607
0.018577
0.018578
0.018553
0.018547
0.018535
0.018529
0.018533
0.090441
0.019335
0.018794
0.018720
0.018712
0.018706
0.018765
0.018672
0.018683
0.018713
0.090778
0.019432
0.018784
0.018752
0.018747
0.018725
0.018718
0.018702
0.018706
0.018684