total_time:
0.093145
0.020726
0.020773
0.020390
0.020367
0.020378
0.020365
0.020347
0.020367
0.020368
0.093464
0.020935
0.020998
0.020594
0.020576
0.020553
0.020558
0.020546
0.020536
0.020541
0.092798
0.020966
0.021014
0.020614
0.020626
0.020579
0.020581
0.020588
0.020581
0.020564
0.093978
0.020785
0.020790
0.020421
0.020412
0.020410
0.020395
0.020369
0.020363
0.020376
0.092911
0.020724
0.020708
0.020364
0.020330
0.020328
0.020318
0.020314
0.020312
0.020370
0.092433
0.020608
0.020619
0.020242
0.020202
0.020171
0.020166
0.020159
0.020182
0.020199
0.093017
0.020764
0.020717
0.020450
0.020368
0.020349
0.020382
0.020434
0.020442
0.020339
0.094316
0.020958
0.021018
0.020667
0.020597
0.020585
0.020588
0.020580
0.020564
0.020566
0.096327
0.021162
0.021135
0.020762
0.020760
0.020722
0.020708
0.020682
0.020727
0.020756
0.093927
0.020887
0.020904
0.020562
0.020526
0.020538
0.020511
0.020545
0.020507
0.020459