compile_opencl_time:
0.139377
0.148724
0.136241
0.148673
0.136759
0.147420
0.139310
0.139132
0.143329
0.140700
total_time:
0.012441
0.010325
0.010272
0.010284
0.010323
0.010488
0.010156
0.010014
0.010047
0.009992
0.012564
0.010319
0.010183
0.010175
0.010477
0.010208
0.010080
0.010183
0.009865
0.009959
0.012203
0.010292
0.010266
0.010476
0.010338
0.010113
0.010024
0.010297
0.010178
0.009872
0.012283
0.010442
0.010026
0.009890
0.009945
0.010097
0.009984
0.009889
0.009878
0.009959
0.011787
0.010299
0.009946
0.009837
0.009906
0.009883
0.009906
0.009738
0.009979
0.009807
0.012292
0.010125
0.009936
0.009843
0.009814
0.009725
0.009846
0.009685
0.009813
0.009645
0.012232
0.010046
0.009949
0.009818
0.009796
0.009840
0.009784
0.009930
0.009691
0.009732
0.012332
0.010450
0.010115
0.010192
0.010191
0.010293
0.009955
0.009836
0.009941
0.009847
0.012628
0.010742
0.010454
0.010413
0.010402
0.010195
0.010108
0.010063
0.010171
0.010111
0.012546
0.010815
0.010263
0.010464
0.010085
0.010333
0.010106
0.010269
0.010495
0.010433