total_time:
0.044765
0.044138
0.043535
0.043657
0.042817
0.043898
0.043028
0.043560
0.044147
0.044703
0.042802
0.040973
0.040699
0.042068
0.040989
0.040862
0.041099
0.041259
0.040504
0.040701
0.042570
0.041963
0.039773
0.040469
0.039892
0.040452
0.040504
0.040453
0.040655
0.042456
0.042808
0.041793
0.041507
0.041995
0.042160
0.043091
0.042073
0.042167
0.041596
0.041171
0.049042
0.043430
0.045060
0.044778
0.044746
0.044314
0.043809
0.045170
0.043763
0.044473
0.041171
0.041747
0.040789
0.041399
0.040793
0.041027
0.041599
0.040357
0.040346
0.040733
0.044401
0.040908
0.041688
0.041068
0.041532
0.040853
0.041532
0.040928
0.040819
0.040815
0.045080
0.044050
0.043559
0.043053
0.043217
0.043994
0.043066
0.044366
0.044031
0.043607
0.044182
0.042421
0.042327
0.041267
0.041557
0.041881
0.041507
0.040873
0.041903
0.041475
0.042362
0.040940
0.041982
0.041096
0.042097
0.040727
0.042269
0.041219
0.041569
0.040210