select_time:
0.000010
0.000008
0.000009
0.000009
0.000010
0.000010
0.000011
0.000010
0.000011
0.000009

total_time:
0.004733
0.004320
0.003207
0.003231
0.003310
0.003340
0.003480
0.003485
0.003490
0.003504
0.004570
0.004222
0.003195
0.003189
0.003199
0.003289
0.003308
0.003433
0.003444
0.003459
0.004405
0.003945
0.002858
0.003070
0.003158
0.003239
0.003262
0.003273
0.003280
0.003308
0.004684
0.004110
0.002953
0.003013
0.003151
0.003245
0.003269
0.003364
0.003381
0.003403
0.004805
0.004365
0.003176
0.003186
0.003310
0.003319
0.003418
0.003428
0.003450
0.003466
0.004525
0.004237
0.003016
0.003030
0.003118
0.003220
0.003438
0.003427
0.003450
0.003459
0.004360
0.003822
0.003068
0.003036
0.003091
0.003150
0.003181
0.003254
0.003267
0.003295
0.004533
0.050764
0.137994
0.137996
0.142151
0.004206
0.004201
0.004189
0.004182
0.004235
0.006794
0.004473
0.003226
0.003226
0.003248
0.003246
0.003344
0.003370
0.003505
0.003501
0.004283
0.004096
0.003134
0.003210
0.003220
0.003224
0.003315
0.003366
0.003459
0.003481
