total_time:
0.006709
0.006843
0.005732
0.006756
0.005689
0.006804
0.006495
0.00639
0.005821
0.006982
0.006947
0.006578
0.006898
0.007004
0.006898
0.00699
0.006965
0.00694
0.007241
0.007313
0.00725
0.006993
0.007124
0.007449
0.006918
0.007083
0.006296
0.007198
0.00705
0.006315
0.005806
0.006154
0.006202
0.006082
0.006019
0.006111
0.006865
0.006619
0.005354
0.005425
0.006362
0.005353
0.006751
0.007099
0.007227
0.007287
0.007241
0.007294
0.007357
0.006983
0.00743
0.007047
0.006775
0.006703
0.006382
0.006296
0.006672
0.006637
0.006617
0.006724
0.006581
0.006867
0.006276
0.006639
0.006187
0.00639
0.00695
0.006532
0.00581
0.005879
0.007718
0.007392
0.00711
0.00696
0.007002
0.006992
0.007485
0.007434
0.007359
0.006845
0.00687
0.006802
0.006866
0.006664
0.006489
0.006836
0.006866
0.007031
