total_time:
0.081623
0.005723
0.005646
0.005647
0.005460
0.005540
0.005513
0.005612
0.005467
0.005529
0.079870
0.007539
0.007370
0.007182
0.007212
0.007334
0.007557
0.007688
0.007173
0.007615
0.081272
0.005949
0.005667
0.005645
0.005739
0.005673
0.005630
0.005725
0.005844
0.005640
0.078948
0.006594
0.006519
0.005854
0.005721
0.005755
0.005744
0.005672
0.005833
0.005699
0.079127
0.006139
0.006071
0.005583
0.005393
0.005504
0.005572
0.005506
0.005565
0.005583
0.082156
0.006121
0.006558
0.006524
0.006184
0.006318
0.006293
0.006349
0.006286
0.006279
0.081357
0.006356
0.006134
0.006081
0.006173
0.006157
0.006669
0.006124
0.005832
0.006181
0.079622
0.006284
0.006044
0.005781
0.005656
0.005596
0.005613
0.005598
0.005535
0.005583
0.081291
0.005298
0.005489
0.005392
0.005307
0.005195
0.005197
0.005101
0.005215
0.005559
0.081393
0.005852
0.005818
0.005691
0.005630
0.005570
0.005727
0.005850
0.006371
0.005802