total_time:
0.077277
0.002566
0.002551
0.002538
0.002545
0.002547
0.002528
0.002590
0.002598
0.002563
0.074695
0.002528
0.002509
0.002521
0.002517
0.002513
0.002567
0.002519
0.002518
0.002607
0.079558
0.002584
0.002591
0.002563
0.002574
0.002591
0.002575
0.002554
0.002569
0.002589
0.076075
0.002467
0.002453
0.002473
0.002495
0.002522
0.002531
0.002551
0.002567
0.002529
0.076024
0.002521
0.002500
0.002513
0.002579
0.002536
0.002570
0.002556
0.002595
0.002583
0.074124
0.002558
0.002470
0.002477
0.002518
0.002515
0.002532
0.002543
0.002527
0.002512
0.076866
0.002570
0.002558
0.002575
0.002576
0.002578
0.002563
0.002563
0.002567
0.002564
0.074132
0.002512
0.002494
0.002526
0.002509
0.002509
0.002515
0.002520
0.002502
0.002564
0.079926
0.002564
0.002522
0.002562
0.002550
0.002571
0.002565
0.002561
0.002605
0.002594
0.075500
0.002563
0.002559
0.002565
0.002559
0.002579
0.002559
0.002565
0.002579
0.002593