select_time:
0.000008
0.000007
0.000007
0.000007
0.000007
0.000007
0.000007
0.000007
0.000007
0.000006

total_time:
0.000548
0.000186
0.000213
0.000292
0.000280
0.000270
0.000265
0.000269
0.000263
0.000256
0.000547
0.000202
0.000229
0.000282
0.000290
0.000283
0.000281
0.000283
0.000271
0.000273
0.000496
0.000234
0.000185
0.000181
0.000181
0.000180
0.000187
0.000183
0.000179
0.000178
0.000532
0.000202
0.000191
0.000189
0.000186
0.000183
0.000186
0.000186
0.000180
0.000181
0.000534
0.000185
0.000185
0.000185
0.000213
0.000190
0.000188
0.000189
0.000195
0.000185
0.000509
0.000173
0.000172
0.000170
0.000171
0.000172
0.000171
0.000171
0.000169
0.000168
0.000492
0.000185
0.000178
0.000179
0.000176
0.000176
0.000177
0.000180
0.000175
0.000173
0.000490
0.000172
0.000165
0.000164
0.000172
0.000176
0.000169
0.000172
0.000176
0.000174
0.000564
0.000192
0.000190
0.000187
0.000193
0.000275
0.000284
0.000271
0.000277
0.000270
0.000496
0.000173
0.000170
0.000166
0.000163
0.000168
0.000167
0.000162
0.000163
0.000164
