total_time:
0.077025
0.000589
0.000581
0.000582
0.000583
0.000583
0.000581
0.000607
0.000578
0.000580
0.074253
0.000616
0.000659
0.000611
0.000612
0.000610
0.000609
0.000609
0.000608
0.000608
0.079618
0.000588
0.000582
0.000580
0.000580
0.000581
0.000583
0.000581
0.000579
0.000576
0.077161
0.000599
0.000584
0.000586
0.000585
0.000584
0.000628
0.000582
0.000582
0.000604
0.071192
0.000591
0.000584
0.000580
0.000583
0.000585
0.000583
0.000582
0.000579
0.000580
0.073597
0.000589
0.000584
0.000581
0.000587
0.000585
0.000582
0.000588
0.000584
0.000586
0.072381
0.000593
0.000580
0.000579
0.000581
0.000580
0.000579
0.000581
0.000581
0.000578
0.071529
0.000627
0.000618
0.000651
0.000615
0.000611
0.000615
0.000613
0.000627
0.000616
0.073833
0.000624
0.000620
0.000611
0.000639
0.000638
0.000641
0.000613
0.000612
0.000611
0.074683
0.000605
0.000597
0.000593
0.000595
0.000597
0.000589
0.000594
0.000589
0.000593