total_time:
0.000507
0.000454
0.000448
0.000450
0.000481
0.000450
0.000479
0.000483
0.000480
0.000483
0.000537
0.000471
0.000465
0.000391
0.000291
0.000287
0.000302
0.000292
0.000290
0.000293
0.000516
0.000409
0.000398
0.000399
0.000396
0.000395
0.000398
0.000396
0.000399
0.000405
0.000441
0.000394
0.000396
0.000389
0.000390
0.000388
0.000388
0.000399
0.000397
0.000399
0.000498
0.000462
0.000460
0.000456
0.000457
0.000454
0.000423
0.000296
0.000288
0.000299
0.000439
0.000401
0.000390
0.000389
0.000392
0.000387
0.000389
0.000387
0.000391
0.000403
0.000316
0.000288
0.000290
0.000287
0.000287
0.000287
0.000287
0.000282
0.000283
0.000291
0.000442
0.000410
0.000403
0.000401
0.000402
0.000401
0.000402
0.000401
0.000401
0.000404
0.000539
0.000476
0.000467
0.000467
0.000465
0.000467
0.000466
0.000467
0.000393
0.000299
0.000520
0.000470
0.000456
0.000458
0.000454
0.000458
0.000463
0.000465
0.000463
0.000463