total_time:
0.154733
0.080612
0.080124
0.080304
0.079858
0.080326
0.081204
0.079907
0.080049
0.079766
0.154198
0.081726
0.080783
0.080689
0.080563
0.080908
0.080355
0.081109
0.080770
0.080042
0.152730
0.082609
0.081652
0.081312
0.081645
0.082124
0.081956
0.081638
0.081219
0.081838
0.155776
0.083479
0.083150
0.082506
0.081985
0.082653
0.082168
0.082300
0.082589
0.082260
0.158632
0.083940
0.082941
0.082776
0.082726
0.082383
0.082503
0.083131
0.082991
0.082382
0.157796
0.083305
0.083137
0.082842
0.082447
0.082641
0.082824
0.082755
0.083189
0.083104
0.152878
0.081688
0.081205
0.080604
0.080828
0.080890
0.081388
0.081289
0.080794
0.081144
0.155325
0.084602
0.083452
0.083357
0.083169
0.083021
0.083358
0.083058
0.083172
0.082968
0.152962
0.082243
0.081365
0.080907
0.081152
0.081181
0.080880
0.080381
0.081047
0.081421
0.152710
0.081756
0.081668
0.081122
0.081796
0.081125
0.080880
0.080421
0.081269
0.080526