total_time:
0.171335
0.098084
0.098059
0.098284
0.098182
0.097924
0.098165
0.098503
0.097608
0.098221
0.206033
0.103753
0.103384
0.103647
0.102463
0.102380
0.103046
0.102701
0.102714
0.103853
0.177998
0.103506
0.100262
0.100628
0.100731
0.100940
0.100619
0.100630
0.100354
0.100933
0.172541
0.100573
0.100789
0.100435
0.100126
0.101033
0.101025
0.100452
0.100568
0.099839
0.175512
0.098862
0.098715
0.098899
0.098120
0.098092
0.098988
0.098555
0.097604
0.098988
0.172193
0.101529
0.101724
0.101237
0.101922
0.101473
0.101690
0.101892
0.101863
0.101704
0.173286
0.102487
0.101840
0.101634
0.101140
0.100354
0.101760
0.103483
0.100096
0.101887
0.174970
0.104457
0.104397
0.104390
0.099214
0.098784
0.098491
0.099093
0.099433
0.098570
0.171626
0.098741
0.098114
0.098823
0.098600
0.098535
0.098783
0.098738
0.098895
0.098862
0.175642
0.102745
0.098617
0.098849
0.098925
0.098763
0.097807
0.099193
0.098618
0.098061