total_time:
0.108716
0.036281
0.035720
0.035829
0.035700
0.035740
0.035650
0.035662
0.035685
0.035701
0.112640
0.036216
0.035593
0.035628
0.035564
0.035554
0.035521
0.035564
0.035563
0.035553
0.109608
0.037064
0.036430
0.036458
0.036404
0.036492
0.036485
0.036534
0.036435
0.036476
0.112184
0.036077
0.035397
0.035358
0.035351
0.035391
0.035387
0.035361
0.035384
0.035313
0.107699
0.036168
0.035509
0.035541
0.035453
0.035476
0.035560
0.035520
0.035540
0.035527
0.107225
0.036272
0.035642
0.035703
0.035568
0.035702
0.035749
0.035703
0.035642
0.035663
0.107245
0.036369
0.035675
0.035740
0.035640
0.035665
0.035651
0.035749
0.035802
0.035715
0.106049
0.036110
0.035383
0.035400
0.035402
0.035394
0.035478
0.035421
0.035459
0.035351
0.114659
0.036036
0.035343
0.035325
0.035330
0.035344
0.035355
0.035391
0.035379
0.035322
0.107209
0.035986
0.035333
0.035449
0.035414
0.035436
0.035427
0.035340
0.035363
0.035378