total_time:
0.115576
0.033495
0.032379
0.032378
0.032342
0.032370
0.032362
0.032344
0.032312
0.032323
0.109162
0.033218
0.032163
0.032069
0.032099
0.032099
0.032053
0.032084
0.032052
0.032064
0.105533
0.034777
0.033825
0.033828
0.033705
0.033727
0.033737
0.033692
0.033764
0.033680
0.104321
0.033006
0.031864
0.031887
0.031888
0.031849
0.031867
0.031811
0.031875
0.031814
0.110698
0.033389
0.032460
0.032303
0.032308
0.032341
0.032284
0.032263
0.032351
0.032260
0.105012
0.033180
0.032155
0.032153
0.032146
0.032060
0.032080
0.032079
0.032078
0.032110
0.104179
0.033227
0.032165
0.032107
0.032067
0.032056
0.032075
0.032103
0.032108
0.032049
0.105406
0.033041
0.031915
0.031889
0.031845
0.031806
0.031802
0.031858
0.031824
0.031844
0.104502
0.033018
0.031965
0.031887
0.031858
0.031890
0.031856
0.031871
0.031843
0.031824
0.107031
0.033024
0.031864
0.031868
0.031851
0.031834
0.031833
0.031852
0.031821
0.031839