compile_opencl_time:
0.002324
0.002206
0.002226
0.002279
0.002310
0.002236
0.002285
0.002228
0.002336
0.002228
total_time:
0.034104
0.033557
0.032998
0.032878
0.032924
0.032940
0.033071
0.032920
0.032925
0.032926
0.033828
0.033278
0.032676
0.032639
0.032644
0.032670
0.032566
0.032566
0.032600
0.032604
0.035512
0.035150
0.034462
0.034486
0.034450
0.034494
0.034383
0.034484
0.034544
0.034392
0.033552
0.033130
0.032395
0.032373
0.032380
0.032346
0.032416
0.032336
0.032363
0.032407
0.033999
0.033592
0.032951
0.032894
0.032849
0.032939
0.032994
0.032901
0.032895
0.032973
0.033786
0.033298
0.032663
0.032696
0.032623
0.032620
0.032616
0.032661
0.032626
0.032588
0.033716
0.033292
0.032666
0.032562
0.032580
0.032522
0.032624
0.032566
0.032548
0.032550
0.033435
0.033051
0.032387
0.032369
0.032324
0.032296
0.032437
0.032340
0.032303
0.032325
0.033473
0.032997
0.032349
0.032336
0.032342
0.032308
0.032356
0.032334
0.032343
0.032360
0.033519
0.033061
0.032486
0.032368
0.032318
0.032394
0.032329
0.032364
0.032318
0.032369