compile_opencl_time:
0.078128
0.079482
0.07885
0.078739
0.078279
0.079544
0.079463
0.077846
total_time:
0.026402
0.027704
0.028029
0.028044
0.030119
0.026999
0.029664
0.027429
0.027339
0.028056
0.030944
0.030288
0.02831
0.028222
0.028723
0.02919
0.029813
0.030405
0.0301
0.02848
0.033788
0.031693
0.030438
0.030181
0.031766
0.029654
0.03143
0.03165
0.029994
0.032334
0.028007
0.028811
0.025607
0.028679
0.028306
0.027173
0.027934
0.028812
0.028548
0.030064
0.030144
0.032188
0.030603
0.033239
0.03252
0.031096
0.03374
0.033592
0.031532
0.031344
0.026828
0.028759
0.030089
0.027613
0.029639
0.028612
0.029391
0.027985
0.029725
0.029331
0.029405
0.028923
0.02898
0.028318
0.028813
0.030218
0.029981
0.026474
0.027427
0.026518
0.02644
0.031192
0.027917
0.028348
0.029979
0.026576
0.027788
0.026715
0.027427
0.026203
0.027448
0.028072
0.030175
0.026378
0.028178
0.028487
0.029653
0.026342
0.027549
0.027025
0.026698
0.029062
0.027878
0.027474
0.026932
0.028711
0.028986
