total_time:
0.03651
0.046647
0.045353
0.045603
0.043884
0.043499
0.045102
0.042541
0.044737
0.043596
0.03959
0.041508
0.040533
0.040106
0.040881
0.040707
0.040658
0.041128
0.040655
0.041095
0.039777
0.044795
0.043514
0.043497
0.043612
0.043439
0.045782
0.044569
0.043943
0.044783
0.040732
0.044934
0.044479
0.041743
0.042069
0.042702
0.042648
0.042614
0.042942
0.043049
0.050495
0.051474
0.050252
0.04895
0.049407
0.049558
0.05
0.049695
0.049733
0.050175
0.036061
0.038926
0.03768
0.038012
0.037895
0.037911
0.038441
0.03819
0.038299
0.038731
0.039304
0.044921
0.044712
0.043899
0.045016
0.044479
0.044389
0.043851
0.045723
0.045496
0.033759
0.039265
0.037992
0.037686
0.038735
0.037803
0.038535
0.039511
0.039596
0.039121
0.037524
0.037674
0.035919
0.036436
0.036971
0.037074
0.037215
0.037131
0.037551
0.037363
0.037221
0.040381
0.037899
0.038204
0.037665
0.037801
0.038363
0.038361
0.042992
0.042204
