compile_opencl_time:
0.00231
0.002284
0.002281
0.002229
0.00231
0.002325
0.002315
0.002276
total_time:
0.066794
0.067121
0.066186
0.06617
0.065252
0.065174
0.065158
0.065238
0.065217
0.065148
0.068621
0.068129
0.067307
0.067021
0.066864
0.066983
0.06692
0.067086
0.067072
0.067159
0.07227
0.071796
0.070807
0.071062
0.070764
0.070758
0.070741
0.07084
0.070785
0.070679
0.067962
0.067407
0.066358
0.066369
0.066438
0.066411
0.066311
0.066314
0.066306
0.066368
0.073678
0.073016
0.071988
0.072004
0.07197
0.07193
0.071899
0.071952
0.07199
0.071925
0.06808
0.067779
0.067125
0.066027
0.065737
0.065712
0.06572
0.065664
0.065729
0.065686
0.070981
0.070386
0.06941
0.069386
0.069346
0.069494
0.069463
0.069368
0.069383
0.069441
0.065642
0.064948
0.06399
0.064008
0.063997
0.064011
0.063903
0.063929
0.063922
0.064042
0.064963
0.064222
0.063293
0.06324
0.063227
0.063253
0.063266
0.063197
0.063193
0.063202
0.064568
0.06394
0.063136
0.063159
0.062942
0.063013
0.063017
0.062936
0.063123
0.062984
