total_time:
0.1283
0.127218
0.126774
0.126396
0.125391
0.125654
0.126829
0.126784
0.127742
0.12598
0.125056
0.125175
0.125622
0.125399
0.124722
0.125327
0.125433
0.125795
0.127485
0.126146
0.128612
0.129819
0.130099
0.130028
0.129444
0.130339
0.12931
0.127906
0.126445
0.127329
0.127113
0.126643
0.126414
0.125434
0.126207
0.126026
0.13049
0.129571
0.128467
0.128434
0.128977
0.128105
0.128115
0.128547
0.129407
0.127603
0.127449
0.128503
0.127543
0.128273
0.127204
0.127738
0.12702
0.127699
0.12765
0.125766
0.1289
0.128721
0.129406
0.129724
0.128174
0.129064
0.128679
0.124086
0.123831
0.123368
0.124246
0.123094
0.124029
0.124418
0.124165
0.123716
0.129069
0.128705
0.127574
0.127502
0.128082
0.127743
0.126466
0.127634
0.126979
0.124232
0.123741
0.124637
0.123708
0.123263
0.12349
0.123947
0.123739
0.124177
