total_time:
0.038145
0.037307
0.037252
0.037255
0.037202
0.037286
0.037206
0.037259
0.037237
0.038471
0.037581
0.037582
0.037509
0.037552
0.037546
0.037564
0.03756
0.037512
0.039057
0.038302
0.038117
0.038176
0.03824
0.03808
0.038129
0.03826
0.038184
0.037831
0.03683
0.036846
0.036856
0.036833
0.036963
0.036776
0.036805
0.036846
0.039603
0.038687
0.038699
0.038639
0.038576
0.038653
0.03858
0.038699
0.038636
0.037995
0.037173
0.037282
0.037261
0.037146
0.037151
0.03714
0.037153
0.037119
0.038916
0.037987
0.038012
0.03798
0.037938
0.037861
0.037856
0.037898
0.037869
0.037889
0.036948
0.036986
0.036933
0.036926
0.036989
0.036858
0.036999
0.03696
0.037919
0.037089
0.037089
0.037076
0.037015
0.036996
0.036983
0.03705
0.037007
0.037868
0.036957
0.036981
0.036962
0.036955
0.037004
0.036981
0.036975
0.036949
