total_time:
0.074600
0.000600
0.000638
0.000594
0.000602
0.000598
0.000597
0.000592
0.000595
0.000593
0.073794
0.000610
0.000602
0.000626
0.000602
0.000601
0.000626
0.000600
0.000596
0.000595
0.075533
0.000602
0.000607
0.000600
0.000604
0.000596
0.000597
0.000596
0.000594
0.000615
0.071353
0.000631
0.000599
0.000597
0.000600
0.000600
0.000594
0.000600
0.000594
0.000598
0.070777
0.000542
0.000531
0.000529
0.000535
0.000535
0.000538
0.000529
0.000539
0.000528
0.070426
0.000605
0.000599
0.000600
0.000601
0.000610
0.000605
0.000596
0.000594
0.000595
0.074642
0.000603
0.000602
0.000600
0.000607
0.000600
0.000616
0.000598
0.000598
0.000592
0.071475
0.000606
0.000629
0.000598
0.000601
0.000600
0.000595
0.000595
0.000593
0.000594
0.070918
0.000545
0.000538
0.000536
0.000540
0.000536
0.000535
0.000533
0.000563
0.000580
0.072211
0.000598
0.000643
0.000603
0.000599
0.000597
0.000596
0.000593
0.000595
0.000595