total_time:
0.074588
0.000387
0.000388
0.000387
0.000391
0.000380
0.000387
0.000379
0.000385
0.000379
0.071207
0.000406
0.000386
0.000385
0.000389
0.000381
0.000387
0.000388
0.000391
0.000381
0.076129
0.000388
0.000389
0.000389
0.000421
0.000391
0.000384
0.000385
0.000374
0.000375
0.071026
0.000392
0.000386
0.000385
0.000391
0.000430
0.000395
0.000383
0.000386
0.000383
0.070072
0.000389
0.000356
0.000353
0.000352
0.000349
0.000376
0.000351
0.000350
0.000351
0.071321
0.000391
0.000384
0.000383
0.000390
0.000382
0.000384
0.000379
0.000389
0.000380
0.072568
0.000391
0.000384
0.000383
0.000387
0.000376
0.000382
0.000385
0.000383
0.000377
0.073742
0.000389
0.000417
0.000383
0.000390
0.000381
0.000378
0.000383
0.000377
0.000384
0.072696
0.000360
0.000354
0.000395
0.000353
0.000357
0.000349
0.000359
0.000350
0.000355
0.071079
0.000386
0.000423
0.000379
0.000385
0.000376
0.000383
0.000385
0.000381
0.000376