compile_opencl_time:
0.074750
0.080180
0.077686
0.081348
0.078427
0.076179
0.076015
0.079093
0.074710
0.079894
total_time:
0.001064
0.000792
0.000490
0.000460
0.000427
0.000399
0.000389
0.000397
0.000399
0.000407
0.001094
0.000519
0.000514
0.000514
0.000486
0.000440
0.000419
0.000414
0.000392
0.000418
0.000902
0.001089
0.000761
0.000501
0.000425
0.000420
0.000408
0.000414
0.000417
0.000430
0.000989
0.000569
0.000485
0.000513
0.000429
0.000437
0.000461
0.000465
0.000459
0.000440
0.001132
0.000709
0.000525
0.000439
0.000368
0.000361
0.000352
0.000355
0.000339
0.000357
0.000996
0.000893
0.000500
0.000453
0.000416
0.000417
0.000395
0.000397
0.000420
0.000380
0.001166
0.000485
0.000450
0.000430
0.000418
0.000427
0.000457
0.000439
0.000432
0.000395
0.001027
0.000705
0.000483
0.000482
0.000481
0.000455
0.000439
0.000444
0.000433
0.000429
0.000948
0.000871
0.000756
0.000462
0.000399
0.000365
0.000350
0.000369
0.000437
0.000709
0.000897
0.000502
0.000447
0.000421
0.000432
0.000441
0.000422
0.000445
0.000394
0.000382