total_time:
0.074309
0.000992
0.000989
0.000979
0.000977
0.000970
0.000981
0.000987
0.000980
0.000986
0.074878
0.001026
0.000983
0.000978
0.000982
0.000987
0.000970
0.000980
0.000972
0.000982
0.074136
0.000923
0.000916
0.000919
0.000917
0.000914
0.000919
0.000912
0.000913
0.000921
0.078286
0.000957
0.000934
0.000925
0.000926
0.000926
0.000930
0.000924
0.000928
0.000925
0.075530
0.001118
0.001099
0.001095
0.001101
0.001101
0.001103
0.001099
0.001100
0.001107
0.071700
0.000920
0.000922
0.000920
0.000926
0.000923
0.000926
0.000920
0.000924
0.000926
0.072827
0.000986
0.000978
0.001013
0.000983
0.000974
0.000975
0.000993
0.000997
0.000982
0.072961
0.001012
0.001007
0.000988
0.000992
0.000994
0.000991
0.000989
0.000993
0.001000
0.070445
0.001130
0.001131
0.001099
0.001107
0.001112
0.001104
0.001112
0.001106
0.001120
0.072237
0.000986
0.001017
0.000978
0.000983
0.000982
0.000980
0.000982
0.000987
0.000993