compile_opencl_time:
0.002298
0.002293
0.002143
0.002303
0.002375
0.002231
0.002251
0.002218
0.002271
0.002231
total_time:
0.000823
0.000829
0.000773
0.000770
0.000769
0.000777
0.000798
0.000773
0.000765
0.000766
0.000822
0.000777
0.000797
0.000767
0.000793
0.000765
0.000766
0.000766
0.000770
0.000771
0.000752
0.000732
0.000730
0.000705
0.000706
0.000705
0.000701
0.000703
0.000708
0.000710
0.000812
0.000779
0.000746
0.000714
0.000713
0.000715
0.000710
0.000712
0.000711
0.000713
0.000921
0.000888
0.000914
0.000878
0.000872
0.000870
0.000871
0.000869
0.000922
0.000913
0.000815
0.000764
0.000713
0.000715
0.000713
0.000709
0.000708
0.000719
0.000705
0.000753
0.000821
0.000823
0.000774
0.000765
0.000763
0.000807
0.000775
0.000769
0.000759
0.000761
0.000814
0.000768
0.000770
0.000759
0.000759
0.000758
0.000755
0.000761
0.000758
0.000764
0.000998
0.000916
0.000915
0.000908
0.000906
0.000903
0.000905
0.000905
0.000906
0.000909
0.000811
0.000791
0.000769
0.000762
0.000761
0.000762
0.000761
0.000764
0.000762
0.000758