total_time:
0.000600
0.000083
0.000081
0.000085
0.000081
0.000078
0.000078
0.000076
0.000078
0.000078
0.000338
0.000086
0.000076
0.000071
0.000070
0.000073
0.000073
0.000075
0.000073
0.000071
0.000459
0.000082
0.000079
0.000076
0.000096
0.000076
0.000074
0.000074
0.000076
0.000078
0.000400
0.000071
0.000069
0.000067
0.000066
0.000068
0.000066
0.000069
0.000067
0.000068
0.000645
0.000092
0.000089
0.000086
0.000086
0.000095
0.000086
0.000086
0.000085
0.000086
0.000567
0.000074
0.000072
0.000071
0.000070
0.000083
0.000070
0.000071
0.000069
0.000068
0.000689
0.000088
0.000083
0.000081
0.000080
0.000080
0.000097
0.000079
0.000080
0.000080
0.000499
0.000097
0.000083
0.000082
0.000082
0.000080
0.000087
0.000082
0.000081
0.000085
0.000615
0.000093
0.000088
0.000087
0.000087
0.000086
0.000086
0.000087
0.000086
0.000084
0.000467
0.000088
0.000095
0.000082
0.000081
0.000081
0.000080
0.000078
0.000079
0.000080