compile_opencl_time:
0.002196
0.002289
0.002299
0.002251
0.002197
0.002302
0.002233
0.002196
0.002277
0.002202
total_time:
0.042500
0.042191
0.041425
0.041427
0.041322
0.041370
0.041476
0.041359
0.041368
0.041428
0.044388
0.043934
0.043220
0.043245
0.043203
0.043206
0.043229
0.043175
0.043248
0.043260
0.046092
0.045674
0.045002
0.044959
0.045078
0.044962
0.044973
0.045056
0.044843
0.045091
0.045231
0.044818
0.044130
0.044126
0.044110
0.044085
0.044048
0.044074
0.044096
0.044076
0.051176
0.050723
0.049974
0.049954
0.050048
0.050172
0.049864
0.049893
0.049985
0.049880
0.042693
0.042309
0.041633
0.041466
0.041482
0.041548
0.041597
0.041644
0.041485
0.041575
0.040487
0.040033
0.039366
0.039428
0.039405
0.039332
0.039364
0.039450
0.039427
0.039376
0.044109
0.043744
0.043033
0.042960
0.042993
0.042968
0.043008
0.043071
0.042899
0.043085
0.045464
0.045008
0.044293
0.044160
0.044177
0.044162
0.044174
0.044173
0.044168
0.044180
0.046401
0.046041
0.045339
0.045431
0.045449
0.045208
0.045408
0.045076
0.045348
0.045227