select_time:
0.000008
0.000008
0.000008
0.000008
0.000010
0.000009
0.000009
0.000009
0.000009
0.000009

total_time:
0.009374
0.007376
0.006222
0.006588
0.007420
0.007931
0.008133
0.008329
0.008447
0.008450
0.011319
0.008067
0.007087
0.007435
0.007669
0.007871
0.008224
0.008445
0.008617
0.009107
0.012336
0.009069
0.007909
0.008091
0.008317
0.008713
0.008921
0.009164
0.009427
0.009698
0.012025
0.008602
0.007430
0.007705
0.007856
0.008491
0.008724
0.008886
0.009215
0.009513
0.012844
0.009776
0.008582
0.008896
0.009159
0.009660
0.009769
0.010134
0.010497
0.010597
0.011536
0.008078
0.006811
0.007020
0.007294
0.008054
0.008255
0.008381
0.008677
0.008968
0.010883
0.007993
0.007066
0.007245
0.007480
0.007789
0.007944
0.008098
0.008295
0.008614
0.008322
0.008476
0.007266
0.007426
0.007615
0.008224
0.008382
0.008659
0.008987
0.009158
0.011656
0.008856
0.007686
0.007896
0.008394
0.008897
0.009049
0.009412
0.009673
0.009721
0.012015
0.009340
0.008055
0.008251
0.008532
0.008909
0.009037
0.009368
0.009629
0.009825
