compile_opencl_time:
0.144925
0.134203
0.137723
0.147095
0.138238
0.140962
0.14339
0.147209
0.134684
0.139865
total_time:
0.010104
0.008703
0.008154
0.007965
0.007404
0.007639
0.007367
0.006982
0.007377
0.007272
0.008192
0.008306
0.007802
0.007966
0.007886
0.007776
0.007822
0.008001
0.008224
0.010206
0.008592
0.00774
0.007775
0.007946
0.007771
0.007822
0.007846
0.007673
0.007812
0.009924
0.008635
0.007175
0.007211
0.00725
0.007396
0.007158
0.007105
0.007124
0.007113
0.008406
0.007875
0.007587
0.007553
0.00748
0.00707
0.007331
0.007288
0.007313
0.009811
0.008692
0.007855
0.008141
0.007523
0.00748
0.007446
0.007498
0.007492
0.007455
0.008759
0.00854
0.008857
0.008141
0.008613
0.008445
0.008501
0.008686
0.008658
0.008287
0.008176
0.008126
0.007943
0.008035
0.007797
0.007913
0.008064
0.007939
0.009095
0.008834
0.008903
0.00863
0.008618
0.008789
0.008711
0.00872
0.008914
0.010204
0.00885
0.008571
0.007828
0.007822
0.007476
0.007456
0.007482
0.007428
0.007473
