total_time:
0.01404
0.013889
0.013695
0.01363
0.01368
0.013683
0.013619
0.01364
0.013645
0.014557
0.01444
0.0142
0.014179
0.014194
0.014185
0.014178
0.014154
0.01416
0.014393
0.014226
0.013984
0.013983
0.013998
0.013976
0.013969
0.013993
0.013938
0.01385
0.01374
0.013513
0.013508
0.01346
0.013493
0.013474
0.013461
0.013478
0.01403
0.01384
0.013629
0.013628
0.013647
0.0136
0.013609
0.013635
0.013638
0.014191
0.014111
0.013813
0.013836
0.01382
0.013844
0.013831
0.013864
0.01389
0.015041
0.01496
0.014706
0.014659
0.014737
0.014676
0.014686
0.01477
0.014671
0.014557
0.014478
0.014225
0.014216
0.014208
0.014215
0.014196
0.014189
0.014195
0.015235
0.015059
0.014817
0.014839
0.014795
0.014798
0.014811
0.014832
0.014842
0.014265
0.014134
0.013894
0.013878
0.01387
0.013877
0.013868
0.013894
0.013854
