total_time:
0.17333
0.180236
0.172827
0.174549
0.170945
0.175889
0.174142
0.16876
0.172147
0.171158
0.180022
0.182695
0.17222
0.165507
0.169767
0.169871
0.170038
0.171016
0.171293
0.167194
0.173585
0.181709
0.168045
0.171752
0.172551
0.175053
0.175007
0.177089
0.175328
0.177411
0.175977
0.177484
0.164937
0.176005
0.170212
0.170216
0.166277
0.170951
0.171206
0.172661
0.177582
0.176002
0.178013
0.174722
0.170967
0.179672
0.170838
0.170755
0.180128
0.175462
0.178722
0.166349
0.165972
0.173129
0.171619
0.171715
0.171851
0.173925
0.174645
0.175714
0.172873
0.171124
0.175192
0.175091
0.17547
0.173684
0.166755
0.173562
0.170016
0.168974
0.166644
0.176502
0.171604
0.172027
0.166256
0.177658
0.171208
0.177179
0.1747
0.17336
0.170956
0.175907
0.17095
0.175855
0.166706
0.176666
0.173183
0.183291
0.170905
0.171776
0.168858
0.171967
0.172682
0.17007
0.174008
0.17381
