compile_opencl_time:
0.002369
0.002388
0.002436
0.002357
0.002404
0.002376
0.002399
0.002346
0.002344
0.002325
total_time:
0.705826
0.705663
0.706993
0.70713
0.707045
0.707092
0.706769
0.706842
0.706881
0.707369
0.703216
0.703778
0.704688
0.704696
0.704562
0.704657
0.705364
0.705095
0.705687
0.705187
0.702743
0.702779
0.70359
0.70394
0.70363
0.703424
0.703825
0.703506
0.704221
0.704157
0.705271
0.705971
0.707138
0.708385
0.70717
0.707674
0.706864
0.706776
0.70696
0.708059
0.704481
0.704768
0.705749
0.705502
0.705281
0.705794
0.706147
0.705367
0.70568
0.70583
0.705524
0.705317
0.706522
0.706497
0.706392
0.706565
0.706551
0.706348
0.706479
0.706498
0.704925
0.705195
0.706282
0.705936
0.706053
0.706524
0.70627
0.706296
0.706388
0.706341
0.70444
0.704678
0.705395
0.705782
0.705899
0.705753
0.705353
0.705815
0.705983
0.705578
0.706468
0.706982
0.707687
0.707703
0.708062
0.708126
0.708185
0.707844
0.70819
0.707424
0.702476
0.703036
0.703426
0.703597
0.7039
0.703606
0.703781
0.704016
0.70346
0.703669
