total_time:
0.166549
0.096000
0.095637
0.095373
0.095349
0.095491
0.095397
0.095272
0.095429
0.095316
0.167125
0.095919
0.095345
0.095380
0.095337
0.095372
0.095358
0.095450
0.095313
0.095417
0.171728
0.100470
0.099786
0.100166
0.100447
0.099999
0.100128
0.100014
0.099905
0.100187
0.171656
0.100079
0.099926
0.099702
0.099771
0.099815
0.099658
0.100008
0.100199
0.099608
0.178010
0.104558
0.104303
0.104318
0.104366
0.104322
0.104505
0.104271
0.104574
0.104578
0.183080
0.105215
0.104709
0.104700
0.104647
0.104695
0.104616
0.104588
0.104569
0.104583
0.177909
0.098467
0.097966
0.097881
0.097895
0.097954
0.097856
0.097753
0.097706
0.097801
0.170983
0.097060
0.096681
0.096471
0.096527
0.096606
0.096524
0.096793
0.096724
0.096817
0.176120
0.098046
0.097451
0.097451
0.097244
0.097350
0.097293
0.097284
0.097247
0.097247
0.168931
0.097499
0.097026
0.097005
0.096872
0.097411
0.097149
0.097251
0.096998
0.096899