total_time:
0.024244
0.025696
0.025941
0.026974
0.026003
0.026120
0.026935
0.027139
0.026999
0.026727
0.025211
0.023626
0.024668
0.024528
0.024804
0.025720
0.025351
0.025037
0.025299
0.025299
0.024737
0.023579
0.024729
0.024527
0.025086
0.025610
0.024547
0.025269
0.026152
0.025333
0.035877
0.023427
0.024194
0.024343
0.025930
0.025098
0.024806
0.025816
0.025081
0.025792
0.034855
0.023163
0.023484
0.024046
0.025120
0.024685
0.024937
0.025622
0.025105
0.026067
0.024013
0.025866
0.026157
0.027336
0.027338
0.027498
0.027519
0.027241
0.026951
0.028250
0.025052
0.023706
0.025895
0.025110
0.025995
0.025679
0.025268
0.025016
0.026154
0.025948
0.024673
0.024261
0.023993
0.025540
0.026427
0.027364
0.026340
0.027295
0.026389
0.026442
0.024564
0.025450
0.026097
0.026340
0.026286
0.025800
0.026667
0.026187
0.026588
0.026844
0.025664
0.024162
0.024259
0.025808
0.026687
0.027493
0.025916
0.026824
0.027955
0.027056