compile_opencl_time:
0.074183
0.075146
0.077057
0.080381
0.080812
0.080208
0.076773
0.078983
0.074833
0.080755
total_time:
0.090439
0.094350
0.086233
0.086861
0.088842
0.086954
0.086378
0.087200
0.089263
0.087289
0.097949
0.102323
0.096496
0.096463
0.096880
0.098436
0.096295
0.096071
0.095463
0.095951
0.101000
0.098023
0.092603
0.090545
0.091672
0.090599
0.093599
0.092584
0.091812
0.092120
0.096508
0.095676
0.095134
0.093162
0.093720
0.096841
0.093718
0.093997
0.094208
0.093802
0.100194
0.096961
0.090970
0.090294
0.097821
0.093134
0.091240
0.090754
0.090067
0.090666
0.097914
0.096085
0.089816
0.090427
0.091962
0.089860
0.096850
0.091755
0.093467
0.093251
0.095125
0.095422
0.090357
0.092116
0.091671
0.094237
0.094045
0.094077
0.094660
0.094460
0.090437
0.093277
0.086362
0.086857
0.087732
0.086598
0.086852
0.087352
0.090610
0.088904
0.094877
0.101854
0.094100
0.090781
0.095111
0.094972
0.095982
0.092202
0.094075
0.094592
0.097168
0.096070
0.088052
0.088943
0.091649
0.089804
0.088727
0.090119
0.089519
0.091716