total_time:
1.177469
1.179214
1.173779
1.172019
1.174088
1.168399
1.169447
1.172575
1.172151
1.152660
1.179719
1.180537
1.170651
1.170328
1.172312
1.173171
1.172084
1.167582
1.168700
1.169024
1.164370
1.162699
1.160363
1.157521
1.159876
1.157546
1.155988
1.157422
1.158858
1.169034
1.171071
1.165980
1.162138
1.162045
1.159345
1.156311
1.157107
1.156742
1.156324
1.157695
1.172163
1.175735
1.172756
1.179174
1.166425
1.164422
1.164572
1.163001
1.160044
1.159792
1.178713
1.174408
1.165319
1.168882
1.173019
1.162822
1.167875
1.163315
1.160329
1.160298
1.183904
1.180102
1.178445
1.168498
1.166153
1.164671
1.167780
1.166618
1.168033
1.168240
1.169281
1.166665
1.162723
1.163537
1.167388
1.166004
1.165675
1.160315
1.159287
1.160571
1.169750
1.164394
1.163710
1.162970
1.161964
1.160751
1.161690
1.161098
1.159539
1.166725
1.167968
1.164777
1.162976
1.160995
1.160420
1.159270
1.159496
1.159954
1.158928
1.160798