compile_opencl_time:
0.080937
0.078697
0.081244
0.077622
0.077993
0.080763
0.08145
0.075992
0.077679
0.079042
total_time:
0.037417
0.034356
0.035124
0.037267
0.035804
0.036914
0.037169
0.037084
0.035385
0.036634
0.036605
0.033568
0.03525
0.03336
0.034172
0.034379
0.033791
0.033924
0.033951
0.038081
0.037297
0.034955
0.037352
0.036105
0.036141
0.037478
0.036744
0.038089
0.036818
0.037329
0.040197
0.033804
0.034134
0.034286
0.033964
0.033803
0.0352
0.034981
0.035248
0.038751
0.036983
0.034621
0.035193
0.034103
0.033956
0.036041
0.035702
0.036859
0.039161
0.038913
0.034844
0.035747
0.035497
0.034891
0.035286
0.034921
0.035467
0.036358
0.040475
0.038653
0.034197
0.035461
0.036967
0.035656
0.03609
0.035313
0.035736
0.035706
0.036883
0.038896
0.034021
0.032097
0.032104
0.033091
0.034754
0.035299
0.03229
0.033383
0.033713
0.035257
0.031556
0.033046
0.032029
0.03297
0.032967
0.033358
0.03495
0.033433
0.036673
0.036224
0.030684
0.031642
0.03354
0.032858
0.031518
0.03279
0.032354
0.032064
