total_time:
0.123814
0.12331
0.121788
0.122053
0.121862
0.121681
0.122302
0.121884
0.121498
0.122499
0.12272
0.121097
0.121325
0.120905
0.12135
0.121753
0.121218
0.121046
0.122518
0.123849
0.121663
0.121243
0.121322
0.121882
0.121266
0.121596
0.121901
0.123022
0.12275
0.120543
0.12168
0.121254
0.120785
0.121258
0.121726
0.121088
0.12336
0.123114
0.12215
0.121947
0.121408
0.121873
0.122127
0.121529
0.121393
0.122649
0.123812
0.121662
0.121163
0.121896
0.121978
0.121361
0.121086
0.122143
0.123157
0.122615
0.121452
0.121867
0.121281
0.121035
0.121742
0.121702
0.121014
0.12334
0.122775
0.121461
0.12201
0.121516
0.121309
0.121509
0.121708
0.121246
0.122626
0.124052
0.121659
0.121409
0.121581
0.121898
0.121336
0.12193
0.122165
0.122756
0.123309
0.121962
0.12142
0.12143
0.122022
0.121657
0.121283
0.121787
