compile_opencl_time:
0.002229
0.002149
0.002198
0.002252
0.002118
0.002118
0.002109
0.002161
0.002092
0.002182
total_time:
0.003021
0.003009
0.003026
0.002986
0.003026
0.002983
0.003003
0.003012
0.002977
0.00307
0.003028
0.003048
0.003066
0.003035
0.00303
0.003035
0.003038
0.003025
0.003031
0.002993
0.003005
0.003
0.003002
0.002996
0.003005
0.002996
0.003069
0.003023
0.003025
0.003036
0.003015
0.003023
0.003024
0.002979
0.003006
0.002982
0.003026
0.002999
0.003005
0.002998
0.002993
0.002999
0.003003
0.002993
0.003008
0.002999
0.002969
0.002979
0.00297
0.00297
0.002973
0.003046
0.002968
0.002964
0.003015
0.002977
0.002995
0.002987
0.002986
0.002986
0.00299
0.002985
0.002982
0.003024
0.002983
0.002997
0.002989
0.003038
0.002989
0.002986
0.002984
0.003025
0.003074
0.003011
0.002959
0.002971
0.002966
0.002963
0.002966
0.002968
0.002969
0.00297
0.003074
0.003015
0.003013
0.003012
0.002975
0.002973
0.003024
0.003006
0.002978
0.002984
