compile_opencl_time:
0.136025
0.136117
0.12719
0.126162
0.134969
0.134373
0.127616
0.126927
0.135022
0.132705
total_time:
0.002512
0.002373
0.002237
0.002322
0.002271
0.002201
0.002336
0.002244
0.002188
0.002474
0.002317
0.002331
0.002257
0.002222
0.002113
0.002274
0.002181
0.002146
0.002399
0.002262
0.002229
0.002295
0.002209
0.002281
0.002288
0.002243
0.002261
0.002252
0.002155
0.002124
0.002126
0.002147
0.002112
0.002087
0.002094
0.002106
0.002476
0.002319
0.002252
0.00227
0.002358
0.002235
0.002262
0.002217
0.002157
0.002236
0.002101
0.002306
0.00216
0.002215
0.002161
0.002238
0.002067
0.002192
0.002449
0.002245
0.00234
0.002211
0.002176
0.00219
0.002295
0.002102
0.002181
0.002274
0.002148
0.002112
0.002186
0.002076
0.002144
0.002055
0.002084
0.002098
0.002284
0.002412
0.002268
0.002215
0.002353
0.002163
0.002226
0.0021
0.002248
0.002375
0.002242
0.002261
0.002171
0.002269
0.0023
0.002266
0.002252
0.002137
