total_time:
0.170662
0.095726
0.094215
0.093871
0.093545
0.094888
0.093295
0.094503
0.093386
0.093976
0.167475
0.095374
0.094537
0.094211
0.093912
0.094463
0.093698
0.095254
0.094056
0.093907
0.168730
0.095301
0.094603
0.094396
0.093399
0.093770
0.094430
0.094215
0.093936
0.094045
0.174187
0.098232
0.098388
0.096912
0.097519
0.097557
0.098892
0.097329
0.097815
0.097591
0.183864
0.098373
0.096738
0.096953
0.096503
0.096603
0.096735
0.096524
0.096989
0.097371
0.184171
0.095587
0.094773
0.095898
0.095669
0.095060
0.094757
0.095034
0.095123
0.094599
0.169555
0.094721
0.093893
0.094544
0.093912
0.093769
0.094222
0.094174
0.094370
0.094518
0.169273
0.095708
0.094571
0.094461
0.094769
0.094487
0.094079
0.094101
0.095186
0.094616
0.167970
0.095169
0.094772
0.094364
0.094563
0.094164
0.095356
0.095070
0.094775
0.095079
0.172380
0.093184
0.094562
0.093712
0.093860
0.093742
0.094020
0.094078
0.093577
0.094020