total_time:
0.120608
0.117932
0.117546
0.118046
0.119081
0.118784
0.117760
0.119086
0.118676
0.118153
0.120411
0.117266
0.117250
0.116607
0.116854
0.116995
0.118137
0.116973
0.117083
0.116305
0.121900
0.121733
0.120489
0.120210
0.120546
0.120378
0.119486
0.119589
0.120489
0.120716
0.118116
0.117178
0.116263
0.115668
0.117491
0.116588
0.117042
0.117526
0.116046
0.117070
0.122505
0.121573
0.119570
0.119604
0.120205
0.119790
0.120628
0.120643
0.120965
0.120789
0.121468
0.117737
0.117402
0.116811
0.117474
0.117288
0.117008
0.117253
0.117950
0.116486
0.125132
0.117834
0.116829
0.117148
0.117451
0.116704
0.116750
0.116547
0.116422
0.117434
0.118987
0.116941
0.117904
0.117903
0.118335
0.117593
0.117130
0.116250
0.118030
0.117919
0.125471
0.121161
0.120069
0.119855
0.119869
0.120602
0.121369
0.120820
0.120779
0.120815
0.119437
0.119642
0.116689
0.117572
0.117222
0.117295
0.116597
0.117219
0.116906
0.117645