total_time:
0.943999
0.863582
0.923375
0.872322
0.879781
0.874472
0.876238
0.866141
0.881425
0.867608
0.915152
0.903617
0.907206
0.910023
0.906977
0.901742
0.908146
0.903919
0.917409
0.89565
0.937674
0.894817
0.907856
0.911721
0.908343
0.914553
0.896382
0.896575
0.89287
0.884636
0.885634
0.8874
0.885636
0.889175
0.884556
0.890036
0.891004
0.905247
0.903016
0.910289
0.893343
0.909979
0.90609
0.898342
0.899423
0.896988
0.876822
0.87592
0.885176
0.880343
0.887761
0.88386
0.888784
0.891236
0.933094
0.892864
0.885888
0.889695
0.899856
0.930719
0.880676
0.8893
0.888184
0.88316
0.894028
0.896219
0.894495
0.894585
0.898022
0.899417
0.892783
0.898847
0.895938
0.937413
0.929349
0.922403
0.93671
0.934739
0.938453
0.939865
0.928661
0.943201
0.903312
0.901022
0.900841
0.896982
0.904856
0.90372
0.899739
0.90431
0.886862
