total_time:
0.081214
0.005771
0.005758
0.005814
0.005839
0.005854
0.005860
0.005900
0.005820
0.005892
0.085405
0.005692
0.005688
0.005666
0.005683
0.005695
0.005651
0.005721
0.005687
0.005659
0.081505
0.005666
0.005688
0.005698
0.005631
0.005697
0.005650
0.005650
0.005664
0.005675
0.081785
0.005440
0.005334
0.005394
0.005449
0.005387
0.005419
0.005386
0.005489
0.005433
0.081593
0.005471
0.005384
0.005334
0.005362
0.005371
0.005331
0.005432
0.005405
0.005425
0.083618
0.005428
0.005335
0.005243
0.005264
0.005222
0.005266
0.005153
0.005258
0.005247
0.085041
0.005859
0.005915
0.005811
0.005781
0.005786
0.005728
0.005728
0.005784
0.005842
0.081971
0.005399
0.005301
0.005300
0.005237
0.005227
0.005288
0.005225
0.005226
0.005235
0.087529
0.005610
0.005356
0.005407
0.005358
0.005314
0.005423
0.005332
0.005429
0.005367
0.085072
0.005237
0.005183
0.005194
0.005224
0.005150
0.005112
0.005225
0.005153
0.005202