compile_opencl_time:
0.078842
0.075953
0.077819
0.078341
0.075849
0.082122
0.074456
0.074518
0.074718
0.075227
total_time:
0.003158
0.002270
0.002154
0.002124
0.002064
0.002569
0.002568
0.002070
0.002007
0.002207
0.002903
0.001963
0.002012
0.001999
0.001985
0.001896
0.001899
0.001858
0.001900
0.001883
0.006283
0.002361
0.002627
0.002447
0.002459
0.002119
0.001928
0.001903
0.001931
0.001969
0.002751
0.002406
0.001978
0.002252
0.002153
0.001767
0.001710
0.001767
0.001822
0.002049
0.002225
0.001985
0.001949
0.001871
0.001857
0.001774
0.001816
0.001894
0.001997
0.001892
0.002627
0.002462
0.002127
0.002394
0.002271
0.001924
0.001791
0.001741
0.001825
0.001733
0.003293
0.002857
0.002067
0.002023
0.002037
0.002041
0.001997
0.002091
0.002225
0.002725
0.002023
0.001875
0.001846
0.001764
0.001791
0.001782
0.001761
0.001799
0.001848
0.001791
0.002369
0.001949
0.002003
0.001890
0.001959
0.001879
0.002022
0.001954
0.001871
0.001905
0.002521
0.001815
0.001933
0.002067
0.001774
0.001827
0.001735
0.001716
0.001683
0.001741