total_time:
0.001196
0.000697
0.000619
0.000628
0.000617
0.000652
0.000629
0.000631
0.000633
0.000651
0.001191
0.000680
0.000622
0.000612
0.000599
0.000598
0.000595
0.000615
0.000602
0.000607
0.001152
0.000699
0.000616
0.000615
0.000613
0.000638
0.000620
0.000625
0.000629
0.000647
0.000911
0.000585
0.000522
0.000526
0.000516
0.000534
0.000518
0.000533
0.000540
0.000529
0.001093
0.000647
0.000585
0.000596
0.000595
0.000598
0.000605
0.000584
0.000586
0.000604
0.001198
0.000633
0.000579
0.000562
0.000559
0.000578
0.000607
0.000562
0.000571
0.000569
0.001228
0.000709
0.000658
0.000643
0.000638
0.000694
0.000642
0.000659
0.000626
0.000668
0.000923
0.000593
0.000550
0.000529
0.000534
0.000533
0.000533
0.000520
0.000529
0.000549
0.001198
0.000648
0.000591
0.000608
0.000616
0.000587
0.000586
0.000589
0.000591
0.000594
0.000894
0.000560
0.000518
0.000509
0.000508
0.000530
0.000514
0.000538
0.000498
0.000511