select_time:
0.000007
0.000005
0.000006
0.000006
0.000006
0.000007
0.000006
0.000006
0.000006
0.000006

total_time:
0.000745
0.000495
0.000486
0.000486
0.000479
0.000482
0.000476
0.000476
0.000478
0.000475
0.000756
0.000456
0.000444
0.000441
0.000443
0.000440
0.000439
0.000438
0.000435
0.000436
0.000804
0.000460
0.000450
0.000448
0.000448
0.000443
0.000448
0.000445
0.000444
0.000447
0.000766
0.000534
0.000519
0.000515
0.000497
0.000476
0.000536
0.000527
0.000503
0.000493
0.000741
0.000474
0.000442
0.000466
0.000475
0.000470
0.000465
0.000465
0.000467
0.000467
0.000766
0.000484
0.000558
0.000538
0.000528
0.000515
0.000514
0.000496
0.000505
0.000486
0.000768
0.000489
0.000463
0.000467
0.000462
0.000464
0.000462
0.000461
0.000460
0.000464
0.000733
0.000444
0.000432
0.000423
0.000430
0.000427
0.000430
0.000428
0.000430
0.000431
0.000762
0.000460
0.000445
0.000437
0.000439
0.000433
0.000436
0.000439
0.000437
0.000441
0.000752
0.000453
0.000434
0.000459
0.000458
0.000456
0.000450
0.000458
0.000456
0.000454
