total_time:
0.768013
0.767617
0.767151
0.767454
0.767681
0.767983
0.767849
0.76798
0.767695
0.768681
0.768994
0.768777
0.768532
0.768477
0.768931
0.768846
0.768587
0.768796
0.766448
0.766958
0.766146
0.766169
0.766931
0.767142
0.766431
0.766144
0.766777
0.7679
0.767274
0.767779
0.768363
0.768159
0.767761
0.767533
0.767753
0.76799
0.769086
0.768773
0.768618
0.768214
0.768291
0.768691
0.769118
0.769038
0.768746
0.765506
0.766269
0.766392
0.76552
0.76583
0.766133
0.766181
0.765742
0.766064
0.765924
0.765782
0.766457
0.766793
0.766446
0.766003
0.76676
0.766435
0.766181
0.767114
0.767023
0.766768
0.767172
0.767453
0.767801
0.76746
0.766715
0.766751
0.767203
0.767396
0.766869
0.766832
0.76737
0.767003
0.766778
0.767435
0.76757
0.765818
0.765447
0.765945
0.765584
0.765558
0.765568
0.76595
0.765865
0.765902
