total_time:
0.720275
0.72001
0.719384
0.720249
0.720353
0.719836
0.720023
0.720285
0.720437
0.72225
0.721713
0.722188
0.721847
0.722684
0.721978
0.722342
0.722224
0.722083
0.718489
0.719955
0.720134
0.720411
0.719866
0.720237
0.719739
0.720242
0.720005
0.72222
0.722332
0.722909
0.721912
0.72257
0.722819
0.722193
0.722511
0.721957
0.724301
0.723748
0.724077
0.723964
0.724501
0.724001
0.72426
0.724611
0.723889
0.718755
0.719893
0.71961
0.71883
0.720227
0.720062
0.719509
0.720028
0.719356
0.719506
0.719541
0.719392
0.71944
0.719286
0.7195
0.719581
0.719468
0.719999
0.719281
0.719385
0.719371
0.719962
0.718864
0.719517
0.720095
0.719202
0.719782
0.719322
0.720281
0.719664
0.719679
0.720492
0.719769
0.720005
0.720227
0.719223
0.718297
0.718978
0.719299
0.71887
0.718931
0.718836
0.718814
0.719247
0.718624
