total_time:
1.461454
1.459127
1.464041
1.467153
1.459737
1.462728
1.455927
1.47317
1.461779
1.46362
1.459461
1.451789
1.460261
1.449063
1.452133
1.445384
1.44836
1.452984
1.457052
1.449215
1.452977
1.456726
1.455959
1.446982
1.457096
1.466746
1.456214
1.445915
1.45333
1.452975
1.453338
1.472344
1.463021
1.452453
1.455099
1.45915
1.455635
1.450304
1.453817
1.457371
1.45655
1.456707
1.451647
1.45659
1.451952
1.451001
1.453075
1.448786
1.446604
1.449881
1.492105
1.465378
1.470199
1.458815
1.45921
1.457724
1.483164
1.460462
1.468158
1.457134
1.46546
1.456288
1.457112
1.494378
1.477406
1.468279
1.493017
1.475838
1.481174
1.477254
1.47528
1.482075
1.457295
1.450371
1.458166
1.4571
1.461442
1.452265
1.452114
1.461048
1.461052
1.483548
1.478417
1.476033
1.467948
1.469367
1.472408
1.493969
1.482508
1.47351
