total_time:
0.130991
0.059672
0.058802
0.060945
0.060734
0.060642
0.059893
0.059921
0.059755
0.059719
0.144855
0.060170
0.059208
0.059125
0.059137
0.059161
0.059188
0.059237
0.059237
0.059266
0.134320
0.060369
0.060088
0.060193
0.060176
0.060114
0.060048
0.060142
0.059607
0.059579
0.131531
0.060008
0.059021
0.059004
0.058908
0.059368
0.059408
0.059416
0.059383
0.059445
0.140617
0.060992
0.060090
0.060074
0.059817
0.059606
0.059525
0.059669
0.059421
0.059547
0.137986
0.059997
0.059175
0.059109
0.059148
0.059060
0.059076
0.059120
0.059099
0.059054
0.140904
0.060401
0.059689
0.059554
0.059583
0.059719
0.059845
0.059667
0.059639
0.059669
0.132257
0.060128
0.059238
0.059314
0.059193
0.059260
0.059309
0.059341
0.059348
0.059348
0.135397
0.060265
0.059293
0.059257
0.059271
0.059258
0.059327
0.059383
0.059351
0.059354
0.135661
0.060060
0.059181
0.059307
0.059117
0.059201
0.059182
0.059141
0.059250
0.059266