total_time:
0.012282
0.013123
0.011683
0.011844
0.012281
0.012371
0.012280
0.012313
0.012382
0.012514
0.012059
0.013460
0.012596
0.012943
0.012699
0.013033
0.012856
0.012604
0.012909
0.012910
0.011634
0.012422
0.011362
0.012397
0.012685
0.012647
0.012540
0.013049
0.012691
0.012952
0.012978
0.013338
0.011867
0.011986
0.011994
0.012320
0.012428
0.012326
0.012321
0.012456
0.012191
0.013798
0.012213
0.012184
0.012397
0.012493
0.013392
0.013170
0.012658
0.012987
0.011990
0.012814
0.011700
0.012220
0.012254
0.012253
0.012297
0.012200
0.012285
0.012431
0.013022
0.014348
0.012703
0.012643
0.012912
0.012854
0.013016
0.013101
0.013073
0.013031
0.011582
0.012716
0.011348
0.011380
0.011514
0.011504
0.011593
0.011676
0.011952
0.011968
0.011485
0.012344
0.011198
0.012377
0.012333
0.012317
0.012646
0.012979
0.012807
0.012939
0.011248
0.012634
0.011578
0.011984
0.011937
0.012099
0.011979
0.012089
0.012078
0.012075