total_time:
0.002731
0.002662
0.002629
0.002617
0.002623
0.002618
0.002621
0.00265
0.002622
0.002242
0.002146
0.002099
0.002097
0.002102
0.002095
0.002092
0.002136
0.002097
0.002423
0.002352
0.002356
0.002351
0.002347
0.002348
0.002343
0.002336
0.002341
0.002142
0.002069
0.002065
0.002098
0.002066
0.002064
0.00207
0.002078
0.002068
0.002478
0.002362
0.002361
0.002367
0.002393
0.002368
0.002357
0.002351
0.002356
0.00235
0.002294
0.002278
0.002279
0.002277
0.002284
0.002278
0.002325
0.002318
0.002846
0.002771
0.002802
0.002749
0.002741
0.002748
0.002789
0.002746
0.002741
0.002322
0.002218
0.002223
0.002224
0.002194
0.002217
0.002229
0.00221
0.002219
0.002212
0.002141
0.002124
0.002154
0.00212
0.002129
0.002121
0.002118
0.002127
0.002106
0.002028
0.002026
0.002024
0.002021
0.002019
0.002028
0.002024
0.002076
