total_time:
0.003004
0.003031
0.003604
0.003558
0.003172
0.003321
0.003249
0.003286
0.003345
0.00392
0.002957
0.00306
0.003017
0.003194
0.003208
0.003218
0.003219
0.00328
0.003393
0.003025
0.003337
0.003178
0.003331
0.002999
0.003142
0.003184
0.003456
0.003358
0.003081
0.003026
0.003103
0.003266
0.003163
0.003266
0.003051
0.00319
0.003427
0.003334
0.003985
0.002994
0.002947
0.003457
0.003452
0.003015
0.003593
0.003422
0.003574
0.00366
0.002938
0.002953
0.003131
0.003137
0.003517
0.003165
0.003147
0.003216
0.003542
0.00332
0.002902
0.00299
0.003218
0.003363
0.003649
0.003619
0.003265
0.003861
0.002995
0.00296
0.003075
0.003138
0.003176
0.003301
0.003245
0.00355
0.003169
0.003017
0.002965
0.002959
0.003079
0.003532
0.003085
0.003856
0.002924
0.003061
0.003234
0.003114
0.003198
