total_time:
0.886277
0.812957
0.812359
0.814684
0.813284
0.814018
0.821456
0.817580
0.820933
0.818207
0.893324
0.815817
0.820479
0.819339
0.818545
0.821355
0.819111
0.820099
0.820173
0.823091
0.876852
0.795777
0.799726
0.802334
0.801097
0.810915
0.801840
0.800946
0.800870
0.799175
0.915334
0.818725
0.820547
0.820760
0.821437
0.819676
0.821031
0.826758
0.822521
0.823005
0.890340
0.805690
0.802496
0.807498
0.804506
0.803309
0.805255
0.805518
0.798717
0.801491
0.878819
0.800876
0.801913
0.798687
0.803704
0.800251
0.803202
0.801412
0.803723
0.801151
0.894373
0.820716
0.818864
0.816356
0.823823
0.818402
0.812295
0.814638
0.817385
0.818214
0.883909
0.810190
0.804245
0.808402
0.808833
0.811327
0.806553
0.808530
0.813401
0.810403
0.880716
0.802596
0.808948
0.802416
0.802990
0.807114
0.805856
0.804015
0.810853
0.806068
0.902736
0.818771
0.817688
0.816268
0.816033
0.820902
0.816353
0.819762
0.818644
0.822237