total_time:
0.370130
0.280901
0.278076
0.276987
0.276864
0.276810
0.276715
0.276552
0.277070
0.277287
0.372567
0.280217
0.277569
0.276522
0.276828
0.276505
0.276337
0.276073
0.276339
0.276699
0.369118
0.278866
0.276200
0.274816
0.274554
0.274700
0.274659
0.275078
0.275153
0.275543
0.376024
0.283395
0.280523
0.278867
0.279263
0.279034
0.278943
0.279197
0.279113
0.278934
0.371908
0.279288
0.276597
0.275395
0.275767
0.275634
0.275659
0.275723
0.275358
0.275186
0.375658
0.283690
0.280987
0.280285
0.279793
0.279599
0.280316
0.279646
0.279667
0.280043
0.371971
0.281363
0.278686
0.277364
0.277821
0.277758
0.277291
0.277346
0.277614
0.277705
0.368932
0.279322
0.276318
0.275040
0.275462
0.275086
0.275033
0.274989
0.274818
0.274432
0.369974
0.278818
0.276390
0.276468
0.276103
0.276347
0.275808
0.276179
0.276086
0.276087
0.372233
0.279424
0.276877
0.275474
0.275422
0.275090
0.275528
0.275629
0.276015
0.275711