compile_opencl_time:
0.002297
0.002420
0.002363
0.002337
0.002712
0.002291
0.002435
0.012349
0.002363
0.002377
total_time:
0.286006
0.285548
0.278592
0.278444
0.278220
0.278337
0.279002
0.278650
0.278361
0.278372
0.285654
0.285556
0.278154
0.277690
0.277806
0.277951
0.277741
0.277836
0.277813
0.277649
0.284281
0.283620
0.277037
0.276956
0.277150
0.276609
0.276835
0.276913
0.277228
0.276737
0.289583
0.288128
0.280993
0.281152
0.280776
0.281383
0.280818
0.280957
0.281245
0.281042
0.285569
0.284687
0.277340
0.277862
0.278383
0.277518
0.277578
0.277745
0.277559
0.277318
0.289143
0.288821
0.281620
0.281344
0.281464
0.281437
0.281478
0.281285
0.281533
0.281407
0.288034
0.287098
0.279377
0.279972
0.279419
0.279403
0.280120
0.279457
0.279481
0.279982
0.283955
0.283765
0.276932
0.277180
0.277052
0.276741
0.276659
0.277146
0.277101
0.276840
0.284646
0.283961
0.277163
0.277357
0.277156
0.277246
0.276903
0.277304
0.277566
0.276922
0.284792
0.284484
0.277317
0.277203
0.276808
0.277326
0.277154
0.276802
0.277000
0.277155