total_time:
0.090757
0.091637
0.081507
0.082648
0.081414
0.081363
0.081569
0.081593
0.082343
0.081242
0.089348
0.088877
0.083230
0.082691
0.084456
0.083173
0.083986
0.084230
0.084009
0.084533
0.084827
0.088996
0.082750
0.082833
0.083702
0.084090
0.083458
0.083823
0.085928
0.086331
0.082454
0.094001
0.086709
0.089351
0.087596
0.088120
0.088386
0.088826
0.089290
0.085135
0.105430
0.088471
0.082523
0.083710
0.083863
0.083269
0.084428
0.084094
0.086958
0.086928
0.090813
0.095017
0.087067
0.089749
0.089136
0.088276
0.088507
0.094109
0.091397
0.094313
0.087603
0.089342
0.082788
0.082750
0.083414
0.083039
0.083082
0.082859
0.086936
0.087125
0.088757
0.094951
0.084300
0.084679
0.087777
0.087010
0.085991
0.086143
0.086890
0.085963
0.091600
0.097658
0.088635
0.087979
0.086108
0.084494
0.084240
0.084586
0.085480
0.084070
0.086374
0.090123
0.083575
0.085694
0.085146
0.085382
0.085695
0.086190
0.086601
0.084395