total_time:
1.424158
1.422226
1.416640
1.415993
1.414432
1.416078
1.414768
1.411257
1.409597
1.411197
1.423769
1.425774
1.416748
1.412908
1.411752
1.409871
1.412328
1.413254
1.411555
1.410701
1.422383
1.415375
1.411361
1.411278
1.407831
1.407306
1.412449
1.412238
1.413528
1.408404
1.428166
1.424524
1.415084
1.413226
1.412550
1.409762
1.408583
1.408413
1.411190
1.411038
1.455526
1.444576
1.444452
1.441251
1.439124
1.438491
1.436272
1.423319
1.423471
1.421464
1.451393
1.453293
1.450182
1.442920
1.443351
1.434462
1.431932
1.427544
1.407079
1.411636
1.426858
1.421590
1.410799
1.409503
1.412255
1.410402
1.412691
1.410780
1.410108
1.409937
1.450576
1.453688
1.438347
1.436784
1.426661
1.436736
1.423262
1.419187
1.418036
1.417885
1.439344
1.427747
1.421714
1.428553
1.420903
1.410415
1.405426
1.405898
1.401828
1.401796
1.434832
1.436262
1.423634
1.420450
1.423323
1.414121
1.406118
1.411947
1.385139
1.408178