total_time:
0.048572
0.046981
0.04701
0.046949
0.046767
0.046585
0.046573
0.046489
0.046742
0.048839
0.047358
0.047067
0.047058
0.046991
0.046988
0.047036
0.04682
0.046974
0.047862
0.047518
0.047554
0.047518
0.047551
0.047468
0.047467
0.047468
0.04847
0.046799
0.046638
0.046678
0.046686
0.046708
0.046588
0.046524
0.046614
0.048461
0.046944
0.046723
0.046776
0.046695
0.046663
0.046717
0.046613
0.046646
0.048328
0.046951
0.046677
0.046537
0.046661
0.046507
0.046527
0.046504
0.046642
0.048365
0.046884
0.046817
0.046949
0.046692
0.046609
0.046578
0.046564
0.046636
0.048501
0.046919
0.046885
0.047038
0.04658
0.046571
0.046695
0.046652
0.046766
0.048537
0.046896
0.046983
0.046652
0.04657
0.046528
0.046644
0.046633
0.046617
0.047648
0.047637
0.04728
0.047088
0.047472
0.047284
0.047264
0.047206
