total_time:
0.071491
0.000900
0.000864
0.000875
0.000862
0.000867
0.000861
0.000864
0.000859
0.000865
0.072880
0.000929
0.000900
0.000899
0.000897
0.000884
0.000887
0.000890
0.000893
0.000883
0.074990
0.000930
0.000902
0.000896
0.000902
0.000891
0.000898
0.000897
0.000900
0.000896
0.075435
0.000927
0.000910
0.000895
0.000900
0.000895
0.000902
0.000899
0.000903
0.000890
0.075149
0.000934
0.000905
0.000900
0.000897
0.000885
0.000901
0.000887
0.000895
0.000892
0.071515
0.000930
0.000904
0.000891
0.000899
0.000887
0.000887
0.000893
0.000896
0.000884
0.071436
0.000928
0.000900
0.000894
0.000895
0.000886
0.000895
0.000890
0.000899
0.000888
0.071291
0.000936
0.000906
0.000902
0.000905
0.000892
0.000894
0.000889
0.000903
0.000890
0.072191
0.000929
0.000896
0.000893
0.000898
0.000886
0.000887
0.000883
0.000895
0.000884
0.077039
0.000899
0.000866
0.000865
0.000861
0.000855
0.000857
0.000863
0.000855
0.000903