compile_opencl_time:
0.118165
0.117774
0.117861
0.120378
0.118181
0.120832
0.118860
0.120006
0.118796
0.118477
total_time:
0.003520
0.001464
0.001394
0.001288
0.001254
0.001227
0.001258
0.001271
0.001125
0.001161
0.003513
0.001718
0.001394
0.001509
0.001336
0.001394
0.001344
0.001267
0.001361
0.001260
0.003530
0.001470
0.001577
0.001262
0.001537
0.001332
0.001425
0.001330
0.001382
0.001412
0.003446
0.001413
0.001526
0.001397
0.001410
0.001440
0.001359
0.001438
0.001245
0.001291
0.003330
0.001565
0.001380
0.001539
0.001410
0.001513
0.001382
0.001467
0.001280
0.001360
0.003374
0.001576
0.001614
0.001417
0.001230
0.001432
0.001307
0.001311
0.001392
0.001306
0.003423
0.001593
0.001413
0.001586
0.001468
0.001417
0.001365
0.001280
0.001338
0.001247
0.003602
0.001896
0.001658
0.001345
0.001477
0.001260
0.001367
0.001351
0.001243
0.001322
0.003549
0.001620
0.001429
0.001473
0.001289
0.001341
0.001358
0.001220
0.001234
0.001318
0.003554
0.001501
0.001398
0.001253
0.001249
0.001239
0.001566
0.001131
0.001203
0.001345