compile_opencl_time:
0.071125
0.069697
0.068610
0.069410
0.068112
0.070649
0.068689
0.068969
0.068881
0.069763
total_time:
0.001784
0.001613
0.001300
0.001347
0.001238
0.001168
0.001192
0.001230
0.001342
0.001208
0.001597
0.001111
0.001086
0.001034
0.000988
0.000980
0.001001
0.000988
0.000976
0.001019
0.001621
0.001227
0.001188
0.001185
0.001119
0.001174
0.001150
0.001175
0.001131
0.001100
0.001478
0.001116
0.001002
0.001023
0.000964
0.000931
0.000954
0.000951
0.000936
0.000946
0.001496
0.001232
0.001150
0.001165
0.001065
0.001076
0.001129
0.001020
0.001122
0.001106
0.001519
0.001623
0.001272
0.001187
0.001112
0.001181
0.001195
0.001166
0.001143
0.001131
0.001629
0.001438
0.001324
0.001147
0.001143
0.001121
0.001142
0.001155
0.001048
0.001101
0.001561
0.001682
0.001595
0.001429
0.001401
0.001407
0.001579
0.001383
0.001492
0.001358
0.001680
0.001306
0.001445
0.001350
0.001212
0.001085
0.001044
0.000996
0.001082
0.000978
0.001740
0.001333
0.001315
0.001228
0.001211
0.001146
0.001182
0.001141
0.001186
0.001140