total_time:
0.000424
0.000125
0.000125
0.000124
0.000130
0.000123
0.000123
0.000122
0.000122
0.000123
0.000576
0.000151
0.000142
0.000145
0.000142
0.000140
0.000152
0.000154
0.000146
0.000147
0.000444
0.000137
0.000147
0.000131
0.000129
0.000131
0.000128
0.000128
0.000128
0.000131
0.000663
0.000151
0.000145
0.000142
0.000143
0.000148
0.000145
0.000146
0.000145
0.000141
0.000728
0.000157
0.000145
0.000140
0.000137
0.000138
0.000137
0.000138
0.000140
0.000141
0.000671
0.000140
0.000137
0.000137
0.000143
0.000137
0.000135
0.000134
0.000135
0.000137
0.000552
0.000143
0.000139
0.000136
0.000137
0.000135
0.000134
0.000139
0.000134
0.000135
0.000686
0.000150
0.000144
0.000151
0.000148
0.000143
0.000144
0.000142
0.000142
0.000142
0.000699
0.000239
0.000146
0.000144
0.000140
0.000141
0.000140
0.000142
0.000150
0.000140
0.000553
0.000140
0.000146
0.000137
0.000135
0.000135
0.000135
0.000135
0.000135
0.000139