total_time:
0.000972
0.000848
0.000845
0.000845
0.000858
0.000858
0.000859
0.000854
0.000854
0.000927
0.000912
0.000848
0.000840
0.000841
0.000836
0.000832
0.000849
0.000852
0.000752
0.000622
0.001065
0.000992
0.000981
0.000985
0.000985
0.000883
0.000766
0.000753
0.000578
0.000817
0.001105
0.000994
0.000988
0.000984
0.000993
0.000991
0.000993
0.000988
0.000996
0.000993
0.001112
0.000884
0.000865
0.000865
0.000864
0.000866
0.000868
0.000867
0.000839
0.000625
0.001115
0.000998
0.000990
0.000992
0.000988
0.000987
0.001001
0.000917
0.000603
0.000616
0.001046
0.000859
0.000857
0.000774
0.000622
0.000601
0.000599
0.000590
0.000607
0.000601
0.001126
0.001005
0.001000
0.001037
0.000655
0.000598
0.000592
0.000591
0.000596
0.000725
0.001149
0.001032
0.001025
0.001026
0.001025
0.001026
0.001027
0.001029
0.001035
0.000856
0.000998
0.000878
0.000870
0.000869
0.000870
0.000860
0.000638
0.000603
0.000605
0.000598