total_time:
0.148462
0.061617
0.059731
0.059737
0.059687
0.059911
0.059885
0.059807
0.059812
0.059881
0.148520
0.061601
0.059711
0.059727
0.059719
0.059906
0.059915
0.059839
0.059804
0.059899
0.149340
0.061579
0.060157
0.060113
0.059740
0.059785
0.059656
0.059883
0.059872
0.059847
0.150918
0.061621
0.060090
0.059689
0.059687
0.059670
0.059833
0.059786
0.059776
0.059825
0.152486
0.061587
0.060093
0.060058
0.059685
0.059671
0.059667
0.059810
0.059798
0.059818
0.155466
0.061628
0.060187
0.059741
0.059782
0.059737
0.059864
0.059834
0.059912
0.059895
0.153665
0.061577
0.060090
0.060067
0.059712
0.059700
0.059710
0.059837
0.059837
0.059826
0.150422
0.061661
0.059775
0.059731
0.059709
0.059877
0.059822
0.059871
0.059899
0.059864
0.154305
0.061529
0.060086
0.060054
0.059620
0.059675
0.059627
0.059785
0.059755
0.059802
0.154401
0.061670
0.059789
0.059766
0.059746
0.059858
0.059990
0.059911
0.059916
0.059907