total_time:
0.144479
0.068718
0.068888
0.067977
0.068290
0.068176
0.068265
0.067959
0.068202
0.067987
0.141216
0.068561
0.068442
0.067723
0.067700
0.067752
0.067616
0.068855
0.068706
0.068854
0.142164
0.068621
0.068850
0.067839
0.068039
0.067832
0.068012
0.067762
0.067998
0.067809
0.140619
0.068496
0.068629
0.067624
0.067620
0.067602
0.067689
0.067533
0.069514
0.069156
0.141867
0.068518
0.068799
0.067843
0.068014
0.068077
0.067963
0.067919
0.068040
0.067898
0.141877
0.068786
0.068891
0.067931
0.068099
0.067984
0.068099
0.067878
0.068082
0.067912
0.141975
0.068644
0.068718
0.067902
0.067869
0.067924
0.067895
0.067870
0.067885
0.067893
0.142041
0.068594
0.068788
0.067874
0.067937
0.067886
0.068025
0.067838
0.068002
0.067831
0.140820
0.068502
0.068732
0.067746
0.067935
0.067990
0.068021
0.069621
0.072662
0.072614
0.140761
0.068711
0.068741
0.067837
0.067835
0.067695
0.067802
0.067805
0.067930
0.067812