compile_opencl_time:
0.149292
0.141949
0.141382
0.141304
0.143200
0.143456
0.142664
0.143002
0.141875
0.140277
total_time:
0.032466
0.029679
0.029511
0.029662
0.029593
0.029301
0.029393
0.029463
0.029231
0.029704
0.031711
0.028968
0.028701
0.029074
0.029157
0.028970
0.029019
0.029122
0.029085
0.028803
0.031794
0.029025
0.028935
0.029231
0.029133
0.029127
0.029013
0.028942
0.029199
0.029130
0.032070
0.029299
0.029097
0.029136
0.029200
0.029077
0.028919
0.029104
0.028822
0.029027
0.031952
0.029106
0.029002
0.029200
0.028970
0.029143
0.029214
0.029157
0.028942
0.029011
0.031727
0.029236
0.028750
0.029270
0.028915
0.029146
0.028876
0.029238
0.029047
0.029134
0.032083
0.029066
0.028765
0.029194
0.028908
0.029066
0.029110
0.029197
0.029126
0.029181
0.031967
0.029031
0.029314
0.029006
0.029003
0.028767
0.029055
0.028971
0.029032
0.028902
0.032161
0.029125
0.028795
0.028883
0.028917
0.028782
0.028952
0.029330
0.029015
0.028760
0.032080
0.028827
0.028956
0.028943
0.029004
0.029011
0.028836
0.028922
0.028664
0.029091