total_time:
0.187189
0.185722
0.184743
0.184541
0.186216
0.186249
0.185256
0.185446
0.185428
0.185462
0.187497
0.189296
0.187813
0.186176
0.187469
0.186059
0.186879
0.185656
0.187033
0.186539
0.187078
0.184804
0.183167
0.185535
0.184834
0.185388
0.183073
0.184696
0.183875
0.184946
0.183947
0.184431
0.182660
0.183373
0.183217
0.183739
0.184121
0.182864
0.183331
0.183441
0.186299
0.184001
0.186429
0.184483
0.185274
0.184877
0.184906
0.185919
0.184052
0.184253
0.185335
0.185207
0.184167
0.182844
0.182597
0.183392
0.183488
0.183486
0.183269
0.183677
0.189480
0.185232
0.184620
0.185288
0.187364
0.184746
0.186659
0.185261
0.186578
0.184624
0.187633
0.186964
0.186406
0.185089
0.185973
0.186063
0.186152
0.186288
0.185012
0.186261
0.185715
0.185319
0.185222
0.183502
0.184517
0.183194
0.186827
0.183530
0.183911
0.183043
0.188528
0.183977
0.187559
0.186060
0.187328
0.186063
0.185128
0.185083
0.186453
0.185756