total_time:
0.000866
0.000857
0.000867
0.00086
0.000838
0.000849
0.000865
0.000856
0.000846
0.000864
0.000852
0.000856
0.000864
0.000848
0.000852
0.000845
0.000853
0.000837
0.000848
0.000844
0.000856
0.000858
0.000833
0.000848
0.000845
0.000854
0.000827
0.000867
0.000856
0.000862
0.000851
0.000836
0.000853
0.000853
0.00085
0.00085
0.000862
0.000872
0.000871
0.000856
0.000841
0.000849
0.000848
0.000846
0.000858
0.000822
0.00087
0.000852
0.000845
0.000853
0.000857
0.000862
0.000847
0.000859
0.000844
0.000868
0.000863
0.000847
0.000843
0.000843
0.000858
0.000833
0.000847
0.000845
0.000855
0.000859
0.000856
0.000846
0.00084
0.000854
0.000843
0.00085
0.000848
0.000844
0.000852
0.000853
0.000854
0.000852
0.00085
0.000852
0.00083
