total_time:
0.000586
0.000572
0.000575
0.000566
0.000566
0.000567
0.000577
0.000568
0.000587
0.000586
0.000574
0.000571
0.000569
0.00057
0.000569
0.000579
0.000568
0.000581
0.000568
0.000575
0.000571
0.00057
0.000563
0.000575
0.000564
0.00059
0.000578
0.000573
0.000579
0.000574
0.000578
0.000566
0.000578
0.000572
0.000579
0.000564
0.000569
0.000571
0.000561
0.000559
0.000558
0.000563
0.00055
0.000582
0.000578
0.000571
0.000569
0.000574
0.000564
0.000573
0.000574
0.000578
0.000568
0.000594
0.000585
0.000585
0.000574
0.000574
0.000575
0.000573
0.000583
0.000573
0.000588
0.000572
0.000573
0.000581
0.000573
0.000574
0.000569
0.000601
0.000599
0.000584
0.00057
0.000577
0.000575
0.000561
0.000564
0.000569
0.000572
0.000562
