total_time:
0.000888
0.000884
0.0009
0.000882
0.000898
0.000872
0.000903
0.000897
0.00091
0.000896
0.00089
0.000904
0.000883
0.000882
0.00087
0.000893
0.000894
0.000894
0.00089
0.000889
0.000896
0.000882
0.000879
0.000875
0.000887
0.00089
0.000907
0.0009
0.000885
0.000903
0.000875
0.000891
0.000866
0.000899
0.000898
0.000905
0.000887
0.000887
0.000901
0.000883
0.000887
0.00087
0.000901
0.000893
0.000897
0.000891
0.000883
0.000896
0.000878
0.000882
0.000884
0.000887
0.000898
0.000898
0.000889
0.000878
0.000888
0.000874
0.000883
0.000884
0.000899
0.000892
0.000896
0.000887
0.000884
0.000902
0.000888
0.000885
0.000869
0.000902
0.000893
0.0009
0.000891
0.000884
0.000892
0.000872
0.000885
0.000871
0.000895
0.000885
