total_time:
0.000533
0.000479
0.000477
0.000466
0.000467
0.000471
0.000468
0.000469
0.000472
0.00055
0.000589
0.000538
0.000541
0.000536
0.000538
0.000536
0.00054
0.000549
0.000513
0.000517
0.000522
0.000515
0.000501
0.000512
0.000509
0.000512
0.000501
0.000449
0.000442
0.000499
0.000446
0.00044
0.000445
0.000459
0.000442
0.000447
0.000589
0.000584
0.000586
0.000582
0.000621
0.000578
0.000571
0.000588
0.000578
0.000732
0.000676
0.000676
0.000671
0.00068
0.000668
0.000667
0.000671
0.00067
0.000447
0.000458
0.00045
0.000444
0.000437
0.000437
0.000444
0.000443
0.000438
0.000513
0.000515
0.000514
0.000518
0.000504
0.000512
0.00051
0.000513
0.000504
0.000483
0.000479
0.000473
0.000478
0.000469
0.000471
0.000477
0.000475
0.000472
0.000479
0.00052
0.000476
0.000473
0.000482
0.000473
0.000468
0.00047
0.000467
