compile_opencl_time:
0.002272
0.002334
0.002497
0.002327
0.002249
0.002330
0.002278
0.002387
0.002344
0.002387
total_time:
0.326641
0.326642
0.319214
0.319207
0.318858
0.318934
0.318723
0.319432
0.319042
0.319096
0.409006
0.408066
0.400682
0.400623
0.400419
0.400377
0.400401
0.400377
0.400463
0.400327
0.333694
0.334448
0.326400
0.325927
0.326852
0.326719
0.325650
0.326375
0.326751
0.326033
0.360306
0.358305
0.350602
0.350353
0.350356
0.350604
0.350589
0.350645
0.350901
0.350499
0.372102
0.371540
0.363720
0.363841
0.363576
0.363724
0.363565
0.363742
0.363704
0.363766
0.338347
0.337676
0.330138
0.330289
0.330183
0.330012
0.329898
0.330259
0.330142
0.330488
0.373672
0.371394
0.363710
0.363526
0.363694
0.363503
0.363777
0.363951
0.363879
0.363756
0.360492
0.360832
0.353050
0.352993
0.353075
0.352850
0.352825
0.352860
0.353041
0.353160
0.377932
0.375489
0.367376
0.367479
0.367425
0.367360
0.367334
0.367660
0.367590
0.367341
0.367971
0.365903
0.358206
0.358284
0.358569
0.358335
0.358355
0.358340
0.358188
0.358321