total_time:
4e-05
3.8e-05
3.5e-05
3.6e-05
3.4e-05
3.5e-05
3.5e-05
3.6e-05
3.8e-05
3.6e-05
3.7e-05
3.7e-05
4.5e-05
3.5e-05
3.7e-05
3.5e-05
3.6e-05
4.7e-05
4.1e-05
4.3e-05
4.1e-05
4.3e-05
3.9e-05
4.1e-05
4.1e-05
4.2e-05
4.4e-05
4.3e-05
4.5e-05
4.1e-05
4.3e-05
4.1e-05
4.4e-05
4.2e-05
4.4e-05
4.1e-05
3.7e-05
3.9e-05
4.2e-05
4.1e-05
3.6e-05
4e-05
3.6e-05
4e-05
4e-05
3.6e-05
4.1e-05
3.8e-05
3.8e-05
3.7e-05
3.7e-05
3.5e-05
3.9e-05
4.5e-05
4.1e-05
4.4e-05
4e-05
4.1e-05
4e-05
4.1e-05
4e-05
4.1e-05
4.4e-05
3.9e-05
4.1e-05
3.9e-05
4.1e-05
3.8e-05
4e-05
4.3e-05
3.9e-05
3.8e-05
3.7e-05
3.8e-05
3.6e-05
3.7e-05
3.7e-05
3.7e-05
4.3e-05
4e-05
4e-05
3.9e-05
4.4e-05
3.9e-05
4e-05
3.9e-05
4.1e-05
