total_time:
0.0006
0.000594
0.000602
0.000598
0.000597
0.000592
0.000595
0.000593
0.00061
0.000602
0.000602
0.000601
0.0006
0.000596
0.000595
0.000602
0.000607
0.0006
0.000604
0.000596
0.000597
0.000596
0.000594
0.000615
0.000599
0.000597
0.0006
0.0006
0.000594
0.0006
0.000594
0.000598
0.000605
0.000599
0.0006
0.000601
0.00061
0.000605
0.000596
0.000594
0.000595
0.000603
0.000602
0.0006
0.000607
0.0006
0.000616
0.000598
0.000598
0.000592
0.000606
0.000598
0.000601
0.0006
0.000595
0.000595
0.000593
0.000594
0.00058
0.000598
0.000603
0.000599
0.000597
0.000596
0.000593
0.000595
0.000595
