total_time:
0.00064
0.000638
0.000649
0.000657
0.000656
0.000663
0.00067
0.000652
0.00064
0.000627
0.000645
0.000656
0.000638
0.000651
0.000649
0.000658
0.00065
0.000628
0.000639
0.000657
0.000641
0.000658
0.000651
0.000656
0.000644
0.000663
0.000643
0.00064
0.000653
0.000636
0.000659
0.000637
0.000656
0.000634
0.000644
0.000638
0.000651
0.000656
0.000653
0.000659
0.000656
0.000654
0.00065
0.000635
0.000664
0.000646
0.00066
0.000646
0.000661
0.00065
0.000656
0.000637
0.000631
0.000642
0.000651
0.000658
0.000659
0.000656
0.000652
0.000659
0.000641
0.000666
0.000647
0.000649
0.000663
0.000658
0.000655
0.000649
0.000656
0.000641
