compile_opencl_time:
0.132518
0.131361
0.134457
0.135596
0.133569
0.132824
0.133328
0.132604
total_time:
0.001278
0.001383
0.001287
0.001272
0.001225
0.001282
0.001312
0.001231
0.001221
0.001161
0.000924
0.000979
0.001303
0.001051
0.000948
0.001007
0.001052
0.000952
0.001092
0.001184
0.000956
0.000936
0.00102
0.000884
0.0009
0.000905
0.001197
0.001224
0.001252
0.000975
0.00087
0.000991
0.000896
0.000915
0.000948
0.001122
0.000995
0.000955
0.000902
0.000973
0.000939
0.000842
0.000861
0.000737
0.000834
0.001143
0.001086
0.000959
0.001059
0.000916
0.001029
0.000959
0.001022
0.000946
0.001141
0.000911
0.000968
0.00097
0.000909
0.000902
0.000945
0.000845
0.000948
0.001044
0.001041
0.000982
0.001023
0.000949
0.001032
0.000962
0.001082
0.000999
0.001209
0.000928
0.000924
0.000898
0.000928
0.000799
0.000897
0.000742
0.001084
0.001106
0.001066
0.000952
0.001064
0.00094
0.001083
0.000925
0.001081
0.000891
