total_time:
0.096750
0.024550
0.024597
0.024291
0.024406
0.024307
0.024277
0.024224
0.024244
0.024220
0.098042
0.024307
0.024407
0.024040
0.023990
0.023937
0.023986
0.024008
0.023981
0.023949
0.099379
0.024368
0.024406
0.024037
0.023986
0.023926
0.023982
0.024003
0.023972
0.023950
0.097081
0.024338
0.024387
0.024071
0.024022
0.023972
0.023975
0.024016
0.023998
0.023996
0.096407
0.024319
0.024385
0.024046
0.023974
0.024014
0.024008
0.024012
0.023960
0.023991
0.097028
0.024327
0.024381
0.024091
0.024051
0.023982
0.023999
0.024029
0.024066
0.024043
0.095262
0.024375
0.024374
0.024037
0.024039
0.023991
0.024004
0.024018
0.024029
0.023994
0.097543
0.024390
0.024433
0.024071
0.024043
0.024023
0.024004
0.024036
0.024038
0.024040
0.098521
0.024315
0.024421
0.024054
0.023996
0.023951
0.024000
0.024001
0.024007
0.023949
0.097635
0.024346
0.024348
0.023997
0.024058
0.023994
0.023979
0.024029
0.024041
0.023999