compile_opencl_time:
0.148577
0.140069
0.144466
0.140141
0.159332
0.142261
0.148041
0.138823
0.147102
0.140007
total_time:
0.014111
0.011916
0.011969
0.011824
0.011720
0.011798
0.011630
0.011765
0.011644
0.011674
0.013567
0.011946
0.011906
0.011573
0.011734
0.011324
0.011068
0.011314
0.010979
0.011004
0.013562
0.012103
0.011779
0.011351
0.011450
0.011414
0.011448
0.011401
0.011375
0.011374
0.013576
0.011665
0.011636
0.011361
0.011611
0.011466
0.011357
0.011455
0.011316
0.011364
0.013680
0.011937
0.011551
0.011520
0.011523
0.011490
0.011516
0.011395
0.011514
0.011595
0.013564
0.012149
0.011853
0.011619
0.012192
0.011926
0.011640
0.011581
0.011458
0.011562
0.013700
0.011601
0.011560
0.011256
0.011366
0.011306
0.011256
0.011339
0.011194
0.011125
0.013602
0.011571
0.011482
0.011367
0.011335
0.011641
0.011367
0.011108
0.011411
0.011167
0.013541
0.011858
0.011585
0.011340
0.011298
0.011237
0.011294
0.011266
0.011262
0.011286
0.013447
0.011614
0.011454
0.011306
0.011294
0.011268
0.011165
0.011412
0.011132
0.011326