total_time:
0.081349
0.001721
0.001668
0.001705
0.001667
0.001657
0.001664
0.001665
0.001662
0.001660
0.079538
0.001530
0.001515
0.001516
0.001519
0.001507
0.001542
0.001509
0.001507
0.001507
0.087858
0.001447
0.001419
0.001462
0.001420
0.001406
0.001458
0.001411
0.001411
0.001402
0.077510
0.001712
0.001649
0.001673
0.001639
0.001630
0.001643
0.001666
0.001632
0.001633
0.080761
0.001654
0.001612
0.001604
0.001597
0.001609
0.001601
0.001595
0.001606
0.001598
0.079416
0.001542
0.001539
0.001524
0.001522
0.001523
0.001521
0.001525
0.001526
0.001548
0.076381
0.001382
0.001354
0.001359
0.001354
0.001350
0.001355
0.001357
0.001339
0.001347
0.079110
0.001445
0.001435
0.001420
0.001460
0.001424
0.001441
0.001417
0.001420
0.001410
0.075312
0.001579
0.001565
0.001591
0.001557
0.001573
0.001553
0.001540
0.001552
0.001539
0.077425
0.001550
0.001505
0.001488
0.001496
0.001490
0.001497
0.001493
0.001500
0.001490