total_time:
0.076965
0.003670
0.003613
0.003597
0.003621
0.003713
0.003699
0.003740
0.003722
0.003732
0.080190
0.003424
0.003344
0.003418
0.003432
0.003444
0.003551
0.003503
0.003480
0.003431
0.079915
0.003267
0.003204
0.003238
0.003262
0.003264
0.003269
0.003349
0.003392
0.003346
0.078598
0.003747
0.003703
0.003692
0.003703
0.003733
0.003696
0.003710
0.003677
0.003724
0.082399
0.003684
0.003659
0.003653
0.003630
0.003642
0.003666
0.003640
0.003738
0.003641
0.080069
0.003385
0.003371
0.003445
0.003422
0.003423
0.003449
0.003470
0.003419
0.003504
0.078681
0.003142
0.003085
0.003091
0.003089
0.003116
0.003186
0.003160
0.003199
0.003220
0.077860
0.003309
0.003384
0.003356
0.003390
0.003339
0.003381
0.003365
0.003353
0.003365
0.078899
0.003594
0.003514
0.003582
0.003519
0.003552
0.003531
0.003515
0.003566
0.003519
0.075416
0.003369
0.003309
0.003349
0.003330
0.003312
0.003388
0.003378
0.003346
0.003346