total_time:
0.002503
0.002363
0.001669
0.001674
0.001706
0.001657
0.001653
0.001680
0.001691
0.001753
0.002248
0.001695
0.001955
0.001711
0.001678
0.001710
0.001669
0.001712
0.001784
0.001984
0.002749
0.002588
0.002429
0.001666
0.001626
0.001888
0.001661
0.001644
0.002179
0.001736
0.002512
0.002430
0.002419
0.001857
0.001678
0.001945
0.001682
0.001703
0.001657
0.001676
0.002498
0.002482
0.002491
0.002500
0.002509
0.002515
0.002502
0.002520
0.002510
0.002497
0.002579
0.002039
0.001662
0.001647
0.001673
0.001642
0.001678
0.001828
0.002125
0.001722
0.002785
0.002602
0.002625
0.002274
0.001638
0.001634
0.001673
0.001676
0.001664
0.001682
0.001725
0.001698
0.001666
0.001842
0.001939
0.001610
0.001610
0.001646
0.001667
0.001675
0.001723
0.001763
0.001906
0.001661
0.001788
0.001777
0.001991
0.001902
0.001874
0.001902
0.001779
0.001660
0.001662
0.001702
0.001688
0.002231
0.002059
0.001637
0.001660
0.001633