total_time:
0.084402
0.008857
0.008736
0.008640
0.008776
0.008775
0.008302
0.008304
0.008266
0.008308
0.086699
0.010075
0.009999
0.009722
0.009526
0.009712
0.009834
0.009936
0.009618
0.009773
0.083680
0.009370
0.009221
0.009175
0.008882
0.008947
0.009149
0.009115
0.008792
0.009028
0.086082
0.008987
0.008943
0.008509
0.008880
0.008644
0.009054
0.008832
0.008789
0.008708
0.087233
0.008785
0.009028
0.008808
0.008815
0.008747
0.008850
0.008770
0.009074
0.009146
0.090231
0.008692
0.008818
0.008438
0.008165
0.008323
0.008248
0.008267
0.008302
0.008318
0.084031
0.008537
0.008268
0.008465
0.008205
0.008513
0.008365
0.008328
0.008328
0.008323
0.088011
0.008492
0.008302
0.008478
0.008376
0.008144
0.008307
0.008321
0.008131
0.008494
0.087694
0.008602
0.008333
0.008270
0.008397
0.008204
0.008400
0.008214
0.008517
0.008270
0.086681
0.009479
0.009347
0.008959
0.008570
0.008795
0.008880
0.008780
0.008782
0.008862