compile_opencl_time:
0.069558
0.070616
0.070337
0.069932
0.071294
0.069601
0.069658
0.070009
0.070587
0.070084
total_time:
0.002357
0.002123
0.002860
0.001977
0.001777
0.001961
0.001838
0.001831
0.001918
0.001880
0.002104
0.002005
0.001780
0.001697
0.001765
0.001665
0.001817
0.001685
0.001718
0.001815
0.002401
0.002411
0.001956
0.001776
0.001711
0.001732
0.001723
0.001723
0.001829
0.001670
0.002323
0.002079
0.002039
0.002334
0.002261
0.002229
0.001804
0.001640
0.001665
0.001645
0.002018
0.001846
0.001764
0.001866
0.001741
0.001757
0.001746
0.001784
0.001706
0.001666
0.002561
0.002566
0.001973
0.001768
0.001822
0.002119
0.002142
0.001880
0.002440
0.001765
0.002470
0.002068
0.001899
0.002289
0.002425
0.002276
0.002454
0.002275
0.002040
0.001804
0.002221
0.002346
0.002006
0.001734
0.001771
0.001773
0.001794
0.001789
0.001744
0.001733
0.002348
0.002016
0.001935
0.001961
0.001859
0.001919
0.001866
0.001849
0.001888
0.001807
0.002295
0.002140
0.001923
0.001897
0.001903
0.001862
0.001901
0.001801
0.001947
0.001922