total_time:
0.004667
0.004565
0.004557
0.004051
0.002968
0.003155
0.003194
0.002785
0.002930
0.003110
0.004636
0.003783
0.003046
0.003177
0.002957
0.002776
0.003330
0.002970
0.003140
0.003776
0.004296
0.003026
0.002984
0.003116
0.002798
0.003101
0.002970
0.002885
0.002964
0.003053
0.004605
0.003341
0.003298
0.003208
0.002818
0.003016
0.003282
0.003255
0.002940
0.002983
0.005007
0.003213
0.002981
0.003217
0.002876
0.002894
0.003180
0.003215
0.003408
0.003182
0.002943
0.002845
0.003082
0.002910
0.003230
0.002903
0.003296
0.002939
0.002984
0.003368
0.005001
0.004557
0.004463
0.004504
0.004560
0.004593
0.004593
0.004603
0.004587
0.004460
0.004977
0.004889
0.004999
0.005003
0.004994
0.005006
0.005013
0.005008
0.005008
0.004822
0.004745
0.004677
0.004629
0.004608
0.004716
0.004617
0.004610
0.004618
0.003217
0.002951
0.004660
0.003134
0.002972
0.003180
0.002776
0.002843
0.002755
0.003234
0.002913
0.002952