select_time:
0.000008
0.000006
0.000023
0.000012
0.000007
0.000006
0.000007
0.000023
0.000006
0.000006

total_time:
0.000726
0.000402
0.000501
0.000482
0.000467
0.000464
0.000447
0.000444
0.000452
0.000442
0.000688
0.000396
0.000367
0.046178
0.084971
0.109976
0.098978
0.086961
0.094963
0.086973
0.002028
0.000974
0.000994
0.001088
0.001088
0.001071
0.000411
0.000408
0.000464
0.000422
0.000981
0.000519
0.000494
0.000495
0.000476
0.000473
0.000453
0.000449
0.000448
0.000440
0.000728
0.000396
0.000372
0.000362
0.000366
0.000365
0.000361
0.000362
0.000362
0.000363
0.000739
0.000435
0.000400
0.000401
0.000391
0.000392
0.000394
0.000389
0.000391
0.000387
0.000703
0.000392
0.030329
0.099973
0.104977
0.093976
0.089979
0.085962
0.094975
0.087976
0.001944
0.000999
0.000965
0.001049
0.001043
0.000874
0.000411
0.000413
0.000409
0.000413
0.000727
0.000409
0.000371
0.000427
0.000417
0.000409
0.000401
0.000405
0.000403
0.000402
0.000706
0.000383
0.000359
0.000364
0.000356
0.000361
0.000360
0.000353
0.000354
0.000358
