total_time:
0.075089
0.001082
0.001085
0.001075
0.001065
0.001073
0.001058
0.001068
0.001065
0.001071
0.072158
0.000966
0.000955
0.000953
0.000952
0.000960
0.000959
0.000954
0.000952
0.000955
0.072509
0.000962
0.000959
0.000961
0.000959
0.000959
0.000956
0.000960
0.000952
0.000957
0.073724
0.001199
0.001223
0.001199
0.001188
0.001190
0.001194
0.001200
0.001200
0.001195
0.073646
0.001504
0.001500
0.001504
0.001494
0.001489
0.001484
0.001490
0.001497
0.001501
0.075738
0.000973
0.000988
0.000964
0.000960
0.000958
0.000958
0.000996
0.000953
0.000975
0.076395
0.001117
0.001083
0.001086
0.001072
0.001081
0.001082
0.001111
0.001090
0.001078
0.071977
0.001060
0.001026
0.001024
0.001025
0.001037
0.001028
0.001028
0.001028
0.001039
0.072421
0.001253
0.001207
0.001204
0.001200
0.001202
0.001202
0.001208
0.001198
0.001206
0.072806
0.001084
0.001076
0.001081
0.001074
0.001071
0.001074
0.001102
0.001074
0.001080