total_time:
0.076690
0.001185
0.001184
0.001184
0.001174
0.001194
0.001197
0.001224
0.001203
0.001240
0.073421
0.001068
0.001060
0.001068
0.001064
0.001068
0.001066
0.001066
0.001079
0.001074
0.072301
0.000959
0.000950
0.000952
0.000950
0.000962
0.000957
0.000956
0.000956
0.000959
0.072541
0.001332
0.001288
0.001290
0.001301
0.001300
0.001313
0.001296
0.001304
0.001286
0.074211
0.001667
0.001618
0.001615
0.001641
0.001617
0.001619
0.001609
0.001615
0.001617
0.072700
0.001074
0.001061
0.001066
0.001069
0.001064
0.001069
0.001086
0.001069
0.001071
0.076647
0.001272
0.001258
0.001285
0.001257
0.001255
0.001252
0.001262
0.001269
0.001262
0.073595
0.001137
0.001138
0.001133
0.001133
0.001128
0.001124
0.001132
0.001139
0.001142
0.072823
0.001415
0.001378
0.001374
0.001363
0.001369
0.001381
0.001372
0.001373
0.001369
0.075154
0.001101
0.001069
0.001060
0.001067
0.001092
0.001064
0.001062
0.001057
0.001090