compile_opencl_time:
0.13613
0.142411
0.142425
0.134869
0.134919
0.136879
0.142124
0.142955
0.13446
0.136325
total_time:
0.082463
0.082618
0.082962
0.082757
0.083005
0.08278
0.082592
0.082973
0.083077
0.083139
0.082741
0.082978
0.082747
0.083312
0.083118
0.082411
0.082112
0.08245
0.082748
0.083432
0.083235
0.083089
0.083122
0.083078
0.083324
0.083101
0.083537
0.082594
0.083268
0.083138
0.08277
0.083065
0.082945
0.083332
0.083031
0.082766
0.083149
0.08279
0.082582
0.082638
0.083029
0.082995
0.08283
0.082312
0.082299
0.08279
0.08318
0.083409
0.083495
0.083403
0.082949
0.083121
0.083283
0.082811
0.082447
0.082609
0.082692
0.082177
0.081915
0.082489
0.082122
0.081817
0.082005
0.081672
0.081753
0.081331
0.081817
0.081505
0.081519
0.081676
0.082246
0.082485
0.082199
0.082589
0.081968
0.081903
0.082516
0.08211
0.082538
