compile_opencl_time:
0.079275
0.081008
0.082151
0.082373
0.081849
0.078613
0.076386
0.077126
0.08176
0.080904
total_time:
0.046502
0.045586
0.042893
0.043984
0.047166
0.04932
0.045962
0.044072
0.047721
0.045861
0.049765
0.048157
0.046685
0.045589
0.044178
0.047587
0.047124
0.046863
0.046788
0.048181
0.047861
0.048638
0.0462
0.044611
0.045281
0.047013
0.047224
0.046948
0.047587
0.045053
0.048233
0.049483
0.046345
0.046039
0.048616
0.046057
0.048561
0.046886
0.047242
0.046816
0.049206
0.047318
0.044113
0.042854
0.043782
0.045595
0.045109
0.044142
0.046245
0.044745
0.046877
0.048594
0.045942
0.045558
0.048677
0.044774
0.044137
0.047777
0.044615
0.046267
0.046608
0.047127
0.045079
0.04616
0.048361
0.045989
0.046567
0.048793
0.047238
0.047031
0.046826
0.048046
0.045571
0.04428
0.044446
0.045144
0.044062
0.047147
0.045784
0.043676
0.046359
0.047923
0.045002
0.044498
0.043234
0.042967
0.043276
0.043691
0.043217
0.046711
0.047484
0.047499
0.044538
0.046569
0.047288
0.045586
0.044735
0.044234
0.046284
0.045012
