total_time:
0.163133
0.162044
0.162214
0.162504
0.162033
0.162097
0.161998
0.16195
0.162022
0.163177
0.162568
0.162056
0.162043
0.162193
0.162139
0.162418
0.162468
0.162022
0.163342
0.16203
0.162195
0.161807
0.161962
0.161772
0.161807
0.162027
0.16177
0.163193
0.162192
0.162073
0.162054
0.162295
0.162046
0.162096
0.162318
0.162045
0.162989
0.161202
0.161628
0.161219
0.161452
0.161451
0.161233
0.161235
0.161174
0.163038
0.162309
0.161885
0.161975
0.162269
0.162084
0.161927
0.162416
0.161957
0.163194
0.161348
0.161365
0.161389
0.16136
0.161494
0.161335
0.161385
0.161402
0.16308
0.162127
0.162023
0.162088
0.161838
0.161944
0.16188
0.161773
0.162422
0.162798
0.161654
0.161925
0.16164
0.16173
0.161669
0.161714
0.161719
0.161996
0.162947
0.161877
0.161857
0.161781
0.162092
0.16182
0.161742
0.161958
0.161865
