total_time:
0.071073
0.000586
0.000540
0.000535
0.000540
0.000541
0.000534
0.000537
0.000533
0.000532
0.070662
0.000561
0.000577
0.000532
0.000529
0.000530
0.000529
0.000530
0.000529
0.000530
0.071773
0.000583
0.000530
0.000530
0.000530
0.000530
0.000529
0.000530
0.000531
0.000532
0.072444
0.000546
0.000532
0.000534
0.000574
0.000531
0.000532
0.000531
0.000533
0.000577
0.076414
0.000566
0.000561
0.000558
0.000561
0.000561
0.000560
0.000559
0.000561
0.000557
0.073846
0.000584
0.000532
0.000553
0.000530
0.000533
0.000535
0.000533
0.000530
0.000530
0.071529
0.000568
0.000566
0.000565
0.000565
0.000563
0.000580
0.000564
0.000559
0.000558
0.070939
0.000583
0.000535
0.000531
0.000531
0.000531
0.000530
0.000530
0.000532
0.000530
0.073269
0.000546
0.000532
0.000533
0.000531
0.000538
0.000531
0.000532
0.000528
0.000534
0.073782
0.000541
0.000533
0.000533
0.000540
0.000534
0.000533
0.000561
0.000531
0.000531