total_time:
0.071817
0.000867
0.000861
0.000855
0.000865
0.000844
0.000858
0.000861
0.000872
0.000863
0.078488
0.000875
0.000866
0.000853
0.000870
0.000835
0.000860
0.000844
0.000871
0.000861
0.074330
0.000880
0.000856
0.000853
0.000893
0.000851
0.000845
0.000847
0.000893
0.000861
0.072917
0.000873
0.000889
0.000856
0.000867
0.000857
0.000888
0.000844
0.000872
0.000863
0.075245
0.000952
0.000932
0.000933
0.000946
0.000940
0.000930
0.000915
0.000944
0.000929
0.072702
0.000871
0.000863
0.000855
0.000866
0.000844
0.000851
0.000840
0.000869
0.000864
0.073736
0.000949
0.000944
0.000926
0.000948
0.000937
0.000923
0.000908
0.000946
0.000941
0.074662
0.000887
0.000858
0.000854
0.000856
0.000854
0.000855
0.000844
0.000865
0.000859
0.074412
0.000881
0.000884
0.000849
0.000884
0.000860
0.000851
0.000849
0.000873
0.000874
0.073286
0.000869
0.000870
0.000867
0.000868
0.000854
0.000854
0.000838
0.000853
0.000867