total_time:
0.000430
0.000414
0.000421
0.000432
0.000401
0.000399
0.000411
0.000401
0.000414
0.000405
0.000422
0.000360
0.000356
0.000358
0.000353
0.000353
0.000359
0.000354
0.000358
0.000359
0.000416
0.000383
0.000376
0.000378
0.000374
0.000374
0.000372
0.000372
0.000400
0.000397
0.000396
0.000362
0.000361
0.000357
0.000355
0.000357
0.000358
0.000358
0.000361
0.000358
0.000417
0.000379
0.000376
0.000371
0.000372
0.000373
0.000395
0.000397
0.000397
0.000396
0.000393
0.000352
0.000348
0.000350
0.000346
0.000345
0.000346
0.000345
0.000346
0.000362
0.000401
0.000360
0.000355
0.000358
0.000353
0.000353
0.000361
0.000359
0.000361
0.000358
0.000446
0.000348
0.000349
0.000343
0.000345
0.000349
0.000352
0.000352
0.000355
0.000355
0.000335
0.000264
0.000260
0.000268
0.000368
0.000368
0.000314
0.000262
0.000260
0.000260
0.000482
0.000420
0.000418
0.000410
0.000412
0.000409
0.000414
0.000413
0.000416
0.000417