total_time:
0.556634
0.481791
0.482187
0.477614
0.486954
0.489064
0.487567
0.487720
0.482370
0.496758
0.549191
0.504623
0.492394
0.488650
0.487964
0.486649
0.480234
0.476435
0.492058
0.492718
0.554893
0.478986
0.478190
0.493552
0.485470
0.484578
0.481381
0.478319
0.497301
0.485823
0.550627
0.491129
0.481477
0.485972
0.486563
0.481484
0.501723
0.488983
0.493562
0.484750
0.544795
0.482857
0.480594
0.482451
0.484773
0.478228
0.488089
0.479947
0.480359
0.480686
0.553547
0.480608
0.503891
0.492382
0.496262
0.487051
0.484985
0.479963
0.475935
0.481923
0.553216
0.487222
0.496304
0.487012
0.506522
0.493595
0.499596
0.489272
0.486817
0.480371
0.545703
0.499559
0.490162
0.494083
0.485215
0.479410
0.480360
0.479533
0.494425
0.492734
0.554255
0.485042
0.482372
0.485837
0.480591
0.480126
0.477966
0.475080
0.498439
0.487878
0.553600
0.477058
0.506754
0.495032
0.502208
0.492076
0.489454
0.481060
0.477663
0.508146