total_time:
0.090533
0.093855
0.090571
0.090431
0.09082
0.090493
0.0901
0.090411
0.090214
0.093558
0.098351
0.097649
0.093787
0.094415
0.094954
0.092655
0.092715
0.094489
0.105545
0.106638
0.109727
0.101725
0.098464
0.098308
0.105858
0.104859
0.109111
0.096668
0.105214
0.103417
0.101248
0.099102
0.1046
0.106607
0.106717
0.097187
0.098534
0.096823
0.094862
0.096609
0.096157
0.097829
0.097743
0.096197
0.096565
0.097562
0.097998
0.097654
0.10152
0.099133
0.098698
0.096116
0.096608
0.095917
0.095598
0.095553
0.095423
0.095049
0.094469
0.095646
0.09886
0.094196
0.09249
0.092664
0.094322
0.10059
0.096572
0.093822
0.094955
0.099331
0.095747
0.103908
0.093265
0.098589
0.09411
0.094094
0.096703
0.094289
0.103935
0.10552
0.103538
0.102254
0.100133
0.099902
0.100235
0.100809
0.099926
0.099645
0.095556
