total_time:
0.033416
0.032739
0.032615
0.032409
0.03231
0.032314
0.03229
0.032324
0.032292
0.033315
0.032733
0.0328
0.032861
0.032773
0.032814
0.032884
0.032838
0.032786
0.034572
0.033343
0.033449
0.033329
0.033554
0.033158
0.033133
0.033128
0.033113
0.033599
0.032799
0.033044
0.033077
0.032827
0.032803
0.033113
0.033378
0.033247
0.034307
0.033849
0.033545
0.033474
0.033555
0.033474
0.033328
0.033467
0.034018
0.033102
0.033006
0.03302
0.033131
0.03308
0.033067
0.03322
0.033047
0.033127
0.032693
0.032554
0.032735
0.032557
0.032564
0.032476
0.03259
0.03263
0.0327
0.0321
0.032105
0.032107
0.032108
0.032181
0.032195
0.03221
0.032115
0.033107
0.032428
0.032429
0.032435
0.032481
0.032428
0.032404
0.032441
0.0324
0.0338
0.033146
0.033147
0.033161
0.033154
0.033155
0.033248
0.033278
0.033097
