total_time:
0.093256
0.085333
0.085764
0.082765
0.081673
0.082054
0.084169
0.080321
0.080801
0.081209
0.094485
0.085476
0.082881
0.083056
0.082855
0.085146
0.082706
0.081771
0.093309
0.085352
0.092863
0.090042
0.084658
0.084878
0.085318
0.094347
0.091814
0.091992
0.092675
0.088278
0.139743
0.129444
0.124262
0.136104
0.121549
0.132113
0.133474
0.127407
0.137257
0.135714
0.150306
0.131758
0.173853
0.147217
0.121669
0.114982
0.123787
0.10466
0.098131
0.098018
0.096901
0.096681
0.098005
0.097134
0.108767
0.099907
0.10979
0.14165
0.105966
0.111174
0.10835
0.166935
0.131563
0.107154
0.104378
0.098563
0.133139
0.086262
0.084332
0.095621
0.091869
0.091567
0.10392
0.094312
0.084755
0.083484
0.084351
0.083924
0.085694
0.088753
0.084696
0.083826
0.084907
0.123435
0.106252
0.091706
0.088752
0.087936
0.087982
0.087265
0.091589
0.102375
0.093248
