total_time:
0.02623
0.025356
0.025835
0.025556
0.025513
0.025172
0.025164
0.025356
0.025186
0.025754
0.025214
0.025195
0.025195
0.025234
0.025189
0.025287
0.025192
0.025213
0.026128
0.025696
0.025631
0.025736
0.026108
0.025772
0.025872
0.025697
0.02574
0.027133
0.026102
0.026276
0.026354
0.026433
0.026306
0.026053
0.025962
0.026594
0.026113
0.026066
0.026037
0.025788
0.025914
0.026376
0.026044
0.025752
0.026017
0.02569
0.025693
0.02543
0.025581
0.025597
0.026033
0.025476
0.025548
0.025671
0.025047
0.025096
0.0251
0.02517
0.025145
0.025143
0.025209
0.025289
0.025567
0.024938
0.024916
0.024923
0.024998
0.025024
0.024933
0.024942
0.025
0.025552
0.025034
0.024898
0.024999
0.025278
0.025006
0.024945
0.024955
0.025121
0.025995
0.025361
0.025384
0.0254
0.025336
0.025386
0.025349
0.025374
0.025355
