total_time:
2.472668
2.479885
2.471251
2.465343
2.447768
2.440635
2.444263
2.447879
2.444627
2.443725
2.458991
2.442612
2.44315
2.431939
2.431164
2.433585
2.431212
2.424556
2.423382
2.471511
2.472227
2.451662
2.447563
2.445505
2.44868
2.454883
2.448555
2.439327
2.439055
2.471779
2.458571
2.448869
2.444097
2.437291
2.455089
2.43485
2.445735
2.437299
2.443698
2.517828
2.507495
2.50113
2.484486
2.483075
2.466579
2.44711
2.442401
2.438067
2.511477
2.497105
2.487188
2.484467
2.480862
2.470294
2.467106
2.452744
2.44049
2.438148
2.434934
2.433989
2.430491
2.431593
2.430754
2.469961
2.470133
2.441225
2.438913
2.446522
2.438249
2.43631
2.43334
2.438179
2.434163
2.460452
2.456766
2.442913
2.442495
2.48338
2.48533
2.45301
2.504261
2.449772
2.489257
2.457338
2.441447
2.435562
2.447555
2.446734
2.445048
2.441874
2.4399
2.441044
