total_time:
0.424839
0.42408
0.423802
0.424568
0.424766
0.424304
0.424087
0.423952
0.424096
0.424825
0.423234
0.423977
0.425611
0.424373
0.422978
0.422985
0.423011
0.423132
0.424061
0.422386
0.423833
0.42434
0.423511
0.423782
0.423522
0.423809
0.423625
0.424339
0.423834
0.423242
0.423821
0.423324
0.423639
0.424759
0.423878
0.424427
0.424242
0.423128
0.42249
0.42261
0.422366
0.422696
0.422434
0.422761
0.422436
0.425038
0.424097
0.424773
0.424254
0.424765
0.424479
0.423928
0.424583
0.423994
0.424351
0.423321
0.423732
0.424671
0.423595
0.423591
0.423454
0.425868
0.423919
0.423275
0.422257
0.421618
0.421859
0.421528
0.421856
0.422753
0.421902
0.425191
0.423764
0.423393
0.423602
0.423695
0.423358
0.425682
0.4241
0.422583
0.423674
0.424041
0.42351
0.424023
0.423652
0.423946
0.423698
