total_time:
0.557577
0.557756
0.557459
0.557505
0.557571
0.557601
0.556646
0.557678
0.557657
0.557939
0.557845
0.557679
0.557843
0.55808
0.558164
0.558189
0.558141
0.557836
0.556964
0.557498
0.557511
0.557451
0.557788
0.55879
0.558447
0.558037
0.558022
0.557259
0.55753
0.557991
0.557872
0.557874
0.558271
0.558099
0.557058
0.557796
0.557795
0.557783
0.558448
0.55882
0.558115
0.558008
0.558083
0.558568
0.558731
0.557735
0.557296
0.558238
0.558302
0.558363
0.558099
0.557662
0.558031
0.558314
0.556976
0.556722
0.556598
0.557212
0.557382
0.556679
0.557032
0.557695
0.557715
0.557823
0.558271
0.55785
0.558351
0.558472
0.558025
0.558
0.557421
0.558768
0.558287
0.557919
0.558101
0.558402
0.558639
0.558786
0.558176
0.5571
0.557376
0.557612
0.558011
0.55812
0.558194
0.557958
0.557376
0.557897
