total_time:
1.05576
1.060965
1.061406
1.071231
1.068214
1.070847
1.069645
1.067556
1.06426
1.078829
1.083635
1.079305
1.076129
1.076828
1.077376
1.07468
1.07595
1.078606
1.081401
1.079737
1.081667
1.081917
1.083092
1.085517
1.088226
1.088491
1.082382
1.074044
1.063955
1.064687
1.064297
1.064473
1.067439
1.064751
1.075369
1.065036
1.061774
1.060949
1.060219
1.069747
1.06254
1.060824
1.069527
1.068159
1.067797
1.058254
1.057724
1.060642
1.059554
1.067395
1.068736
1.068911
1.07008
1.070201
1.071542
1.070464
1.069234
1.063417
1.068575
1.071122
1.066503
1.070433
1.067833
1.084251
1.078738
1.078663
1.08314
1.07992
1.071407
1.071587
1.076211
1.075343
1.081846
1.083547
1.07909
1.090531
1.087907
1.087345
1.087746
1.087095
1.085004
1.082369
1.081433
1.0854
1.082965
1.084935
1.082051
1.090565
1.07617
1.079308
