total_time:
0.893307
0.846796
0.851132
0.826983
0.810847
0.814377
0.817612
0.814311
0.814435
0.814488
0.886817
0.853305
0.832290
0.846959
0.824566
0.812705
0.821250
0.812724
0.816301
0.815539
0.885346
0.821409
0.821848
0.840974
0.862129
0.833979
0.836479
0.846556
0.830302
0.827992
0.879624
0.816692
0.812362
0.811308
0.813154
0.820630
0.816552
0.827993
0.812739
0.814689
0.899500
0.828277
0.819927
0.813655
0.810713
0.821831
0.813782
0.813691
0.814077
0.814545
0.875693
0.827660
0.827747
0.823566
0.821156
0.816624
0.816304
0.818233
0.819711
0.825140
0.871473
0.810232
0.845239
0.831856
0.830189
0.830510
0.820581
0.833955
0.858074
0.843893
0.887823
0.832735
0.841985
0.835181
0.825762
0.822321
0.817125
0.809417
0.823833
0.824778
0.888587
0.850045
0.827403
0.818072
0.809833
0.859336
0.824524
0.825379
0.828768
0.829104
0.871267
0.811930
0.809913
0.814014
0.814375
0.812094
0.813596
0.814631
0.813008
0.813725