compile_opencl_time:
0.148524
0.140310
0.149275
0.138954
0.150992
0.140241
0.139402
0.139124
0.140054
0.147594
total_time:
0.387629
0.380102
0.373933
0.373543
0.373600
0.376864
0.410647
0.373913
0.374961
0.375312
0.401041
0.374525
0.370938
0.362859
0.363840
0.386427
0.388525
0.373793
0.393124
0.385941
0.404074
0.389982
0.381315
0.384410
0.379694
0.379175
0.376099
0.379095
0.379866
0.382623
0.379898
0.370014
0.367148
0.368389
0.402809
0.382973
0.386859
0.363847
0.363928
0.369102
0.401983
0.380164
0.372880
0.371199
0.371453
0.370926
0.369631
0.370707
0.369988
0.369588
0.391972
0.379039
0.383810
0.377835
0.383428
0.382358
0.376558
0.385562
0.378985
0.375908
0.382335
0.379032
0.368586
0.382433
0.379673
0.373734
0.377633
0.373640
0.366565
0.379120
0.394115
0.401900
0.382734
0.388217
0.384336
0.382903
0.384237
0.386327
0.380476
0.383676
0.425695
0.379315
0.410321
0.404359
0.411261
0.395681
0.411612
0.403873
0.409595
0.410907
0.405689
0.390121
0.390075
0.384192
0.383074
0.380593
0.387031
0.380652
0.382628
0.382034