select_time:
0.000009
0.000009
0.000009
0.000010
0.000009
0.000009
0.000009
0.000009
0.000010
0.000034

total_time:
0.180271
0.214001
0.210198
0.223880
0.237614
0.234009
0.252725
0.251884
0.260455
0.283589
0.173311
0.210971
0.214545
0.222619
0.235451
0.252473
0.247325
0.250223
0.248387
0.266921
0.171383
0.208036
0.208664
0.220018
0.237572
0.243293
0.256601
0.268890
0.270571
0.279979
0.167224
0.205823
0.208001
0.226529
0.222130
0.271635
0.258188
0.260143
0.264754
0.258346
0.165811
0.202837
0.214540
0.232746
0.240303
0.262269
0.260829
0.280899
0.252586
0.263229
0.164370
0.208973
0.216082
0.225470
0.247705
0.254017
0.264293
0.277304
0.271353
0.264401
0.160178
0.232054
0.214538
0.235275
0.266162
0.257201
0.259647
0.261633
0.273839
0.277765
0.158606
0.204734
0.208158
0.224744
0.232565
0.248277
0.291440
0.270000
0.264316
0.281622
0.161878
0.204631
0.209097
0.220173
0.241636
0.262397
0.261001
0.258163
0.286587
0.263261
0.162479
0.207338
0.204523
0.220186
0.250071
0.259984
0.258469
0.248749
0.249718
0.273456
