total_time:
0.023931
0.023311
0.023303
0.023263
0.023281
0.023275
0.023256
0.023233
0.023275
0.0234
0.022817
0.022786
0.022774
0.022784
0.022779
0.022801
0.022748
0.022768
0.023235
0.02268
0.022653
0.022695
0.022673
0.02267
0.022665
0.022631
0.022634
0.023932
0.023402
0.023364
0.023377
0.023336
0.023351
0.02344
0.023453
0.023431
0.023129
0.022517
0.022485
0.022501
0.022557
0.022895
0.022501
0.02246
0.02255
0.022994
0.022468
0.02241
0.02241
0.022388
0.022386
0.022385
0.022374
0.022377
0.023464
0.022867
0.022882
0.022884
0.022884
0.02284
0.022845
0.022831
0.022871
0.023983
0.023404
0.023374
0.023377
0.023368
0.023376
0.023348
0.023354
0.023309
0.023735
0.023166
0.023109
0.023062
0.023026
0.023013
0.023081
0.023012
0.022998
0.023088
0.022508
0.022609
0.022448
0.022561
0.02248
0.022507
0.022452
0.022457
