total_time:
0.03678
0.03679
0.03623
0.036241
0.036315
0.036485
0.036445
0.036455
0.036239
0.035566
0.035813
0.035112
0.035336
0.035368
0.035095
0.035072
0.035185
0.035311
0.035541
0.035503
0.034778
0.034908
0.034967
0.035226
0.034835
0.034752
0.034785
0.037139
0.037271
0.036727
0.036811
0.036581
0.036546
0.036442
0.036496
0.036514
0.035225
0.035557
0.034761
0.035016
0.034876
0.034659
0.034676
0.03492
0.034948
0.03492
0.034907
0.034842
0.034772
0.03465
0.034357
0.034288
0.034656
0.034754
0.035836
0.035909
0.035138
0.035128
0.035058
0.035321
0.035387
0.035243
0.035091
0.037525
0.037664
0.036953
0.037009
0.036953
0.036859
0.036989
0.037108
0.037036
0.036456
0.03639
0.035782
0.035905
0.036105
0.036015
0.035985
0.035865
0.03578
0.035229
0.035067
0.034655
0.034815
0.034887
0.034761
0.034582
0.034858
0.034718
