total_time:
0.03954
0.038522
0.038453
0.038451
0.038427
0.038431
0.038382
0.038379
0.038376
0.036969
0.036033
0.036036
0.035988
0.036061
0.035847
0.035939
0.035965
0.035975
0.03605
0.035003
0.035003
0.03497
0.034951
0.034913
0.034933
0.034906
0.034919
0.040303
0.039277
0.039202
0.03918
0.039182
0.039168
0.03915
0.039155
0.039156
0.036317
0.035404
0.035249
0.035421
0.035325
0.035242
0.035277
0.035276
0.035281
0.03746
0.036506
0.036412
0.036372
0.036382
0.036372
0.036343
0.036361
0.036337
0.037534
0.036534
0.036489
0.036442
0.036558
0.03651
0.036468
0.036428
0.036453
0.037268
0.036231
0.036257
0.036171
0.036151
0.036186
0.036165
0.036156
0.036128
0.038795
0.037848
0.037809
0.037779
0.037719
0.037742
0.037723
0.037721
0.03778
0.036474
0.035516
0.035487
0.035453
0.035478
0.03548
0.035452
0.035439
0.035414
