total_time:
0.119258
0.047935
0.047517
0.047088
0.047193
0.047436
0.047434
0.047360
0.047452
0.047479
0.120477
0.047281
0.045381
0.045876
0.045385
0.045154
0.045439
0.045599
0.045270
0.045890
0.119757
0.047627
0.047007
0.046312
0.045620
0.046098
0.045882
0.045794
0.045735
0.046013
0.119571
0.047715
0.047585
0.047675
0.047908
0.047744
0.047633
0.047785
0.046943
0.047396
0.121282
0.047922
0.047715
0.047336
0.047557
0.047569
0.047439
0.047211
0.047524
0.047387
0.120875
0.047576
0.045467
0.045359
0.045387
0.045377
0.045335
0.045453
0.045388
0.045378
0.119714
0.047924
0.047787
0.047913
0.047623
0.048356
0.048047
0.048429
0.048127
0.048059
0.122572
0.049369
0.049122
0.049201
0.049740
0.048916
0.048868
0.048830
0.048800
0.048560
0.118687
0.046776
0.046342
0.046772
0.046066
0.046622
0.046342
0.047101
0.046636
0.046287
0.124605
0.050788
0.050357
0.048141
0.046296
0.046175
0.046432
0.046626
0.046624
0.046076