total_time:
0.106519
0.035074
0.034313
0.033918
0.034341
0.034340
0.034279
0.034622
0.034115
0.034215
0.106357
0.034606
0.034463
0.034283
0.034240
0.033967
0.034361
0.034629
0.034156
0.033957
0.105795
0.035305
0.034398
0.034252
0.034413
0.034739
0.034412
0.034322
0.034392
0.034575
0.107154
0.034849
0.034580
0.034267
0.034265
0.034402
0.034314
0.034510
0.034307
0.034409
0.108584
0.036114
0.035960
0.035634
0.035740
0.035841
0.035755
0.035435
0.035373
0.035538
0.105722
0.035118
0.034669
0.034251
0.034163
0.034282
0.034384
0.034433
0.034035
0.034282
0.108248
0.035004
0.034446
0.034319
0.034049
0.034924
0.034193
0.034151
0.034427
0.034466
0.108042
0.036292
0.035968
0.035842
0.035968
0.035865
0.036056
0.036153
0.035778
0.035940
0.111899
0.035816
0.035735
0.035553
0.035930
0.035555
0.035307
0.035344
0.035345
0.035540
0.106112
0.035305
0.034246
0.034626
0.034474
0.034742
0.034386
0.034329
0.034038
0.034715