compile_opencl_time:
0.144771
0.138694
0.140212
0.137748
0.138397
0.139433
0.145830
0.148884
0.140280
0.138851
total_time:
0.011098
0.010304
0.008912
0.008161
0.008810
0.008632
0.008865
0.008208
0.008333
0.008339
0.010286
0.008996
0.008127
0.008102
0.008425
0.008211
0.008221
0.008322
0.008407
0.008376
0.011802
0.009650
0.008367
0.008411
0.008267
0.008331
0.008442
0.008299
0.008146
0.008147
0.012265
0.009550
0.008927
0.009130
0.009560
0.010140
0.008556
0.008873
0.008684
0.009173
0.011367
0.009254
0.008517
0.008166
0.009282
0.008442
0.008236
0.007986
0.008431
0.008582
0.010952
0.009029
0.008475
0.008433
0.008614
0.008340
0.008662
0.008663
0.008229
0.008031
0.011401
0.009434
0.008736
0.009375
0.008889
0.008568
0.009144
0.008548
0.008466
0.008142
0.011485
0.010131
0.008987
0.008946
0.009367
0.009203
0.008786
0.009448
0.009075
0.009277
0.011001
0.009206
0.008218
0.008197
0.008094
0.008338
0.008177
0.008192
0.008324
0.008406
0.011660
0.009329
0.009154
0.009378
0.008716
0.008533
0.008725
0.009257
0.008718
0.008280