total_time:
0.077192
0.003642
0.003661
0.003668
0.003694
0.003694
0.003654
0.003708
0.003657
0.003666
0.078620
0.003740
0.003703
0.003755
0.003751
0.003724
0.003727
0.003714
0.003712
0.003729
0.079469
0.003659
0.003613
0.003612
0.003636
0.003664
0.003640
0.003708
0.003723
0.003696
0.077881
0.003689
0.003643
0.003752
0.003740
0.003762
0.003700
0.003720
0.003745
0.003759
0.077624
0.003648
0.003638
0.003684
0.003661
0.003655
0.003664
0.003704
0.003671
0.003717
0.078694
0.003640
0.003593
0.003646
0.003677
0.003694
0.003681
0.003699
0.003677
0.003692
0.075098
0.003676
0.003623
0.003700
0.003701
0.003677
0.003672
0.003674
0.003662
0.003725
0.076002
0.003636
0.003585
0.003632
0.003685
0.003647
0.003615
0.003667
0.003692
0.003618
0.078387
0.003718
0.003665
0.003689
0.003673
0.003706
0.003669
0.003745
0.003707
0.003774
0.073544
0.003673
0.003647
0.003646
0.003547
0.003565
0.003547
0.003593
0.003543
0.003640