total_time:
0.080255
0.006548
0.006408
0.006395
0.006212
0.006270
0.006216
0.006281
0.006380
0.006268
0.082894
0.007000
0.006905
0.006944
0.006936
0.006972
0.006799
0.006918
0.006907
0.006868
0.085812
0.008033
0.007274
0.006984
0.007132
0.007141
0.006853
0.007218
0.007096
0.007014
0.083688
0.008117
0.008071
0.007929
0.007133
0.007015
0.006979
0.007146
0.007207
0.007179
0.084111
0.006868
0.006582
0.006719
0.006591
0.006343
0.006603
0.006000
0.006436
0.006351
0.083317
0.006380
0.006220
0.006216
0.006346
0.006153
0.006395
0.006282
0.006421
0.006289
0.088165
0.006145
0.007672
0.007671
0.007618
0.007480
0.007476
0.007183
0.005908
0.005921
0.084228
0.006627
0.006565
0.006506
0.006322
0.006533
0.006425
0.006247
0.006126
0.006169
0.085002
0.008091
0.007226
0.007530
0.007855
0.007701
0.006727
0.007104
0.007109
0.006926
0.080479
0.008127
0.008212
0.008059
0.006521
0.006663
0.005748
0.005709
0.007117
0.005500