select_time:
0.000007
0.000007
0.000006
0.000007
0.000006
0.000006
0.000006
0.000007
0.000006
0.000006

total_time:
0.000592
0.000248
0.000269
0.000607
0.000596
0.000663
0.000646
0.000661
0.000716
0.000722
0.000589
0.000267
0.000265
0.000261
0.000267
0.000260
0.000257
0.000259
0.000261
0.000260
0.000578
0.000240
0.000252
0.000253
0.000249
0.000247
0.000266
0.000273
0.000270
0.000268
0.000576
0.000252
0.000256
0.000248
0.000326
0.000362
0.000344
0.000349
0.000340
0.000330
0.000576
0.000241
0.000256
0.000264
0.000391
0.000375
0.000371
0.000360
0.000354
0.000348
0.000552
0.000235
0.000516
0.000582
0.000582
0.000580
0.000568
0.000567
0.000531
0.000530
0.000555
0.000305
0.000239
0.000235
0.000236
0.000243
0.000235
0.000230
0.000232
0.000234
0.000587
0.000229
0.000291
0.000270
0.000257
0.000254
0.000256
0.000254
0.000254
0.000252
0.000542
0.000229
0.000230
0.000237
0.000226
0.000223
0.000226
0.000226
0.000227
0.000227
0.000555
0.000252
0.000267
0.000266
0.000260
0.000256
0.000256
0.000247
0.000251
0.000249
