total_time:
0.081284
0.009532
0.009292
0.009277
0.009262
0.009246
0.009255
0.009275
0.009249
0.009272
0.080914
0.010025
0.009818
0.009847
0.009854
0.009887
0.009851
0.009817
0.009808
0.009829
0.080986
0.009490
0.009321
0.009279
0.009301
0.009300
0.009306
0.009300
0.009331
0.009278
0.087761
0.009808
0.009562
0.009479
0.009564
0.009555
0.009558
0.009557
0.009582
0.009567
0.082556
0.010418
0.010047
0.010039
0.010081
0.010055
0.010098
0.010077
0.010055
0.010089
0.081659
0.009737
0.009492
0.009443
0.009492
0.009493
0.009509
0.009491
0.009497
0.009466
0.082826
0.009639
0.009419
0.009406
0.009432
0.009401
0.009417
0.009416
0.009432
0.009416
0.082183
0.010815
0.010518
0.010616
0.010554
0.010562
0.010490
0.010477
0.010474
0.010494
0.081589
0.009514
0.009283
0.009266
0.009330
0.009314
0.009331
0.009309
0.009310
0.009291
0.081813
0.009803
0.009554
0.009484
0.009562
0.009564
0.009589
0.009557
0.009599
0.009560