total_time:
0.082215
0.009854
0.009467
0.009419
0.009411
0.009387
0.009417
0.009436
0.009424
0.009389
0.082769
0.010398
0.010035
0.010006
0.010015
0.009993
0.010017
0.010011
0.009985
0.009968
0.083407
0.009853
0.009492
0.009436
0.009497
0.009457
0.009462
0.009452
0.009470
0.009438
0.082600
0.010162
0.009707
0.009779
0.009693
0.009751
0.009714
0.009735
0.009748
0.009771
0.085908
0.010710
0.010317
0.010272
0.010320
0.010310
0.010279
0.010295
0.010322
0.010314
0.081389
0.010067
0.009685
0.009617
0.009636
0.009624
0.009648
0.009598
0.009609
0.009617
0.084126
0.010035
0.009628
0.009607
0.009608
0.009631
0.009621
0.009605
0.009625
0.009605
0.084391
0.011306
0.010831
0.010805
0.010838
0.010857
0.010852
0.010844
0.010864
0.010839
0.080870
0.009823
0.009455
0.009380
0.009457
0.009420
0.009448
0.009406
0.009464
0.009430
0.085762
0.010127
0.009696
0.009709
0.009717
0.009712
0.009725
0.009747
0.009732
0.009790