compile_opencl_time:
0.002174
0.002227
0.002311
0.002161
0.002204
0.002283
0.002286
0.002305
0.002178
0.002237
total_time:
0.009259
0.008900
0.008884
0.008829
0.008867
0.008813
0.008819
0.008823
0.008820
0.008849
0.009887
0.009522
0.009464
0.009456
0.009476
0.009442
0.009473
0.009456
0.009415
0.009445
0.009359
0.009081
0.009008
0.009014
0.008971
0.008990
0.008956
0.008959
0.008960
0.008993
0.009451
0.009140
0.009100
0.009050
0.009049
0.009030
0.009070
0.009054
0.009039
0.009066
0.009909
0.009647
0.009595
0.009553
0.009563
0.009571
0.009569
0.009558
0.009558
0.009542
0.009378
0.009058
0.009010
0.008988
0.008975
0.008980
0.008974
0.008969
0.008971
0.008968
0.009291
0.009022
0.008902
0.008895
0.008857
0.008891
0.008904
0.008941
0.008870
0.008918
0.010487
0.010111
0.010046
0.010056
0.010039
0.010032
0.010030
0.010033
0.010035
0.010016
0.009344
0.009048
0.009039
0.008927
0.008926
0.008977
0.008965
0.008962
0.008930
0.008964
0.009365
0.009078
0.009061
0.009014
0.009091
0.008985
0.009066
0.009050
0.009029
0.009039