total_time:
0.195533
0.126641
0.123108
0.124324
0.124569
0.124937
0.123572
0.124958
0.124604
0.123623
0.201938
0.126621
0.126454
0.122925
0.121513
0.122187
0.122538
0.121983
0.120760
0.121595
0.201350
0.123845
0.122432
0.123431
0.125107
0.124662
0.123225
0.123842
0.125137
0.122855
0.202174
0.124519
0.123127
0.122714
0.123466
0.123092
0.123347
0.121422
0.123574
0.122748
0.198926
0.123568
0.123203
0.122739
0.124877
0.125654
0.122464
0.122953
0.121483
0.123318
0.202734
0.123772
0.122307
0.123828
0.123993
0.121719
0.122318
0.122805
0.124782
0.122457
0.197206
0.122791
0.125465
0.121595
0.120707
0.120507
0.122090
0.121747
0.126011
0.121837
0.213079
0.124759
0.128338
0.124800
0.124287
0.123330
0.123651
0.129355
0.123259
0.121726
0.197744
0.126689
0.124781
0.124533
0.123317
0.125088
0.123753
0.123868
0.123591
0.124795
0.196921
0.123847
0.120457
0.122613
0.122893
0.123929
0.121328
0.119204
0.120091
0.125138