total_time:
0.278551
0.206242
0.205935
0.205589
0.205177
0.205101
0.205964
0.205916
0.205194
0.204659
0.271844
0.200488
0.200081
0.199831
0.200684
0.200727
0.200171
0.199757
0.200082
0.200165
0.277404
0.205860
0.205726
0.205588
0.205342
0.205612
0.205842
0.205115
0.205708
0.205283
0.282007
0.209220
0.208334
0.208312
0.208848
0.207737
0.207945
0.207713
0.207512
0.207083
0.275674
0.204581
0.204344
0.204209
0.203845
0.203809
0.203582
0.204299
0.204512
0.203222
0.273645
0.201582
0.200748
0.200710
0.200330
0.200649
0.201207
0.200458
0.199998
0.200435
0.281697
0.205403
0.205242
0.203963
0.204314
0.204114
0.203344
0.204789
0.203890
0.204202
0.291338
0.201664
0.201286
0.200815
0.200714
0.200892
0.200547
0.200440
0.200096
0.199914
0.283464
0.212601
0.212522
0.212080
0.212254
0.211894
0.211846
0.211415
0.211328
0.211529
0.271603
0.200914
0.199850
0.199967
0.199154
0.199809
0.199928
0.200301
0.200347
0.199842