total_time:
0.319705
0.226293
0.224683
0.224786
0.224644
0.224604
0.224641
0.224736
0.224693
0.224593
0.316135
0.222640
0.221373
0.221182
0.221020
0.221103
0.221223
0.221257
0.221377
0.221409
0.319619
0.225008
0.223183
0.222976
0.222911
0.223182
0.222910
0.222838
0.222566
0.222830
0.332239
0.235521
0.234783
0.234524
0.234842
0.234664
0.234413
0.234722
0.234741
0.234780
0.317204
0.225208
0.223648
0.225067
0.223925
0.223524
0.223812
0.223601
0.223708
0.223617
0.324890
0.224886
0.223768
0.223737
0.223722
0.223781
0.223538
0.223955
0.223608
0.223594
0.322184
0.227594
0.227054
0.226992
0.227030
0.227206
0.227086
0.226950
0.226877
0.226998
0.305592
0.210330
0.207972
0.207939
0.208173
0.208163
0.208016
0.207998
0.207998
0.207944
0.329103
0.235503
0.234898
0.234665
0.234585
0.234425
0.234331
0.234284
0.234206
0.234908
0.321364
0.221107
0.219579
0.220047
0.219433
0.220106
0.220171
0.220144
0.220263
0.219948