total_time:
0.197671
0.118068
0.118066
0.117788
0.118375
0.117720
0.117763
0.118222
0.118162
0.118299
0.197894
0.122788
0.122447
0.123128
0.121829
0.122398
0.122256
0.122751
0.121560
0.122916
0.197960
0.122562
0.121970
0.122193
0.122592
0.122507
0.122565
0.122919
0.122157
0.122523
0.195809
0.118268
0.116969
0.118478
0.117387
0.117683
0.117908
0.118219
0.116622
0.117892
0.202980
0.117826
0.119061
0.118462
0.118996
0.119078
0.118822
0.118279
0.119065
0.118492
0.198055
0.121725
0.122478
0.122699
0.122142
0.122205
0.122960
0.121869
0.122173
0.122766
0.195577
0.121015
0.120642
0.120410
0.120104
0.120884
0.119911
0.121547
0.120842
0.121079
0.195383
0.120688
0.117445
0.117056
0.117326
0.116302
0.115957
0.116915
0.116435
0.117161
0.201747
0.123009
0.122586
0.121939
0.120432
0.120767
0.121734
0.120978
0.120700
0.121249
0.196657
0.118942
0.118533
0.118681
0.118963
0.118008
0.118598
0.118482
0.118448
0.118669