total_time:
0.115274
0.044313
0.043514
0.043547
0.043335
0.043497
0.043488
0.043512
0.043482
0.043510
0.116636
0.044386
0.043750
0.043715
0.043762
0.043698
0.043796
0.043783
0.043753
0.043904
0.116660
0.044359
0.043618
0.043561
0.043610
0.043601
0.043623
0.043519
0.043630
0.043595
0.118818
0.044295
0.043526
0.043730
0.043611
0.043676
0.043578
0.043896
0.043613
0.043707
0.117358
0.044666
0.043620
0.043623
0.043576
0.043559
0.043589
0.043904
0.044078
0.044138
0.116302
0.044479
0.043724
0.043672
0.043668
0.043683
0.043668
0.043664
0.043806
0.043656
0.116634
0.044409
0.043779
0.043671
0.043699
0.043611
0.043585
0.043637
0.043616
0.043765
0.116427
0.044386
0.043567
0.043641
0.043482
0.043583
0.043576
0.043652
0.043532
0.043667
0.116692
0.044500
0.043759
0.044037
0.043753
0.043748
0.043773
0.043784
0.043845
0.043725
0.122206
0.044204
0.043582
0.043526
0.043458
0.043497
0.043568
0.043591
0.043459
0.043560