total_time:
0.107139
0.034533
0.033916
0.033890
0.033845
0.033904
0.033867
0.033849
0.033849
0.033899
0.106446
0.034634
0.033981
0.033951
0.033942
0.033932
0.033937
0.033908
0.033931
0.033884
0.107521
0.034498
0.033814
0.033873
0.033885
0.033869
0.033868
0.033890
0.033756
0.033783
0.108798
0.034605
0.033879
0.033825
0.033804
0.033830
0.033847
0.033785
0.033802
0.033757
0.111186
0.034456
0.033873
0.033808
0.033822
0.033742
0.033775
0.033760
0.033855
0.033856
0.106758
0.034544
0.033861
0.033762
0.033781
0.033800
0.033799
0.033905
0.033820
0.033786
0.108755
0.034493
0.033720
0.033763
0.033754
0.033738
0.033725
0.033749
0.033758
0.033694
0.108232
0.034438
0.033708
0.033682
0.033779
0.033690
0.033750
0.033686
0.033685
0.033687
0.123904
0.034541
0.033807
0.033812
0.033837
0.033951
0.033841
0.033815
0.033813
0.033793
0.110548
0.034657
0.033859
0.033884
0.033885
0.033922
0.033894
0.033870
0.033790
0.033911