total_time:
0.010530
0.011538
0.010538
0.010783
0.011176
0.011267
0.011422
0.011392
0.011350
0.011314
0.010577
0.011602
0.010796
0.011247
0.011102
0.011234
0.011372
0.011020
0.011149
0.011326
0.011308
0.011012
0.010274
0.011072
0.011122
0.010935
0.010975
0.010807
0.011116
0.011113
0.011371
0.011361
0.010166
0.010502
0.010408
0.010820
0.010550
0.010702
0.010973
0.010831
0.010690
0.011754
0.010378
0.010561
0.010839
0.010593
0.010951
0.010759
0.010956
0.011181
0.010374
0.010941
0.009965
0.011038
0.010746
0.010544
0.010595
0.010757
0.010625
0.010632
0.011445
0.011909
0.010970
0.011154
0.011169
0.011017
0.011335
0.011236
0.011547
0.011333
0.009595
0.010430
0.009618
0.009590
0.010001
0.010299
0.010201
0.010432
0.010688
0.010887
0.011079
0.011748
0.010991
0.010954
0.011175
0.011123
0.011559
0.011611
0.011106
0.011279
0.010360
0.011657
0.010269
0.010273
0.010496
0.010653
0.010600
0.010804
0.010556
0.010781