total_time:
0.465724
0.464575
0.466032
0.463722
0.463877
0.4631
0.461656
0.463771
0.463704
0.466088
0.464353
0.463286
0.464935
0.462389
0.463785
0.464536
0.463668
0.463654
0.457172
0.457627
0.455618
0.455498
0.456149
0.453934
0.455848
0.455474
0.456992
0.46289
0.462676
0.464409
0.463874
0.465616
0.463839
0.463624
0.46604
0.466737
0.465883
0.464236
0.465631
0.462696
0.464623
0.464987
0.464611
0.464397
0.463432
0.455932
0.457094
0.455742
0.456628
0.456365
0.454934
0.455394
0.454431
0.454849
0.463361
0.463441
0.462708
0.461386
0.462717
0.463026
0.462712
0.4635
0.463784
0.454715
0.454303
0.45314
0.454687
0.456387
0.454624
0.454172
0.453428
0.456354
0.458069
0.454313
0.456555
0.456403
0.456744
0.457318
0.459836
0.456783
0.458617
0.458463
0.457017
0.459403
0.456196
0.457897
0.457632
0.457361
0.456837
0.458404
