total_time:
0.228885
0.226761
0.227244
0.227456
0.226557
0.227343
0.227105
0.226653
0.227552
0.228315
0.226685
0.226126
0.22706
0.226357
0.226472
0.227034
0.226177
0.22684
0.22809
0.225757
0.224871
0.22532
0.225309
0.225007
0.225556
0.224943
0.225224
0.229024
0.226771
0.226887
0.227476
0.226485
0.227282
0.227508
0.226703
0.227292
0.228353
0.22621
0.226265
0.225739
0.226604
0.225806
0.226186
0.226252
0.225756
0.228341
0.226947
0.225995
0.226756
0.226039
0.226503
0.226805
0.225995
0.226649
0.22885
0.226759
0.226706
0.227268
0.226243
0.227055
0.22735
0.226463
0.227262
0.228923
0.227087
0.226849
0.226658
0.227395
0.226969
0.22669
0.227563
0.226263
0.227014
0.225426
0.22494
0.2253
0.224741
0.225833
0.224761
0.225457
0.224895
0.227865
0.22614
0.225903
0.225607
0.226462
0.225507
0.226498
0.225566
0.2259
