total_time:
0.085301
0.011987
0.011693
0.011656
0.011657
0.011665
0.011699
0.011638
0.011646
0.011645
0.083677
0.012077
0.011787
0.011751
0.011734
0.011753
0.011750
0.011729
0.011727
0.011732
0.083699
0.011992
0.011697
0.011667
0.011658
0.011671
0.011668
0.011651
0.011645
0.011647
0.082906
0.011908
0.011617
0.011583
0.011583
0.011591
0.011602
0.011590
0.011576
0.011588
0.082886
0.011971
0.011693
0.011676
0.011643
0.011655
0.011653
0.011637
0.011640
0.011649
0.083525
0.011888
0.011623
0.011586
0.011909
0.011758
0.011760
0.011700
0.011667
0.011782
0.082340
0.011888
0.011626
0.011578
0.011578
0.011628
0.011667
0.011571
0.011572
0.011603
0.083467
0.012055
0.011868
0.011789
0.011773
0.011793
0.011783
0.011764
0.011720
0.011783
0.087838
0.011967
0.011727
0.011667
0.011644
0.011673
0.011654
0.011673
0.011683
0.011719
0.085783
0.012020
0.011728
0.011686
0.011679
0.011703
0.011703
0.011676
0.011676
0.011687