compile_opencl_time:
0.078943
0.078058
0.081186
0.078757
0.075350
0.077676
0.075460
0.077024
0.084048
0.079875
total_time:
0.007223
0.006282
0.005888
0.005174
0.005266
0.005962
0.006291
0.005579
0.006531
0.005877
0.006605
0.005515
0.005692
0.005547
0.006292
0.005797
0.005914
0.006418
0.005565
0.005374
0.007938
0.006050
0.006080
0.005512
0.006147
0.005775
0.005828
0.005897
0.005979
0.005921
0.005886
0.005555
0.005204
0.005361
0.005353
0.005212
0.005187
0.005435
0.005522
0.005434
0.006746
0.006766
0.006000
0.005825
0.005327
0.006268
0.005862
0.005680
0.006291
0.005950
0.005826
0.005455
0.005466
0.005176
0.005064
0.005042
0.005148
0.005349
0.005380
0.005217
0.006175
0.005537
0.006278
0.005069
0.005192
0.005226
0.005675
0.005464
0.006003
0.005870
0.006561
0.006012
0.006708
0.006231
0.006010
0.006572
0.006349
0.006186
0.005446
0.006045
0.006892
0.005853
0.005886
0.005294
0.005158
0.005823
0.006006
0.006082
0.005775
0.006145
0.007465
0.005895
0.005653
0.005083
0.005849
0.005595
0.005742
0.005776
0.005915
0.005940