total_time:
0.002157
0.002128
0.002121
0.002112
0.002155
0.002111
0.002128
0.002103
0.002107
0.002133
0.002132
0.002131
0.002128
0.002137
0.002138
0.002134
0.002133
0.002175
0.002128
0.002122
0.002132
0.002123
0.002129
0.002125
0.002124
0.00212
0.002156
0.002112
0.00211
0.00211
0.00211
0.002111
0.002119
0.002114
0.002108
0.002161
0.002124
0.002118
0.002119
0.002118
0.002112
0.002111
0.002115
0.00211
0.002175
0.002164
0.002134
0.002135
0.002168
0.002139
0.002121
0.002125
0.002122
0.002162
0.002115
0.002121
0.00211
0.002122
0.00211
0.002111
0.002109
0.002103
0.002131
0.00213
0.00213
0.002128
0.002132
0.002123
0.002129
0.002124
0.002166
0.002155
0.002115
0.002116
0.002107
0.002115
0.002107
0.002112
0.00211
0.002136
0.002142
0.00214
0.002131
0.002141
0.002128
0.002133
0.002126
