total_time:
0.000373
0.000367
0.000365
0.000362
0.000365
0.000374
0.000371
0.000375
0.000361
0.000369
0.000358
0.000355
0.000359
0.000354
0.000352
0.000378
0.000349
0.000357
0.00036
0.000357
0.000357
0.000352
0.000353
0.00035
0.000362
0.000353
0.000349
0.000361
0.000346
0.000361
0.000343
0.000339
0.000404
0.000395
0.00038
0.000371
0.000384
0.000372
0.000365
0.000367
0.000382
0.000373
0.00037
0.000368
0.000371
0.000384
0.00038
0.000363
0.000376
0.000361
0.00036
0.0004
0.000379
0.000361
0.000395
0.000382
0.00038
0.000363
0.000375
0.000373
0.000362
0.000374
0.000363
0.000381
0.00038
0.000375
0.000366
0.000396
0.000374
0.00038
0.000373
0.000372
0.000343
0.000334
0.000339
0.000325
0.000347
0.000414
0.000329
0.000343
0.000331
0.000373
0.000362
0.000356
0.000351
0.000357
0.000351
0.000367
0.000354
0.000352
