total_time:
0.002914
0.002891
0.002864
0.002876
0.002876
0.002897
0.002864
0.002916
0.002862
0.003095
0.00306
0.003049
0.003063
0.003066
0.003072
0.003061
0.003051
0.003078
0.003005
0.002983
0.002949
0.002975
0.002963
0.003003
0.003014
0.002948
0.002959
0.002968
0.002922
0.002911
0.002928
0.002932
0.002961
0.002945
0.002918
0.002955
0.002934
0.002894
0.002889
0.002888
0.002887
0.002884
0.002887
0.00288
0.002885
0.002949
0.002916
0.002919
0.00296
0.002913
0.002922
0.002911
0.002951
0.002942
0.002923
0.002879
0.002867
0.002913
0.00291
0.00291
0.002862
0.002867
0.002878
0.00294
0.00292
0.002915
0.002915
0.002926
0.002916
0.002909
0.00293
0.002914
0.002939
0.002893
0.00289
0.002894
0.002911
0.002897
0.002899
0.002896
0.002899
0.003049
0.003012
0.002995
0.003015
0.00301
0.003016
0.003001
0.002999
0.003014
