compile_opencl_time:
0.002192
0.002105
0.002228
0.002088
0.002198
0.002112
0.002075
0.002084
0.002062
0.002134
total_time:
0.002567
0.002495
0.002448
0.00245
0.002449
0.002453
0.002452
0.002455
0.002463
0.002454
0.00253
0.002486
0.002489
0.00249
0.002485
0.002496
0.002495
0.002495
0.002493
0.002471
0.002498
0.002475
0.002468
0.002468
0.002476
0.002525
0.002477
0.002562
0.002502
0.00246
0.002465
0.002459
0.002464
0.002484
0.002513
0.002478
0.002477
0.002534
0.00246
0.002506
0.002462
0.002454
0.002455
0.002468
0.002471
0.002485
0.002557
0.002497
0.002455
0.002456
0.002458
0.002454
0.00246
0.002464
0.002471
0.002467
0.002553
0.002495
0.002468
0.002487
0.002457
0.002456
0.002453
0.002463
0.002457
0.002454
0.002555
0.002494
0.002448
0.002464
0.002445
0.002445
0.002445
0.002458
0.002456
0.002455
0.002556
0.002456
0.002453
0.002454
0.002453
0.002452
0.002466
0.002459
0.002462
0.002559
0.002512
0.002502
0.002501
0.002501
0.002499
0.002508
0.002507
0.002502
