total_time:
0.002298
0.002266
0.002278
0.002256
0.002258
0.002256
0.002258
0.002295
0.00229
0.002298
0.00224
0.002237
0.002236
0.002238
0.002233
0.002234
0.002235
0.002236
0.00232
0.00228
0.002278
0.002278
0.002279
0.002284
0.002277
0.0023
0.002276
0.002302
0.002252
0.002252
0.00225
0.002253
0.002249
0.002252
0.002251
0.002257
0.002327
0.00226
0.002256
0.002252
0.002255
0.002253
0.002253
0.002253
0.002251
0.002293
0.002264
0.00225
0.002246
0.002247
0.002249
0.002246
0.002249
0.002251
0.002304
0.002269
0.002297
0.002267
0.00227
0.002263
0.002268
0.002267
0.002265
0.002286
0.002247
0.002242
0.002241
0.002242
0.002244
0.002242
0.002285
0.002244
0.002296
0.002262
0.002261
0.002256
0.00226
0.002263
0.002256
0.002257
0.002254
0.002318
0.002288
0.002296
0.002276
0.002253
0.00225
0.002294
0.002274
0.002247
