total_time:
3.427575
3.49833
3.480451
3.462614
3.458126
3.454145
3.44588
3.45382
3.446813
3.450187
3.472969
3.37225
3.370856
3.358329
3.368086
3.362786
3.36402
3.358561
3.356064
3.34577
3.422062
3.413383
3.363794
3.428803
3.350865
3.415501
3.341948
3.412407
3.336677
3.409372
3.395666
3.375558
3.322779
3.388205
3.31842
3.379362
3.302041
3.377981
3.314978
3.378842
3.450792
3.392381
3.381526
3.385151
3.348577
3.381891
3.370277
3.374039
3.389978
3.389333
3.348018
3.347794
3.338158
3.342066
3.327225
3.340426
3.325881
3.342455
3.326568
3.340119
3.346802
3.354413
3.330294
3.327087
3.327621
3.327581
3.328435
3.327631
3.325975
3.313629
3.367406
3.44058
3.322181
3.477081
3.31963
3.475326
3.325923
3.474983
3.309131
3.473237
3.495651
3.489444
3.501153
3.408551
3.481886
3.411813
3.474711
3.403461
3.477062
3.404277
3.480461
3.529233
3.441323
3.408705
3.418051
3.408145
3.418757
3.3946
3.423774
3.40095
