total_time:
0.093170
0.017669
0.017010
0.015701
0.016103
0.015589
0.015365
0.015318
0.015339
0.015523
0.089962
0.015373
0.015212
0.015267
0.015988
0.014925
0.014743
0.015296
0.016482
0.016157
0.089990
0.016174
0.015270
0.014787
0.014770
0.014663
0.014596
0.014674
0.014673
0.014607
0.095727
0.015662
0.015880
0.015188
0.015028
0.015020
0.015076
0.014965
0.015104
0.014995
0.089896
0.013443
0.014387
0.013567
0.013310
0.013358
0.013342
0.013352
0.013445
0.013204
0.100733
0.017332
0.016906
0.016911
0.016721
0.017144
0.017100
0.016677
0.016571
0.016576
0.091271
0.015400
0.014745
0.014709
0.014734
0.014626
0.014745
0.014662
0.014620
0.015402
0.090228
0.015856
0.015256
0.015185
0.015116
0.015264
0.015013
0.015047
0.015028
0.014983
0.090102
0.015221
0.015088
0.015103
0.014747
0.014449
0.014359
0.014541
0.015524
0.015359
0.092916
0.015931
0.015899
0.018300
0.017063
0.016403
0.016778
0.015879
0.016778
0.016382