compile_opencl_time:
0.147534
0.148347
0.143028
0.137523
0.14143
0.133959
0.135672
0.133177
0.132194
0.128223
total_time:
0.00239
0.002407
0.002352
0.002352
0.002395
0.002378
0.002399
0.002389
0.002224
0.002206
0.002218
0.002307
0.002258
0.002262
0.002214
0.002304
0.002247
0.001968
0.00195
0.002041
0.002015
0.001949
0.002045
0.00202
0.001983
0.001994
0.002316
0.00227
0.002182
0.002312
0.002254
0.002295
0.002201
0.002209
0.002188
0.002302
0.00222
0.002269
0.002223
0.002241
0.002162
0.002238
0.002183
0.002164
0.002225
0.002113
0.002129
0.002201
0.002176
0.002102
0.002185
0.002173
0.002055
0.002392
0.002312
0.0023
0.002282
0.002281
0.002259
0.002279
0.00238
0.00228
0.002334
0.002258
0.0022
0.002138
0.002211
0.002017
0.002055
0.002068
0.00204
0.00229
0.002051
0.002054
0.002054
0.002165
0.002161
0.002109
0.002026
0.002168
0.002194
0.00229
0.002151
0.002304
0.002432
0.002229
0.002179
0.002239
0.002149
