total_time:
0.009417
0.008378
0.008091
0.009027
0.008684
0.008688
0.008581
0.008595
0.007793
0.009674
0.009382
0.008971
0.008661
0.008642
0.008668
0.008636
0.009044
0.009241
0.00933
0.008061
0.009226
0.008266
0.008745
0.008652
0.008101
0.007757
0.008867
0.009191
0.008979
0.008981
0.009402
0.009189
0.009316
0.00936
0.009281
0.009122
0.008939
0.008495
0.008857
0.008308
0.008566
0.008231
0.008443
0.008181
0.008161
0.008597
0.008778
0.008826
0.008201
0.008076
0.007881
0.007903
0.008013
0.00815
0.009711
0.009699
0.009862
0.009751
0.009872
0.00981
0.009747
0.009695
0.009238
0.008133
0.00806
0.008031
0.007966
0.007961
0.007888
0.007889
0.007897
0.007915
0.008359
0.008098
0.008145
0.008172
0.008108
0.007975
0.00768
0.007924
0.008122
0.009866
0.009717
0.009861
0.008665
0.008829
0.008897
0.008709
0.008768
0.008084
