total_time:
0.003061
0.002986
0.002991
0.002993
0.002972
0.002986
0.002968
0.002977
0.002951
0.00294
0.002889
0.00289
0.002888
0.00289
0.002879
0.002901
0.002904
0.002885
0.00273
0.002899
0.002848
0.00284
0.002839
0.002888
0.002855
0.002825
0.002832
0.002824
0.002965
0.002956
0.002925
0.002917
0.002898
0.002918
0.002869
0.002985
0.002923
0.002929
0.002867
0.002864
0.002875
0.002851
0.002892
0.002873
0.002864
0.002858
0.003023
0.002985
0.002972
0.002976
0.002964
0.003017
0.003008
0.003008
0.002972
0.002935
0.002887
0.002878
0.002891
0.002894
0.002877
0.002875
0.002886
0.00287
0.002977
0.002874
0.002871
0.002864
0.002889
0.002892
0.002872
0.002874
0.002878
0.002991
0.00291
0.002898
0.002909
0.00289
0.002904
0.002881
0.002914
0.002914
