total_time:
0.000468
0.000459
0.000453
0.000466
0.000473
0.000473
0.000461
0.000458
0.00046
0.000452
0.000466
0.000455
0.000469
0.000457
0.000472
0.000478
0.000497
0.000456
0.000447
0.000446
0.000435
0.000445
0.000438
0.000466
0.000453
0.000497
0.000426
0.000416
0.000418
0.000426
0.000432
0.000425
0.00043
0.000426
0.00046
0.000464
0.000463
0.000465
0.000462
0.000505
0.000462
0.00046
0.000484
0.000432
0.000424
0.000428
0.000414
0.000416
0.000418
0.000421
0.000419
0.000461
0.000454
0.000455
0.000452
0.000455
0.000475
0.00046
0.00046
0.000492
0.000453
0.000439
0.00044
0.000436
0.000436
0.000447
0.000436
0.00044
0.00051
0.000454
0.000449
0.000451
0.000448
0.000475
0.000458
0.000446
0.000451
0.000465
0.000463
0.00047
0.000469
0.000468
0.000471
0.00047
0.000468
