total_time:
0.002907
0.002881
0.002873
0.002869
0.002974
0.002886
0.002866
0.002865
0.002882
0.002951
0.002897
0.002905
0.002892
0.002948
0.002948
0.002907
0.002964
0.002901
0.002918
0.002871
0.002872
0.002901
0.002896
0.002873
0.002906
0.002868
0.00289
0.002982
0.002925
0.002946
0.002924
0.002923
0.002914
0.002903
0.002977
0.002921
0.00297
0.002934
0.002932
0.002956
0.002906
0.002925
0.002911
0.002959
0.00294
0.002931
0.002885
0.002886
0.002878
0.002867
0.002887
0.00287
0.002909
0.002906
0.002806
0.002786
0.002924
0.002866
0.002882
0.002871
0.002859
0.00288
0.002918
0.002862
0.002907
0.00293
0.00286
0.002871
0.002862
0.002856
0.002867
0.00288
0.002875
0.002861
