total_time:
0.106020
0.033987
0.033869
0.033449
0.033573
0.033548
0.033608
0.033457
0.033409
0.033355
0.104926
0.033087
0.033029
0.032716
0.033114
0.032659
0.032522
0.032767
0.032896
0.032744
0.104150
0.033541
0.032849
0.032888
0.032761
0.032742
0.032585
0.032790
0.032895
0.033011
0.104548
0.033490
0.033471
0.032998
0.032867
0.033074
0.033294
0.033118
0.033025
0.033259
0.112657
0.033874
0.033225
0.033410
0.033847
0.033559
0.033919
0.033463
0.033991
0.033620
0.104644
0.034152
0.033698
0.033559
0.033488
0.033790
0.033515
0.033442
0.033232
0.033226
0.104623
0.034199
0.033949
0.033680
0.033498
0.033501
0.033642
0.033335
0.033688
0.033398
0.104655
0.034324
0.033908
0.033677
0.033374
0.033377
0.033820
0.034101
0.033459
0.033732
0.107245
0.034825
0.034063
0.034444
0.034077
0.033949
0.033727
0.033759
0.033470
0.033686
0.104874
0.034207
0.033916
0.034143
0.034144
0.034159
0.034047
0.034178
0.034348
0.033988