compile_opencl_time:
0.117058
0.118214
0.11806
0.117729
0.117113
0.118666
0.116554
0.117865
0.118282
total_time:
0.001497
0.001523
0.001286
0.00141
0.00142
0.001268
0.00142
0.001261
0.001328
0.001335
0.001447
0.001213
0.001306
0.001334
0.00119
0.00139
0.00122
0.001182
0.001448
0.001431
0.001245
0.001432
0.001439
0.001301
0.001338
0.001235
0.001275
0.001484
0.001676
0.001295
0.001494
0.001288
0.001333
0.001211
0.001344
0.001238
0.001182
0.001261
0.001217
0.001318
0.001313
0.001356
0.001186
0.001182
0.001208
0.001601
0.001398
0.001451
0.001315
0.001313
0.001221
0.001158
0.001202
0.001249
0.00148
0.001589
0.001761
0.001388
0.001531
0.001304
0.001357
0.001192
0.001167
0.00132
0.001447
0.001208
0.001268
0.001225
0.001466
0.001194
0.001421
0.001222
0.001442
0.001514
0.001337
0.001436
0.001257
0.001278
0.001198
0.001406
0.001189
0.001493
0.00127
0.00178
0.001487
0.001552
0.001219
0.001558
0.001253
0.001421
