compile_opencl_time:
0.081134
0.082438
0.079202
0.077131
0.076855
0.079384
0.084837
0.077392
0.076953
0.081952
total_time:
0.009729
0.008571
0.007609
0.008726
0.009083
0.007825
0.008666
0.008071
0.008466
0.009147
0.010138
0.010385
0.010159
0.010907
0.00948
0.010163
0.009706
0.010465
0.009813
0.011507
0.008949
0.009401
0.009157
0.008811
0.008331
0.009025
0.008998
0.009193
0.009349
0.00898
0.009271
0.00844
0.008284
0.008286
0.009101
0.009339
0.00851
0.010573
0.010118
0.009435
0.01045
0.009262
0.010269
0.009564
0.010593
0.009762
0.009771
0.009985
0.010813
0.009966
0.009085
0.008981
0.008717
0.008896
0.009316
0.011036
0.01031
0.009668
0.009399
0.009582
0.01137
0.010224
0.009634
0.009741
0.009548
0.011025
0.01063
0.009807
0.011393
0.010921
0.009631
0.008088
0.007917
0.008213
0.008116
0.008447
0.008295
0.008905
0.010545
0.009073
0.010381
0.010346
0.009011
0.009288
0.010116
0.01036
0.010144
0.009595
0.010307
0.010384
0.010495
0.009072
0.009172
0.010631
0.010226
0.009589
0.010571
0.009975
0.009617
0.010531
