compile_opencl_time:
0.002222
0.002209
0.002403
0.002204
0.00233
0.002248
0.002384
0.002283
0.002244
0.002226
total_time:
0.016962
0.016412
0.016319
0.016368
0.016265
0.016257
0.016298
0.016315
0.016271
0.016314
0.020554
0.020026
0.020001
0.019943
0.019944
0.019944
0.019949
0.019992
0.019945
0.019925
0.018831
0.018436
0.018373
0.018277
0.018297
0.018323
0.018245
0.018323
0.018205
0.018242
0.018222
0.017777
0.017748
0.017709
0.017669
0.017653
0.01769
0.01767
0.017677
0.017672
0.020603
0.020093
0.020071
0.019962
0.019981
0.01997
0.019989
0.019988
0.01995
0.019929
0.019714
0.019276
0.019318
0.019219
0.01917
0.019233
0.019287
0.019201
0.019309
0.019144
0.020593
0.020128
0.020166
0.020025
0.019975
0.020053
0.020069
0.020152
0.02003
0.020246
0.018022
0.017577
0.017583
0.017649
0.017458
0.017464
0.017529
0.017546
0.017544
0.01748
0.020589
0.020208
0.020157
0.020014
0.019999
0.020068
0.020058
0.020095
0.02011
0.020138
0.020605
0.020231
0.020219
0.020102
0.020082
0.020153
0.020178
0.020079
0.020053
0.020047
