total_time:
0.007107
0.007292
0.007067
0.00733
0.007348
0.007344
0.007624
0.00781
0.007473
0.00763
0.00905
0.008741
0.008565
0.008825
0.009057
0.009013
0.009089
0.009011
0.00899
0.009164
0.008183
0.007971
0.007886
0.008042
0.008112
0.008279
0.008463
0.008474
0.008419
0.008509
0.006976
0.007396
0.007477
0.007512
0.007669
0.007745
0.007626
0.007695
0.007753
0.007656
0.008492
0.00848
0.008674
0.009042
0.009283
0.009303
0.009512
0.009274
0.009562
0.009393
0.007836
0.008973
0.008924
0.009159
0.009278
0.009271
0.009309
0.009545
0.00958
0.00974
0.007919
0.008642
0.008748
0.008861
0.008867
0.00919
0.00933
0.009288
0.00935
0.009221
0.007197
0.00702
0.006836
0.007184
0.007299
0.007334
0.007672
0.007433
0.007534
0.007565
0.008367
0.009184
0.009059
0.009507
0.009941
0.010175
0.009707
0.010223
0.010308
0.010097
0.008381
0.008106
0.008117
0.008395
0.008602
0.008603
0.008778
0.008786
0.008975
0.008984
