total_time:
0.015272
0.014748
0.014721
0.01472
0.014707
0.014688
0.01468
0.014687
0.014681
0.018317
0.017875
0.017905
0.017864
0.017787
0.017698
0.017763
0.017702
0.017716
0.017028
0.016476
0.016467
0.016454
0.016444
0.016423
0.016416
0.01639
0.016434
0.016528
0.015993
0.015972
0.015971
0.015978
0.015968
0.015951
0.015923
0.015931
0.0183
0.017815
0.017724
0.017794
0.017753
0.017779
0.017778
0.017653
0.017708
0.017767
0.017246
0.017256
0.017215
0.017212
0.017193
0.017212
0.017207
0.017198
0.018352
0.017864
0.01792
0.017856
0.017867
0.017843
0.017836
0.017917
0.017768
0.016504
0.015886
0.01586
0.015866
0.015846
0.015842
0.015839
0.015938
0.015845
0.018481
0.017936
0.017904
0.017882
0.017884
0.017825
0.017838
0.017891
0.017864
0.0185
0.017994
0.018016
0.017954
0.017968
0.017992
0.017999
0.01796
0.017953
