total_time:
0.016275
0.015959
0.015991
0.016017
0.016077
0.016106
0.01606
0.016099
0.016055
0.018339
0.018253
0.018067
0.018082
0.018035
0.018101
0.018057
0.018027
0.018056
0.017059
0.016953
0.016833
0.017002
0.016863
0.016874
0.016821
0.016933
0.016998
0.016713
0.016514
0.016517
0.016613
0.016634
0.016533
0.016546
0.016548
0.016487
0.0188
0.018566
0.018495
0.018598
0.018653
0.018486
0.018689
0.018567
0.018602
0.017947
0.01755
0.017601
0.017574
0.017616
0.017672
0.017629
0.01767
0.017571
0.018225
0.018315
0.018241
0.018377
0.018195
0.018213
0.018209
0.018208
0.018217
0.016565
0.016333
0.016264
0.016329
0.016268
0.01627
0.016422
0.01644
0.01634
0.018363
0.018052
0.018146
0.018163
0.018238
0.018184
0.01815
0.018157
0.018126
0.018072
0.017791
0.017828
0.017925
0.017857
0.017933
0.017855
0.017878
0.017824
