total_time:
0.088864
0.018017
0.017981
0.017759
0.017743
0.017715
0.017651
0.017676
0.017656
0.017673
0.090676
0.018027
0.018019
0.017704
0.017690
0.017798
0.017674
0.017710
0.017684
0.017669
0.090639
0.017990
0.017888
0.017766
0.017725
0.017695
0.017723
0.017701
0.017730
0.017646
0.089952
0.018055
0.017936
0.017710
0.017691
0.017670
0.017668
0.017713
0.017706
0.017702
0.095409
0.018029
0.017909
0.017724
0.017699
0.017652
0.017679
0.017679
0.017658
0.017651
0.092553
0.018050
0.017944
0.017725
0.017705
0.017711
0.017714
0.017753
0.017723
0.017705
0.088692
0.018038
0.017945
0.017781
0.017754
0.017755
0.017728
0.017761
0.017718
0.017741
0.091650
0.018189
0.018132
0.017858
0.017887
0.017906
0.017879
0.017961
0.018195
0.018477
0.091407
0.018003
0.017937
0.017711
0.017700
0.017662
0.017677
0.017652
0.017632
0.017598
0.091232
0.017912
0.017936
0.017702
0.017660
0.017628
0.017670
0.017693
0.017611
0.017612