compile_opencl_time:
0.077603
0.078188
0.078338
0.076064
0.080306
0.079666
0.077228
0.079560
0.077776
0.078252
total_time:
0.006239
0.005934
0.005705
0.005771
0.005993
0.005415
0.005151
0.005355
0.005649
0.006028
0.006552
0.006370
0.005607
0.006510
0.005630
0.005355
0.005801
0.006240
0.006198
0.006097
0.006977
0.005636
0.005622
0.006505
0.006249
0.005648
0.005611
0.006027
0.005639
0.005755
0.006461
0.005600
0.005631
0.005835
0.006396
0.005880
0.005966
0.005800
0.006173
0.005776
0.007236
0.006281
0.006016
0.005800
0.006037
0.005724
0.006306
0.005618
0.006165
0.006049
0.006447
0.006078
0.005337
0.005161
0.005796
0.006136
0.005785
0.005512
0.005564
0.006381
0.006874
0.006139
0.005665
0.006170
0.005599
0.006692
0.006318
0.006239
0.005706
0.005898
0.006261
0.005949
0.006183
0.006173
0.005847
0.005212
0.005946
0.005487
0.005956
0.006230
0.007259
0.006050
0.005956
0.006946
0.005348
0.005158
0.005389
0.005632
0.005954
0.006398
0.007136
0.006301
0.005992
0.006167
0.006743
0.005928
0.006403
0.006058
0.005987
0.006594