total_time:
0.076240
0.006121
0.005932
0.005979
0.005641
0.005862
0.006033
0.005782
0.005721
0.005804
0.075323
0.005665
0.005614
0.005596
0.005685
0.005677
0.005504
0.005571
0.005464
0.005396
0.078372
0.005897
0.005819
0.005911
0.005765
0.005799
0.005982
0.005943
0.005956
0.005791
0.077764
0.005547
0.005592
0.005624
0.005800
0.005494
0.005457
0.005425
0.005418
0.005810
0.081670
0.006261
0.006091
0.005764
0.005961
0.006019
0.005964
0.005908
0.005862
0.005754
0.084921
0.006225
0.006144
0.005801
0.005861
0.005748
0.005651
0.005773
0.005639
0.005751
0.080119
0.005573
0.005851
0.005190
0.005594
0.005872
0.005168
0.005789
0.005157
0.005724
0.079500
0.005569
0.005207
0.005270
0.005241
0.005316
0.005207
0.005334
0.005228
0.005710
0.078837
0.006030
0.005813
0.005649
0.005768
0.005766
0.005854
0.005286
0.005360
0.005406
0.080342
0.005651
0.005359
0.005295
0.005321
0.005169
0.005197
0.005254
0.005318
0.005365