total_time:
0.074381
0.002698
0.002674
0.002693
0.002711
0.002695
0.002701
0.002708
0.002730
0.002731
0.073106
0.002742
0.002738
0.002720
0.002726
0.002750
0.002768
0.002733
0.002719
0.002769
0.075023
0.002703
0.002708
0.002716
0.002714
0.002725
0.002741
0.002739
0.002742
0.002714
0.072178
0.002717
0.002705
0.002740
0.002720
0.002753
0.002726
0.002765
0.002784
0.002742
0.078898
0.002769
0.002758
0.002806
0.002781
0.002781
0.002778
0.002794
0.002757
0.002779
0.079585
0.002742
0.002747
0.002759
0.002737
0.002756
0.002770
0.002732
0.002736
0.002727
0.077057
0.002769
0.002781
0.002757
0.002775
0.002776
0.002783
0.002793
0.002809
0.002797
0.077906
0.002798
0.002770
0.002762
0.002698
0.002694
0.002724
0.002687
0.002663
0.002684
0.079736
0.002738
0.002707
0.002730
0.002711
0.002736
0.002740
0.002749
0.002732
0.002736
0.077315
0.002801
0.002754
0.002769
0.002785
0.002806
0.002749
0.002773
0.002774
0.002772