total_time:
0.081917
0.081917
0.081625
0.0814
0.082159
0.082261
0.081612
0.081784
0.08176
0.081602
0.081646
0.081504
0.081259
0.081606
0.081177
0.081278
0.081851
0.081417
0.081642
0.081168
0.080877
0.078581
0.078724
0.078886
0.078246
0.077684
0.078019
0.077801
0.079003
0.077581
0.078068
0.078332
0.077962
0.078792
0.077519
0.077894
0.079752
0.079325
0.079707
0.078876
0.079553
0.079861
0.079373
0.079333
0.079584
0.079392
0.079157
0.079394
0.080156
0.079911
0.079719
0.079606
0.079417
0.079837
0.082156
0.078941
0.078054
0.077854
0.078428
0.078241
0.07805
0.078229
0.078445
0.080596
0.080915
0.080875
0.08111
0.080685
0.081233
0.078791
0.078724
0.07927
0.08054
0.078877
0.077284
0.077974
0.078121
0.077377
0.077678
0.077592
0.077661
0.079745
0.080135
0.079958
0.080388
0.080441
0.08075
0.080847
0.080631
0.07986
