total_time:
1.475958
1.47182
1.501408
1.489686
1.469458
1.481081
1.479406
1.479644
1.473263
1.479744
1.478374
1.477927
1.491686
1.483267
1.493151
1.488052
1.48085
1.470728
1.475364
1.473437
1.471381
1.478693
1.473279
1.472891
1.472591
1.478145
1.488102
1.481401
1.480442
1.487357
1.500118
1.490878
1.493612
1.478859
1.476427
1.492513
1.508559
1.497986
1.497016
1.494856
1.528538
1.505408
1.504605
1.514358
1.4974
1.481259
1.478984
1.474855
1.484947
1.475044
1.46975
1.482142
1.476412
1.469186
1.468089
1.48365
1.473547
1.473528
1.473856
1.469858
1.469733
1.488453
1.502263
1.511314
1.507256
1.496878
1.484081
1.514822
1.494859
1.501331
1.499055
1.481835
1.473386
1.476171
1.474217
1.481071
1.473935
1.474819
1.49283
1.474261
1.479894
1.47436
1.477972
1.477751
1.474148
1.477132
1.472239
1.473416
1.474803
