compile_opencl_time:
0.075793
0.074754
0.080131
0.08012
0.075822
0.07615
0.079258
0.074555
0.079144
0.075667
total_time:
0.436748
0.445782
0.441834
0.432448
0.439767
0.43517
0.437643
0.435556
0.439332
0.440552
0.430499
0.428538
0.42639
0.439229
0.431583
0.433387
0.434537
0.439447
0.43526
0.43003
0.425948
0.422639
0.424213
0.423394
0.430672
0.420856
0.427936
0.425352
0.42608
0.424242
0.323304
0.423623
0.389411
0.382456
0.38618
0.400356
0.40143
0.3718
0.408382
0.375043
0.333263
0.333814
0.316733
0.309575
0.305157
0.315616
0.300815
0.320829
0.321987
0.306408
0.31622
0.306383
0.317471
0.307886
0.318139
0.32422
0.315702
0.312648
0.315964
0.309089
0.302564
0.324036
0.301755
0.32186
0.321944
0.304768
0.308828
0.32195
0.331343
0.307917
0.311949
0.312021
0.314679
0.313601
0.313161
0.315085
0.314417
0.317335
0.31565
0.311471
0.317552
0.308476
0.333147
0.320928
0.314355
0.323216
0.331616
0.31045
0.312894
0.319843
0.350227
0.326077
0.32768
0.329082
0.327767
0.323561
0.379269
0.342342
0.34024
0.337825
