total_time:
0.519292
0.443020
0.444023
0.444346
0.443256
0.442348
0.442240
0.442966
0.444702
0.443777
0.524982
0.443537
0.442915
0.443765
0.445024
0.442831
0.445453
0.455970
0.453130
0.453546
0.532531
0.456508
0.456063
0.455643
0.455865
0.455734
0.453350
0.456516
0.453934
0.457501
0.524028
0.450806
0.451786
0.454258
0.451434
0.450618
0.452259
0.454742
0.453872
0.453869
0.533190
0.445056
0.444758
0.444464
0.444950
0.446207
0.443197
0.445157
0.445940
0.443219
0.516328
0.447026
0.445303
0.443671
0.445745
0.444278
0.444770
0.444735
0.443947
0.443999
0.516660
0.449083
0.446863
0.447584
0.447652
0.444191
0.444795
0.444608
0.446894
0.444851
0.518497
0.442769
0.442728
0.443219
0.443489
0.441911
0.442047
0.443523
0.440689
0.442196
0.528215
0.452391
0.453054
0.453878
0.450935
0.451984
0.451514
0.452936
0.452640
0.450557
0.527824
0.454482
0.453615
0.455193
0.457976
0.455152
0.454049
0.443617
0.447644
0.445292