compile_opencl_time:
0.136243
0.135511
0.135571
0.135366
0.133555
0.142110
0.143725
0.159912
0.138569
0.147304
total_time:
0.160152
0.155229
0.150788
0.150931
0.150698
0.151288
0.150778
0.150858
0.151036
0.150946
0.159315
0.155765
0.150714
0.150729
0.149493
0.149491
0.150300
0.149492
0.149483
0.149742
0.159354
0.155553
0.151466
0.151212
0.150165
0.150704
0.150214
0.150822
0.150690
0.151142
0.160723
0.155557
0.151731
0.151816
0.151700
0.151827
0.151675
0.151120
0.151675
0.151815
0.159062
0.154875
0.150840
0.151333
0.150408
0.150625
0.150069
0.149996
0.149987
0.149555
0.159197
0.154084
0.150463
0.149651
0.150432
0.150699
0.150102
0.149718
0.150820
0.150647
0.225377
0.221944
0.185072
0.178475
0.154334
0.155098
0.153185
0.188621
0.207805
0.165466
0.321315
0.291672
0.187224
0.220070
0.152975
0.153167
0.152196
0.152674
0.151777
0.153002
0.161187
0.154943
0.149847
0.149971
0.150997
0.150095
0.149671
0.150046
0.151193
0.150240
0.163138
0.158132
0.153051
0.152593
0.152393
0.153106
0.153185
0.152492
0.152643
0.150831