total_time:
0.016313
0.015868
0.015859
0.015838
0.01591
0.015957
0.015811
0.015832
0.01588
0.016116
0.01573
0.015658
0.0157
0.015691
0.015715
0.015672
0.015667
0.015688
0.016011
0.015581
0.015566
0.015563
0.015567
0.015561
0.015536
0.01553
0.01552
0.016331
0.015913
0.015889
0.015882
0.015905
0.015859
0.015854
0.015855
0.01586
0.015872
0.015468
0.01543
0.015445
0.015446
0.015407
0.015413
0.015392
0.015435
0.016112
0.015812
0.015746
0.015844
0.015757
0.015807
0.015767
0.01569
0.015691
0.016366
0.015979
0.015896
0.015852
0.01587
0.015838
0.015909
0.015863
0.015871
0.014962
0.015505
0.015121
0.015118
0.015097
0.01508
0.015114
0.015087
0.015071
0.015066
0.016408
0.016441
0.016386
0.016451
0.016344
0.01644
0.016433
0.016416
