total_time:
0.05101
0.051461
0.05105
0.050328
0.050317
0.049987
0.050516
0.050084
0.050728
0.051265
0.050416
0.049819
0.050365
0.050242
0.049892
0.050132
0.050206
0.049946
0.049229
0.048328
0.048278
0.048601
0.048675
0.048401
0.048307
0.048298
0.047869
0.0499
0.049789
0.049152
0.049366
0.049386
0.049186
0.04913
0.049491
0.049598
0.048867
0.048499
0.048634
0.047935
0.048313
0.047604
0.048112
0.048124
0.048509
0.048888
0.048663
0.048761
0.049184
0.048963
0.049419
0.048603
0.048795
0.049018
0.049124
0.049792
0.049497
0.049
0.04913
0.049547
0.048892
0.049095
0.048787
0.047374
0.046718
0.046673
0.04625
0.046758
0.046474
0.04696
0.046797
0.046499
0.048221
0.048032
0.047679
0.047552
0.047471
0.047193
0.047687
0.047426
0.047472
0.050836
0.050325
0.050498
0.050057
0.049439
0.049997
0.049931
0.049471
0.049832
