total_time:
0.025171
0.025232
0.024867
0.024861
0.024819
0.024775
0.02482
0.02488
0.024814
0.025003
0.025107
0.024634
0.024638
0.024631
0.024606
0.024591
0.024649
0.024611
0.024542
0.024563
0.024172
0.024258
0.024081
0.024134
0.024185
0.024267
0.024168
0.025575
0.025591
0.025205
0.025266
0.025109
0.025177
0.025169
0.025144
0.025071
0.024274
0.024255
0.023791
0.023743
0.023827
0.023848
0.023831
0.023942
0.02383
0.024992
0.024974
0.024612
0.024618
0.024592
0.024605
0.024568
0.024626
0.024601
0.025348
0.025425
0.024983
0.025066
0.024945
0.024944
0.024992
0.025019
0.02496
0.022394
0.023363
0.023428
0.023145
0.023118
0.023146
0.023145
0.023013
0.022994
0.023095
0.026436
0.026429
0.025949
0.026055
0.025967
0.025908
0.026013
0.025963
0.025985
