total_time:
0.00056
0.000599
0.000549
0.000553
0.000556
0.000555
0.000553
0.000553
0.000551
0.000493
0.000489
0.000489
0.000492
0.000489
0.000487
0.000486
0.000486
0.000486
0.000574
0.00055
0.00055
0.000551
0.000551
0.000553
0.000552
0.000555
0.000549
0.00049
0.000487
0.000486
0.000486
0.000487
0.000525
0.000487
0.000482
0.000485
0.000554
0.000555
0.000551
0.00055
0.000551
0.000558
0.00055
0.00055
0.000549
0.00065
0.000646
0.000692
0.000644
0.000644
0.000642
0.000646
0.000643
0.000644
0.000497
0.000489
0.00049
0.000512
0.000489
0.000488
0.000489
0.000488
0.000489
0.00058
0.000555
0.000548
0.000546
0.00055
0.000546
0.000574
0.000549
0.000551
0.000573
0.000592
0.000554
0.00058
0.000596
0.000549
0.000547
0.000576
0.000545
0.00062
0.000609
0.000655
0.000611
0.00061
0.000609
0.000613
0.000609
0.00061
