compile_opencl_time:
0.00212
0.00215
0.002146
0.002145
0.00217
0.002142
0.002141
0.002198
total_time:
0.00087
0.000872
0.000805
0.000826
0.000804
0.0008
0.000801
0.000823
0.000799
0.000797
0.000744
0.000724
0.000703
0.000704
0.000703
0.000705
0.000701
0.000701
0.000698
0.000701
0.000892
0.000847
0.000811
0.000805
0.000802
0.0008
0.000839
0.000838
0.000803
0.000802
0.000742
0.000708
0.000726
0.000707
0.000699
0.000699
0.000699
0.0007
0.000698
0.000741
0.000846
0.000841
0.000809
0.000809
0.0008
0.000846
0.000799
0.000834
0.000802
0.000804
0.001011
0.00097
0.000961
0.000961
0.000963
0.000956
0.000959
0.00097
0.000976
0.000969
0.000751
0.000757
0.000708
0.00071
0.000711
0.000714
0.000702
0.000706
0.000707
0.000704
0.000859
0.000857
0.000828
0.000798
0.000795
0.000844
0.000848
0.000827
0.000804
0.000803
0.000875
0.000842
0.000802
0.000805
0.000841
0.000798
0.000825
0.000802
0.000798
0.000844
0.00096
0.000989
0.000913
0.000953
0.000905
0.000907
0.000911
0.000906
0.000915
0.000915
