total_time:
0.000576
0.000564
0.000607
0.000557
0.000565
0.000567
0.000565
0.000569
0.000564
0.000516
0.000515
0.000504
0.000502
0.000496
0.000494
0.000503
0.000496
0.000499
0.000601
0.00061
0.000578
0.000563
0.000569
0.000594
0.000573
0.000562
0.000568
0.00051
0.000503
0.000549
0.000496
0.000497
0.000493
0.000495
0.000495
0.000499
0.000593
0.000568
0.000589
0.000607
0.000563
0.000565
0.000563
0.000563
0.000561
0.000672
0.000672
0.00067
0.000706
0.000706
0.000665
0.000709
0.00071
0.00066
0.00051
0.000495
0.000538
0.000493
0.000503
0.0005
0.000501
0.000501
0.000501
0.000619
0.000566
0.000563
0.000563
0.000571
0.000564
0.000573
0.000568
0.000568
0.000574
0.000564
0.00061
0.000568
0.000565
0.000562
0.000566
0.000568
0.000565
0.000638
0.000646
0.00063
0.000632
0.000627
0.000635
0.000625
0.000637
0.000636
