total_time:
0.00104
0.000999
0.001029
0.001022
0.001001
0.001017
0.001022
0.00099
0.001034
0.000862
0.000873
0.000857
0.000853
0.000855
0.000861
0.000862
0.00086
0.000859
0.000979
0.000986
0.000983
0.001
0.001011
0.000977
0.000974
0.000972
0.000982
0.000884
0.000867
0.000869
0.00086
0.000859
0.000863
0.00086
0.000864
0.000858
0.00098
0.001013
0.000973
0.000972
0.00097
0.000972
0.000974
0.000982
0.00098
0.001199
0.00116
0.001155
0.001151
0.00115
0.001158
0.001164
0.001164
0.001163
0.000862
0.000858
0.000856
0.000856
0.000853
0.000857
0.000851
0.000876
0.000854
0.001042
0.000987
0.000987
0.00099
0.000997
0.000991
0.000988
0.000987
0.000988
0.00103
0.000976
0.000976
0.000977
0.000983
0.000978
0.000984
0.00098
0.000987
0.001167
0.001111
0.001118
0.001157
0.001117
0.00115
0.001112
0.00111
0.001106
