total_time:
0.14354
0.143608
0.142979
0.143202
0.142561
0.14349
0.142817
0.143843
0.142919
0.141173
0.141974
0.140947
0.141273
0.140044
0.141395
0.140898
0.140428
0.140299
0.142315
0.14113
0.14028
0.140071
0.139714
0.140329
0.140049
0.140093
0.140233
0.1418
0.140952
0.140949
0.140806
0.140561
0.140742
0.140727
0.140109
0.140178
0.141164
0.140667
0.140776
0.140596
0.141159
0.140254
0.140564
0.140898
0.141042
0.142075
0.142065
0.141778
0.141456
0.140338
0.14144
0.141199
0.141389
0.140984
0.14295
0.141368
0.140839
0.141127
0.141445
0.141327
0.140888
0.14109
0.141321
0.142628
0.140963
0.141284
0.140822
0.140977
0.140869
0.140651
0.140664
0.140871
0.142091
0.141922
0.141008
0.141108
0.141252
0.141159
0.141689
0.140969
0.141721
0.142289
0.141368
0.141823
0.141308
0.140902
0.141207
0.140768
0.141162
0.140567
