total_time:
0.176843
0.176687
0.175568
0.175857
0.17622
0.175026
0.174983
0.174802
0.176208
0.172923
0.173528
0.173088
0.173576
0.17264
0.17332
0.173397
0.173248
0.173945
0.17357
0.172747
0.173343
0.172887
0.172747
0.172881
0.17263
0.173228
0.172914
0.172679
0.174596
0.173821
0.174899
0.17424
0.172871
0.174532
0.173273
0.173074
0.17278
0.172692
0.173173
0.173008
0.173085
0.174109
0.172118
0.173286
0.173441
0.172449
0.172134
0.173795
0.173087
0.173721
0.172666
0.172761
0.172683
0.172694
0.17637
0.176727
0.176117
0.175987
0.176516
0.17711
0.176665
0.177224
0.176684
0.178145
0.17686
0.177441
0.177338
0.176557
0.17686
0.176785
0.176908
0.176466
0.1764
0.176327
0.177075
0.176455
0.176352
0.176516
0.176016
0.176338
0.176287
0.174117
0.172891
0.175083
0.173597
0.1743
0.175051
0.173567
0.173164
0.174135
