total_time:
0.082114
0.082031
0.081212
0.081298
0.081307
0.081229
0.081167
0.08121
0.081969
0.081991
0.081978
0.081431
0.081374
0.08129
0.081249
0.081318
0.081299
0.081213
0.082089
0.082137
0.081471
0.081353
0.081364
0.081326
0.081263
0.081458
0.081359
0.082357
0.0825
0.081641
0.081623
0.081829
0.081753
0.081573
0.081686
0.08157
0.082142
0.08214
0.08119
0.081202
0.081491
0.081268
0.081225
0.081186
0.081223
0.082719
0.082535
0.08179
0.081698
0.081995
0.081752
0.081653
0.08163
0.081842
0.082371
0.082685
0.081685
0.081628
0.081575
0.081577
0.081628
0.081651
0.081585
0.082439
0.082547
0.081712
0.081655
0.081622
0.08169
0.081684
0.08162
0.082945
0.082451
0.082442
0.081619
0.081586
0.081542
0.08182
0.081629
0.0816
0.081557
0.08248
0.082738
0.081816
0.08182
0.081786
0.08209
0.08179
0.08173
0.081892
