compile_opencl_time:
0.142282
0.142252
0.141201
0.149127
0.148447
0.143273
0.143302
0.149294
0.143151
0.149764
total_time:
0.035395
0.035358
0.035401
0.034906
0.035613
0.03508
0.035206
0.035407
0.035515
0.03544
0.03551
0.035701
0.035731
0.035409
0.035119
0.035475
0.035454
0.035341
0.035317
0.03536
0.035274
0.035071
0.034934
0.035164
0.034991
0.034739
0.03515
0.035277
0.035301
0.035473
0.03554
0.035553
0.0354
0.035374
0.035295
0.035555
0.035393
0.035807
0.035533
0.035158
0.035607
0.035452
0.035566
0.035612
0.035249
0.035271
0.035208
0.035088
0.03511
0.03515
0.035858
0.035126
0.034943
0.035045
0.035109
0.035161
0.034966
0.035043
0.034873
0.034942
0.035328
0.034857
0.034865
0.035615
0.035592
0.035342
0.03505
0.035651
0.035792
0.035851
0.035328
0.03533
0.035147
0.034753
0.03506
0.035111
0.03511
0.035045
0.034954
0.035065
0.034908
0.035318
0.034964
0.034939
0.035396
0.035062
0.035191
0.035079
0.035301
0.035103
