compile_opencl_time:
0.07907
0.07608
0.076577
0.078194
0.073973
0.076133
0.077769
0.076539
0.075021
0.074013
total_time:
0.000634
0.000611
0.00059
0.000552
0.000556
0.000537
0.000558
0.000571
0.000499
0.000716
0.000674
0.000663
0.000669
0.000656
0.000649
0.000647
0.000633
0.000707
0.00061
0.000581
0.000571
0.000524
0.000541
0.000589
0.000543
0.000555
0.000648
0.000634
0.000609
0.000572
0.00058
0.000586
0.00059
0.000609
0.00065
0.000562
0.000562
0.000494
0.000484
0.000489
0.000576
0.000567
0.00049
0.000683
0.000584
0.000584
0.000565
0.000553
0.000555
0.00052
0.000543
0.000516
0.000702
0.000628
0.000666
0.000573
0.000551
0.000526
0.000528
0.000546
0.000545
0.000713
0.000616
0.00064
0.00063
0.000609
0.000582
0.00057
0.000581
0.000579
0.000781
0.000601
0.000588
0.000598
0.000596
0.000579
0.000568
0.000553
0.000558
0.000708
0.000598
0.000671
0.000632
0.000601
0.000585
0.000612
0.000582
0.000604
