total_time:
0.000693
0.000881
0.000783
0.000809
0.000815
0.000816
0.000811
0.000811
0.000812
0.000812
0.000836
0.000833
0.000775
0.000767
0.000768
0.000773
0.000774
0.000773
0.00077
0.000775
0.000772
0.000775
0.000704
0.000701
0.000719
0.000722
0.000724
0.000727
0.000734
0.000734
0.000758
0.000679
0.000702
0.000709
0.000707
0.000708
0.000713
0.000714
0.000717
0.00072
0.000845
0.000769
0.000768
0.000772
0.000771
0.000768
0.000772
0.000774
0.000779
0.00078
0.000837
0.000782
0.000775
0.000774
0.000768
0.000775
0.000778
0.000778
0.000777
0.00078
0.000877
0.000802
0.000802
0.000801
0.000803
0.000801
0.000809
0.000805
0.000803
0.000807
0.000866
0.000797
0.000797
0.000796
0.000796
0.000865
0.000705
0.000671
0.000859
0.000793
0.000795
0.000799
0.000798
0.000799
0.000794
0.000804
0.0008
0.000798
