total_time:
0.000758
0.000747
0.000744
0.000745
0.00074
0.000739
0.000747
0.00074
0.000794
0.000786
0.00075
0.000753
0.000746
0.000745
0.000745
0.000738
0.000741
0.000741
0.000763
0.000746
0.000747
0.000742
0.00075
0.000742
0.000742
0.000743
0.000741
0.000831
0.00082
0.000817
0.000819
0.000819
0.000819
0.000821
0.000819
0.000818
0.000772
0.000751
0.000746
0.000745
0.000751
0.000742
0.000749
0.000738
0.000747
0.00076
0.000748
0.000751
0.000745
0.000795
0.000787
0.000743
0.000779
0.000737
0.000694
0.000684
0.000684
0.000679
0.00068
0.000686
0.000674
0.000675
0.00068
0.000917
0.000909
0.000931
0.000899
0.000907
0.000914
0.000927
0.00091
0.000905
0.000826
0.000817
0.000816
0.000818
0.000813
0.000819
0.000812
0.000818
0.000814
0.000895
0.000886
0.00089
0.000877
0.000882
0.00088
0.000883
0.000881
0.000918
