total_time:
0.00132
0.001326
0.001315
0.00132
0.001302
0.001324
0.001303
0.001327
0.001309
0.001344
0.001362
0.001339
0.001354
0.001346
0.001335
0.001315
0.001325
0.001324
0.001334
0.001335
0.001324
0.001358
0.001362
0.001335
0.001302
0.001359
0.001344
0.001465
0.001442
0.001431
0.001453
0.00144
0.001437
0.001429
0.001445
0.001451
0.001374
0.001359
0.001349
0.00135
0.00134
0.001361
0.001332
0.001351
0.001338
0.001333
0.001367
0.00132
0.001316
0.001314
0.001329
0.001317
0.00132
0.001314
0.001213
0.001202
0.001211
0.001245
0.001188
0.001192
0.001234
0.00125
0.001204
0.001678
0.001668
0.001686
0.001654
0.001656
0.001656
0.001644
0.001654
0.001658
0.001468
0.001477
0.001431
0.001475
0.001469
0.001443
0.00143
0.001444
0.001446
0.001585
0.001583
0.001581
0.001569
0.001568
0.001572
0.001569
0.001557
0.001562
