total_time:
0.056536
0.057492
0.056902
0.057008
0.056783
0.057039
0.056854
0.056855
0.058579
0.058246
0.05804
0.057793
0.057443
0.057454
0.057933
0.057914
0.057617
0.057281
0.056383
0.056649
0.056424
0.056482
0.057092
0.056846
0.056132
0.056191
0.059139
0.056711
0.058401
0.058555
0.057996
0.058255
0.05837
0.058822
0.058151
0.060365
0.059496
0.059363
0.059809
0.059757
0.059848
0.059488
0.0599
0.059494
0.057801
0.057104
0.056691
0.056834
0.057021
0.056897
0.056493
0.057318
0.057043
0.059536
0.058896
0.058492
0.058693
0.058406
0.059131
0.058526
0.059034
0.058716
0.059589
0.05869
0.058431
0.059162
0.058671
0.058713
0.058527
0.058433
0.058764
0.058021
0.057594
0.057508
0.057498
0.057341
0.057789
0.057666
0.05731
0.057549
0.05996
0.059546
0.059136
0.058919
0.05801
0.05893
0.058847
0.059263
0.058829
