total_time:
0.019503
0.019034
0.019032
0.019004
0.019003
0.019004
0.018995
0.018985
0.018997
0.019854
0.019478
0.019413
0.01939
0.019435
0.019405
0.019407
0.019402
0.019373
0.019462
0.019002
0.01899
0.018988
0.018987
0.018989
0.018983
0.018974
0.018961
0.019458
0.01899
0.018965
0.018973
0.018957
0.018961
0.018958
0.018966
0.018969
0.019945
0.019493
0.019461
0.019462
0.019452
0.019459
0.019461
0.019463
0.019453
0.019496
0.019036
0.019011
0.019015
0.019014
0.019026
0.019014
0.019009
0.019009
0.019549
0.0191
0.019093
0.019085
0.019079
0.019072
0.019074
0.019074
0.019101
0.019581
0.019102
0.019091
0.01909
0.019083
0.019075
0.019084
0.019071
0.019065
0.019746
0.01926
0.019237
0.019242
0.019239
0.019236
0.019247
0.019224
0.019226
0.019833
0.019405
0.019365
0.019313
0.019319
0.019354
0.019343
0.019297
0.019309
