total_time:
0.030532
0.032335
0.031580
0.031793
0.031930
0.032341
0.032135
0.032390
0.032500
0.032664
0.025655
0.028681
0.027880
0.028616
0.028601
0.028805
0.028953
0.029295
0.029102
0.029270
0.026462
0.027740
0.027657
0.028300
0.028365
0.028563
0.028851
0.028968
0.029268
0.028981
0.027356
0.031430
0.030343
0.030892
0.031682
0.031258
0.031352
0.031668
0.032431
0.032544
0.025301
0.028275
0.027921
0.028086
0.028716
0.029451
0.028480
0.029250
0.029308
0.029029
0.035170
0.034515
0.033224
0.034016
0.033870
0.034428
0.034536
0.034366
0.034522
0.034650
0.024513
0.027684
0.026482
0.027422
0.027939
0.027657
0.027926
0.027667
0.027668
0.027965
0.028818
0.032951
0.032352
0.032449
0.032969
0.033658
0.032406
0.032967
0.033510
0.032784
0.025894
0.030559
0.029152
0.030819
0.030719
0.031331
0.030969
0.032168
0.031149
0.031533
0.029591
0.030055
0.029789
0.030012
0.030167
0.030542
0.034434
0.034735
0.034857
0.034920