total_time:
0.004087
0.004074
0.004097
0.004098
0.004111
0.004133
0.004092
0.0041
0.004081
0.003285
0.003282
0.003269
0.003277
0.00326
0.003263
0.003263
0.003303
0.003251
0.003772
0.003761
0.003695
0.003696
0.003694
0.003697
0.003716
0.003695
0.00371
0.002839
0.002841
0.002809
0.002816
0.002817
0.002803
0.002813
0.002795
0.002834
0.003667
0.003679
0.003662
0.003664
0.003657
0.003711
0.003664
0.003667
0.003667
0.002905
0.002932
0.002909
0.00294
0.002904
0.002859
0.002851
0.002853
0.002891
0.00484
0.004858
0.004857
0.004867
0.004836
0.004876
0.004852
0.004851
0.004842
0.003233
0.003201
0.00322
0.003217
0.003207
0.003222
0.003242
0.003204
0.003219
0.004064
0.004034
0.004037
0.003948
0.00396
0.003939
0.003956
0.003944
0.003952
0.003913
0.003901
0.003947
0.00391
0.003951
0.003865
0.003892
0.003937
0.003889
