total_time:
0.000734
0.00066
0.000686
0.000691
0.000696
0.000696
0.0007
0.0007
0.000695
0.000622
0.000764
0.000765
0.000762
0.000766
0.000756
0.000768
0.000768
0.00067
0.000713
0.00067
0.000675
0.000684
0.000687
0.000696
0.000695
0.000701
0.000703
0.000697
0.000717
0.000666
0.000679
0.000679
0.000694
0.0007
0.000695
0.000697
0.000696
0.000699
0.000665
0.000671
0.000684
0.000698
0.000702
0.000698
0.000702
0.000702
0.000696
0.000743
0.000691
0.000701
0.000705
0.000703
0.000709
0.000712
0.000703
0.000705
0.000708
0.000744
0.000747
0.000747
0.000756
0.000757
0.000756
0.000754
0.000758
0.000757
0.00071
0.000658
0.000668
0.00067
0.000679
0.000686
0.000682
0.000688
0.000683
0.000686
0.000729
0.000671
0.000678
0.000683
0.000682
0.000674
0.000674
0.000673
0.000677
0.000674
