compile_opencl_time:
0.002042
0.002044
0.002033
0.002078
0.002041
0.002058
0.002047
0.002057
0.002042
0.002057
total_time:
0.003022
0.002972
0.002997
0.002999
0.00299
0.003017
0.002989
0.002981
0.003014
0.002985
0.002521
0.002503
0.002502
0.002507
0.002511
0.002509
0.002523
0.002501
0.002501
0.002504
0.002891
0.00284
0.002856
0.002862
0.002899
0.002883
0.002854
0.0029
0.002871
0.002847
0.002205
0.00217
0.002138
0.002181
0.002154
0.002157
0.002152
0.002169
0.002175
0.002148
0.002827
0.002753
0.002765
0.002772
0.002774
0.002794
0.002761
0.002784
0.002761
0.002759
0.002273
0.002236
0.002201
0.002249
0.002225
0.002247
0.002217
0.002243
0.002219
0.002216
0.003674
0.003656
0.003666
0.003661
0.003672
0.003651
0.00374
0.003676
0.003676
0.003652
0.002537
0.002456
0.002494
0.002496
0.002478
0.002469
0.002492
0.002467
0.002489
0.002491
0.003061
0.003009
0.003042
0.003032
0.003057
0.00305
0.003022
0.003017
0.003039
0.003046
0.003036
0.002999
0.003
0.00301
0.002996
0.003022
0.00299
0.00299
0.002992
0.002992
