total_time:
0.621539
0.621323
0.621409
0.621584
0.621504
0.621235
0.621544
0.621102
0.621493
0.621647
0.621596
0.621164
0.621566
0.621374
0.62178
0.621518
0.620984
0.621341
0.621327
0.621785
0.621447
0.621465
0.621264
0.621062
0.621234
0.621357
0.621235
0.621242
0.621499
0.621214
0.621464
0.62119
0.621929
0.62145
0.621887
0.621648
0.621753
0.621527
0.621507
0.621457
0.621997
0.621905
0.621657
0.621614
0.621842
0.622171
0.621865
0.621989
0.621828
0.621378
0.62132
0.621425
0.621516
0.621458
0.621435
0.621816
0.621342
0.621366
0.621529
0.621417
0.621795
0.621226
0.621516
0.621333
0.621864
0.62241
0.622184
0.622264
0.621963
0.622067
0.622181
0.622107
0.620485
0.62055
0.620827
0.620777
0.620535
0.620611
0.62054
0.620683
