compile_opencl_time:
0.136581
0.136825
0.137727
0.137936
0.138355
0.136594
0.137919
0.135837
total_time:
0.397842
0.379348
0.381851
0.380661
0.379874
0.377092
0.379119
0.377628
0.379453
0.380901
0.392288
0.393998
0.39283
0.391729
0.392739
0.393789
0.395409
0.393452
0.394194
0.397493
0.386421
0.379331
0.379322
0.365876
0.378151
0.38098
0.382078
0.373359
0.369978
0.372094
0.385445
0.378169
0.376794
0.376683
0.376372
0.377614
0.3775
0.37486
0.375486
0.375728
0.395594
0.383333
0.39311
0.374802
0.373051
0.376325
0.374697
0.372236
0.370025
0.392105
0.385591
0.385052
0.385047
0.37484
0.386106
0.384973
0.385965
0.384122
0.383543
0.385295
0.379738
0.366276
0.381028
0.379721
0.378269
0.379776
0.37963
0.379539
0.379661
0.378618
0.369856
0.370897
0.37323
0.370955
0.372513
0.372211
0.373081
0.366345
0.371605
0.393881
0.386915
0.385825
0.374022
0.386967
0.383851
0.388311
0.384001
0.388959
0.385366
0.37775
0.379963
0.379125
0.380582
0.379065
0.380853
0.380184
0.378779
0.379506
0.379842
