total_time:
0.002003
0.001955
0.001896
0.001891
0.001899
0.001894
0.001889
0.001898
0.001899
0.001981
0.001926
0.00192
0.001913
0.001918
0.00191
0.001912
0.001913
0.001908
0.001995
0.001892
0.001879
0.001881
0.001882
0.001881
0.001872
0.001925
0.00188
0.001987
0.001975
0.001926
0.001932
0.001934
0.001953
0.001924
0.001928
0.001926
0.002004
0.001946
0.00197
0.001944
0.00194
0.001938
0.001934
0.001979
0.00194
0.001973
0.00192
0.001903
0.001909
0.001905
0.001908
0.001899
0.001905
0.001903
0.002028
0.00197
0.001972
0.001963
0.001966
0.001961
0.00197
0.001967
0.001965
0.001966
0.001913
0.001898
0.00189
0.001936
0.001899
0.001902
0.001893
0.001937
0.001983
0.001999
0.002013
0.001968
0.001968
0.001972
0.001967
0.001965
0.001969
0.001918
0.001908
0.001908
0.001936
0.001914
0.001938
0.001916
0.001933
