total_time:
0.000511
0.000457
0.000439
0.000443
0.000437
0.000448
0.000441
0.000454
0.000444
0.000458
0.000464
0.00047
0.000451
0.00047
0.000464
0.000457
0.000459
0.000502
0.000444
0.000442
0.000437
0.000448
0.000447
0.000439
0.000443
0.000429
0.000508
0.000433
0.000438
0.00044
0.000431
0.000452
0.000432
0.000441
0.00044
0.000456
0.000455
0.000475
0.000453
0.000469
0.000449
0.000491
0.000445
0.000502
0.000436
0.000443
0.000437
0.000433
0.000429
0.000441
0.000433
0.00043
0.000462
0.000473
0.000481
0.000461
0.000463
0.00047
0.000459
0.000468
0.000456
0.000399
0.000399
0.000402
0.0004
0.0004
0.000422
0.000404
0.000411
0.000459
0.000464
0.000455
0.000465
0.000463
0.000466
0.000465
0.000446
0.000502
0.00045
0.000448
0.000452
0.000439
0.000442
0.000447
0.000441
0.000448
