total_time:
0.002862
0.002771
0.002776
0.002768
0.002819
0.002773
0.00278
0.00277
0.002788
0.002934
0.002858
0.002863
0.002877
0.00287
0.002857
0.002873
0.002879
0.00287
0.00284
0.002775
0.002747
0.002783
0.002814
0.002776
0.002795
0.002782
0.002763
0.002962
0.002903
0.002897
0.002898
0.0029
0.002921
0.002954
0.002895
0.002928
0.002979
0.002919
0.002937
0.002945
0.002932
0.002916
0.002922
0.002955
0.002934
0.002878
0.002805
0.002802
0.002825
0.002837
0.002821
0.002783
0.002791
0.002799
0.002978
0.00293
0.002937
0.002924
0.002928
0.002927
0.002933
0.002935
0.002946
0.002857
0.002801
0.002775
0.002819
0.002822
0.002787
0.002804
0.002795
0.002819
0.003016
0.002949
0.002932
0.002924
0.002939
0.002929
0.002928
0.002931
0.002938
0.002884
0.002802
0.002814
0.0028
0.002808
0.002796
0.002804
0.00281
0.002848
