total_time:
0.011067
0.011053
0.011152
0.011135
0.01112
0.011097
0.011082
0.011841
0.012118
0.008417
0.0084
0.008451
0.008503
0.008472
0.008511
0.008441
0.008491
0.008448
0.010947
0.010971
0.011036
0.011094
0.011015
0.011024
0.010966
0.011067
0.011077
0.00886
0.008995
0.008947
0.008937
0.009013
0.008902
0.008883
0.008978
0.008971
0.010308
0.010535
0.010451
0.010568
0.010397
0.010333
0.010233
0.010289
0.009601
0.010043
0.010195
0.010052
0.010134
0.010099
0.010171
0.010258
0.010129
0.010106
0.009301
0.009255
0.009432
0.00938
0.009322
0.009376
0.009286
0.009339
0.009338
0.01052
0.010675
0.010591
0.010665
0.010599
0.010571
0.010601
0.010626
0.010618
0.010621
0.010688
0.010633
0.010722
0.010753
0.010688
0.010708
0.010744
0.010744
0.009637
0.009535
0.009598
0.009633
0.009685
0.009704
0.009706
0.009716
0.009687
