total_time:
0.044672
0.043543
0.043728
0.044205
0.043975
0.04398
0.043868
0.043766
0.044018
0.044381
0.04387
0.043911
0.043239
0.043649
0.043414
0.043619
0.043659
0.044037
0.045752
0.045075
0.045145
0.045124
0.045074
0.04521
0.044595
0.045276
0.04524
0.044653
0.043965
0.044462
0.04379
0.043843
0.044689
0.043697
0.043988
0.044011
0.043584
0.043102
0.042953
0.042936
0.042788
0.042736
0.042926
0.04323
0.043051
0.044632
0.044434
0.04465
0.044266
0.044526
0.043989
0.043863
0.0444
0.044548
0.045146
0.044689
0.044879
0.044446
0.044676
0.04468
0.044626
0.044815
0.044347
0.044507
0.044328
0.044736
0.04428
0.044153
0.044099
0.043842
0.044137
0.043852
0.043505
0.043981
0.043829
0.043823
0.043552
0.043955
0.043618
0.04358
0.043741
0.044155
0.044014
0.043907
0.044056
0.043896
0.043631
0.043955
0.043593
0.044428
