total_time:
0.046816
0.046525
0.046496
0.046136
0.046409
0.046282
0.046062
0.045782
0.046515
0.047103
0.045501
0.045364
0.045459
0.045491
0.045226
0.04553
0.04533
0.045248
0.04615
0.046082
0.04573
0.045539
0.045925
0.045898
0.046096
0.045926
0.046102
0.045534
0.044924
0.045169
0.044503
0.045056
0.044507
0.044632
0.045049
0.044522
0.047699
0.047952
0.04749
0.047643
0.048095
0.047761
0.048007
0.048129
0.048059
0.045085
0.04508
0.044582
0.044688
0.044963
0.044377
0.044621
0.044632
0.044769
0.047357
0.045358
0.045008
0.045298
0.045225
0.044788
0.045051
0.044994
0.044955
0.045964
0.045583
0.045716
0.045412
0.045537
0.045383
0.045344
0.045716
0.045432
0.045633
0.045875
0.045696
0.045921
0.045799
0.046151
0.04617
0.045502
0.045805
0.046529
0.046471
0.047824
0.04652
0.046461
0.046765
0.046243
0.046083
0.045656
