total_time:
0.015666
0.015649
0.015367
0.015403
0.015372
0.015351
0.015374
0.015385
0.015343
0.015951
0.015769
0.015555
0.015614
0.015651
0.015571
0.015508
0.015562
0.01556
0.015518
0.015417
0.015159
0.015173
0.015136
0.015143
0.015151
0.015151
0.015129
0.015556
0.015473
0.015252
0.0152
0.015256
0.015185
0.015155
0.01519
0.015183
0.015672
0.015556
0.015314
0.015365
0.01532
0.015339
0.015306
0.01532
0.015334
0.015555
0.015439
0.015213
0.015174
0.015183
0.015232
0.015181
0.015159
0.015144
0.015546
0.015424
0.015244
0.015151
0.015134
0.015172
0.015142
0.015117
0.015104
0.015903
0.015748
0.015529
0.015602
0.015565
0.015532
0.015519
0.015515
0.015574
0.015699
0.015609
0.015351
0.01534
0.015329
0.015296
0.01536
0.015372
0.015347
0.015688
0.015602
0.015309
0.015319
0.015303
0.015282
0.015325
0.015298
0.015251
