total_time:
0.003952
0.003741
0.003414
0.003335
0.003709
0.00358
0.003773
0.003723
0.003751
0.003726
0.003969
0.003545
0.003759
0.003922
0.0041
0.004002
0.004059
0.004122
0.004069
0.004331
0.003952
0.003171
0.003275
0.003469
0.003953
0.00372
0.003712
0.003737
0.003815
0.003749
0.003414
0.003202
0.003346
0.003518
0.003464
0.00364
0.003691
0.003742
0.004084
0.003419
0.003415
0.003636
0.003967
0.004094
0.004044
0.003964
0.004118
0.004405
0.003928
0.003324
0.003423
0.003552
0.00375
0.003744
0.003824
0.003896
0.003958
0.003751
0.003441
0.003502
0.003374
0.003631
0.003486
0.003636
0.003606
0.003587
0.0036
0.004043
0.003434
0.003399
0.00371
0.003876
0.003944
0.003904
0.003991
0.003908
0.003946
0.003347
0.003326
0.00354
0.003699
0.003584
0.004056
0.004114
0.00413
0.003977
0.003775
0.003321
0.003508
0.003822
0.003819
0.003807
0.003899
0.003847
0.003845
