total_time:
0.00488
0.004735
0.004792
0.00486
0.005014
0.005142
0.004797
0.004729
0.004725
0.004758
0.004583
0.004581
0.004581
0.00458
0.004581
0.004577
0.004572
0.004647
0.004743
0.004586
0.004574
0.004574
0.004585
0.004564
0.004567
0.004564
0.004566
0.004809
0.004653
0.004641
0.00464
0.004639
0.004632
0.004643
0.004636
0.004633
0.004712
0.004559
0.004559
0.004551
0.004573
0.004545
0.004545
0.004548
0.004543
0.005033
0.005023
0.005035
0.005022
0.005022
0.005015
0.005023
0.00506
0.004763
0.004619
0.004613
0.004607
0.0046
0.004599
0.004602
0.004595
0.004598
0.004842
0.004693
0.004679
0.004685
0.004681
0.004676
0.004684
0.004679
0.004676
0.004781
0.00462
0.004634
0.004603
0.004604
0.004595
0.004597
0.004592
0.004599
0.004867
0.004724
0.004721
0.00472
0.00472
0.004691
0.004699
0.004685
0.004694
