total_time:
0.208891
0.137134
0.135032
0.135343
0.135396
0.135282
0.135387
0.135352
0.135528
0.135424
0.208816
0.136887
0.135405
0.135252
0.135322
0.135319
0.135256
0.135333
0.135133
0.135364
0.207887
0.137080
0.135289
0.135347
0.134985
0.135400
0.135329
0.135078
0.135330
0.135187
0.208162
0.137025
0.135280
0.135350
0.135140
0.135332
0.135152
0.135328
0.135304
0.135283
0.222163
0.137105
0.135425
0.135462
0.135407
0.135316
0.135491
0.135490
0.135440
0.135455
0.209477
0.137154
0.135250
0.135294
0.135104
0.135306
0.135302
0.135169
0.135345
0.135200
0.208151
0.136964
0.135291
0.135179
0.135320
0.135358
0.135281
0.135474
0.135047
0.135341
0.208398
0.137050
0.135437
0.135175
0.135415
0.135488
0.135422
0.135463
0.135376
0.135532
0.210711
0.137248
0.135451
0.135563
0.135546
0.135475
0.135546
0.135201
0.135519
0.135672
0.210268
0.137390
0.135564
0.135665
0.135455
0.135634
0.135627
0.135576
0.135676
0.135605