total_time:
0.030833
0.034014
0.030204
0.030794
0.031149
0.031550
0.032205
0.032544
0.032296
0.032845
0.030253
0.033893
0.030791
0.030987
0.031216
0.031598
0.031221
0.031697
0.031979
0.031503
0.031637
0.035379
0.031562
0.031679
0.032408
0.031793
0.032379
0.032556
0.032637
0.032710
0.031671
0.034387
0.030669
0.031066
0.031199
0.031410
0.031757
0.031592
0.031918
0.031536
0.029805
0.033689
0.030020
0.030104
0.030052
0.030162
0.031036
0.030874
0.030959
0.030564
0.030713
0.034688
0.031294
0.032143
0.031917
0.032315
0.032706
0.032769
0.032717
0.032344
0.031261
0.033602
0.030266
0.030309
0.030548
0.030623
0.031524
0.030898
0.031387
0.031759
0.028925
0.032435
0.029228
0.029672
0.030411
0.029693
0.030234
0.030614
0.030453
0.030239
0.031337
0.032952
0.030148
0.030623
0.030550
0.030835
0.030803
0.030440
0.031114
0.030936
0.030830
0.032459
0.029518
0.029648
0.029611
0.029615
0.029972
0.030051
0.030274
0.030311