total_time:
0.000628
0.000632
0.00062
0.000628
0.000625
0.000644
0.000618
0.000628
0.000631
0.000657
0.000626
0.000628
0.000623
0.000624
0.000632
0.00063
0.000642
0.00063
0.000681
0.00063
0.000624
0.000623
0.000626
0.000612
0.000638
0.000624
0.000631
0.000645
0.000638
0.000632
0.000663
0.000625
0.000618
0.000619
0.000627
0.000626
0.000633
0.00066
0.000621
0.000624
0.000624
0.000624
0.000626
0.000619
0.000625
0.000688
0.000741
0.000692
0.000695
0.000692
0.000691
0.00069
0.000695
0.000691
0.000641
0.000637
0.00062
0.000638
0.000628
0.000628
0.000639
0.000629
0.000625
0.000703
0.000725
0.000701
0.000701
0.0007
0.000696
0.000696
0.000682
0.000695
0.000635
0.000663
0.000634
0.000626
0.00062
0.000618
0.000639
0.000627
0.000628
0.000698
0.000694
0.000712
0.0007
0.000701
0.000704
0.000707
0.000714
0.0007
