compile_opencl_time:
0.076311
0.075623
0.074325
0.074174
0.073543
0.074280
0.074332
0.078301
0.073743
0.073212
total_time:
0.003514
0.002498
0.002462
0.002473
0.002547
0.002544
0.002491
0.002526
0.002534
0.002445
0.002500
0.002121
0.002088
0.002045
0.002251
0.002056
0.002137
0.002139
0.002027
0.002048
0.002536
0.003258
0.002140
0.002137
0.002238
0.002147
0.002209
0.002173
0.002159
0.002108
0.002654
0.002021
0.001974
0.001942
0.001919
0.002007
0.001976
0.001951
0.001957
0.001939
0.003674
0.002226
0.002191
0.002129
0.002177
0.002180
0.002170
0.002242
0.002198
0.002947
0.002495
0.002300
0.002173
0.002087
0.002113
0.002171
0.002114
0.002103
0.002090
0.002125
0.003338
0.002794
0.002584
0.002578
0.002627
0.002610
0.002654
0.002665
0.002661
0.002649
0.002644
0.002226
0.002117
0.002492
0.002723
0.002028
0.001881
0.002167
0.001875
0.001974
0.003332
0.002768
0.002257
0.001977
0.002003
0.002268
0.001928
0.001885
0.001843
0.001919
0.003022
0.002299
0.001936
0.002187
0.002267
0.002340
0.002069
0.001798
0.001753
0.001756