total_time:
0.023502
0.022961
0.022943
0.022939
0.022939
0.02293
0.022931
0.022928
0.022924
0.023534
0.023027
0.023016
0.023031
0.023003
0.023037
0.023008
0.023003
0.022987
0.023515
0.022961
0.022923
0.022899
0.022889
0.023003
0.02297
0.022907
0.02294
0.023518
0.023032
0.02307
0.023009
0.023041
0.023011
0.023015
0.023005
0.023003
0.023677
0.023084
0.023068
0.023062
0.023053
0.023048
0.023051
0.02307
0.02306
0.023657
0.023103
0.023081
0.023078
0.023081
0.023085
0.023067
0.023062
0.02306
0.023572
0.022995
0.02299
0.022984
0.022988
0.022983
0.022977
0.022967
0.022968
0.023454
0.022928
0.022953
0.022951
0.02289
0.022884
0.022928
0.022884
0.022947
0.023659
0.023188
0.023186
0.023127
0.023123
0.023099
0.023118
0.023128
0.023069
0.02341
0.023304
0.023321
0.023322
0.023357
0.023301
0.023373
0.023343
