total_time:
0.076482
0.074986
0.074405
0.073829
0.074435
0.07471
0.074324
0.075692
0.073596
0.074725
0.075106
0.075117
0.075435
0.075594
0.074884
0.075745
0.074859
0.07455
0.074663
0.077998
0.075744
0.075241
0.075918
0.077598
0.075981
0.076706
0.076585
0.0775
0.078427
0.073216
0.073595
0.074263
0.074201
0.074995
0.073577
0.074084
0.076352
0.075255
0.075495
0.073487
0.074205
0.072881
0.073204
0.073299
0.073585
0.073572
0.07393
0.075346
0.075502
0.07381
0.074056
0.073482
0.076601
0.073927
0.074769
0.074117
0.074692
0.075833
0.075303
0.074309
0.074531
0.074638
0.074797
0.07378
0.073993
0.074252
0.074536
0.075334
0.074718
0.073728
0.073829
0.07384
0.073334
0.073294
0.073472
0.073171
0.073506
0.078287
0.077915
0.076885
0.078208
0.077633
0.07783
0.076708
0.077909
0.077974
0.077068
0.076706
0.074832
0.074424
0.074821
0.074838
0.075225
0.07504
0.075225
0.07484
