total_time:
0.025387
0.025224
0.025202
0.025229
0.025262
0.025165
0.025245
0.025198
0.025283
0.025763
0.025512
0.025543
0.025486
0.025528
0.025506
0.025477
0.025486
0.025546
0.026262
0.026146
0.026104
0.02606
0.026107
0.02607
0.026105
0.026132
0.026057
0.022044
0.021963
0.021914
0.02193
0.021933
0.021908
0.021917
0.021895
0.02194
0.023379
0.023282
0.023216
0.023202
0.023214
0.023327
0.023253
0.023267
0.023258
0.023946
0.023835
0.023753
0.023805
0.023819
0.023834
0.023755
0.02398
0.023809
0.025367
0.025057
0.025088
0.025131
0.025229
0.024953
0.025313
0.02522
0.025263
0.025322
0.02504
0.025134
0.025047
0.025038
0.025033
0.025033
0.025001
0.025065
0.024976
0.024685
0.024831
0.024775
0.024941
0.024738
0.025157
0.024768
0.024667
0.025123
0.024937
0.02496
0.024926
0.024937
0.024883
0.024894
0.025046
0.024935
