total_time:
0.046912
0.047009
0.046428
0.046383
0.04637
0.046331
0.046422
0.046414
0.046441
0.047061
0.046878
0.046873
0.046813
0.046823
0.04677
0.046802
0.046894
0.046857
0.048298
0.048114
0.048031
0.048203
0.048039
0.047953
0.047987
0.048009
0.047981
0.040519
0.040288
0.040281
0.040227
0.040254
0.040192
0.040225
0.04029
0.040171
0.043006
0.042655
0.042714
0.042568
0.042635
0.042656
0.042719
0.04251
0.04253
0.043923
0.043746
0.043733
0.043675
0.043652
0.043643
0.043666
0.043616
0.043704
0.046205
0.045972
0.046115
0.046264
0.04634
0.046002
0.046168
0.04636
0.046078
0.04682
0.046166
0.046175
0.046013
0.046021
0.046009
0.046026
0.046112
0.046077
0.04499
0.044962
0.046042
0.045783
0.045726
0.045797
0.045764
0.045855
0.045597
0.046414
0.046325
0.04618
0.046166
0.046324
0.046065
0.046883
0.046147
0.046678
