total_time:
0.005298
0.005287
0.005288
0.00529
0.00529
0.00529
0.005298
0.005291
0.005444
0.005303
0.005282
0.005283
0.005282
0.005278
0.00528
0.005279
0.005278
0.005349
0.005338
0.005335
0.005339
0.005331
0.005334
0.005329
0.005326
0.005294
0.005291
0.00528
0.005281
0.005276
0.005274
0.005283
0.005279
0.005389
0.005245
0.005223
0.005221
0.005217
0.005213
0.005238
0.005211
0.00521
0.005354
0.00534
0.005334
0.00534
0.005327
0.005331
0.005328
0.005365
0.005443
0.005285
0.005269
0.005265
0.005268
0.005265
0.005269
0.005262
0.005259
0.005402
0.00524
0.005225
0.005223
0.005218
0.005218
0.005216
0.005271
0.00523
0.005446
0.005287
0.005287
0.005283
0.005305
0.005278
0.005281
0.005273
0.005276
0.005393
0.005233
0.005222
0.005217
0.005217
0.005217
0.005211
0.00521
0.005209
