total_time:
0.00491
0.004788
0.004777
0.004762
0.00477
0.00477
0.00477
0.004766
0.004814
0.004941
0.004832
0.004819
0.004815
0.004816
0.004809
0.004807
0.004831
0.004818
0.004913
0.004796
0.004782
0.00478
0.004776
0.004777
0.004781
0.00478
0.00478
0.004841
0.004719
0.004707
0.0047
0.004696
0.004724
0.004701
0.004697
0.004699
0.004871
0.004747
0.004731
0.004725
0.004734
0.004732
0.004728
0.004727
0.004729
0.004964
0.004846
0.004831
0.004829
0.004839
0.004826
0.00483
0.004824
0.004867
0.004857
0.004714
0.004701
0.004703
0.0047
0.00472
0.004697
0.004695
0.004696
0.004903
0.004792
0.004764
0.004766
0.004771
0.004764
0.004763
0.004768
0.004763
0.004846
0.004721
0.004701
0.004696
0.004702
0.004731
0.004696
0.004701
0.004703
0.004947
0.004831
0.004822
0.004813
0.004818
0.004818
0.004811
0.004809
0.004823
