total_time:
0.092098
0.019744
0.019225
0.019229
0.019160
0.019238
0.019313
0.019250
0.019177
0.019173
0.094400
0.020532
0.020164
0.020128
0.020120
0.020116
0.020078
0.020076
0.020102
0.020033
0.095426
0.020028
0.019534
0.019483
0.019477
0.019486
0.019467
0.019511
0.019432
0.019443
0.092026
0.019575
0.019137
0.019153
0.019104
0.019046
0.019103
0.019092
0.019055
0.019069
0.092957
0.020347
0.019984
0.020054
0.019976
0.019926
0.019923
0.019927
0.019975
0.019932
0.090844
0.019079
0.018791
0.018762
0.018637
0.018685
0.018737
0.018684
0.018681
0.018652
0.094995
0.019692
0.019237
0.019228
0.019225
0.019205
0.019215
0.019200
0.019210
0.019292
0.095574
0.019424
0.018867
0.018859
0.018915
0.018952
0.019123
0.018860
0.018871
0.018861
0.096804
0.020860
0.020429
0.020413
0.020438
0.020450
0.020394
0.020389
0.020374
0.020352
0.095952
0.019423
0.018972
0.018990
0.018923
0.018942
0.018984
0.018941
0.018929
0.018934