total_time:
0.152999
0.076223
0.076072
0.075912
0.075329
0.075429
0.075497
0.075817
0.075974
0.075622
0.149134
0.076270
0.075967
0.074751
0.074129
0.074776
0.074818
0.074031
0.074343
0.074174
0.147777
0.074324
0.074206
0.074654
0.074307
0.074504
0.074308
0.073977
0.074001
0.074502
0.149111
0.073675
0.076448
0.073785
0.073304
0.074243
0.074098
0.074368
0.073820
0.074209
0.148572
0.075283
0.073742
0.074161
0.074068
0.073978
0.073993
0.073797
0.073937
0.074181
0.150941
0.075672
0.075726
0.075428
0.075314
0.075360
0.075211
0.075507
0.075229
0.074894
0.146797
0.074401
0.074234
0.074951
0.074574
0.074330
0.074268
0.074344
0.074548
0.074204
0.148024
0.076227
0.076406
0.074699
0.073950
0.074538
0.073904
0.074027
0.074405
0.073808
0.148045
0.076549
0.076636
0.077224
0.075831
0.075349
0.076476
0.075977
0.077502
0.078017
0.148028
0.075320
0.075081
0.075629
0.075929
0.075305
0.075507
0.075757
0.075900
0.075689