total_time:
0.180178
0.180564
0.18015
0.180177
0.180631
0.180109
0.180195
0.180569
0.179843
0.179472
0.179414
0.179637
0.179572
0.179436
0.179413
0.179867
0.180604
0.180237
0.180839
0.180449
0.180299
0.180178
0.180466
0.180506
0.179829
0.179896
0.180273
0.179859
0.179736
0.17993
0.18
0.179881
0.179941
0.180369
0.179894
0.179857
0.180229
0.180032
0.179889
0.179928
0.17951
0.17899
0.179066
0.179057
0.179443
0.179091
0.179079
0.179164
0.180489
0.179938
0.18018
0.180191
0.180179
0.179894
0.180042
0.180173
0.18077
0.180559
0.180529
0.180714
0.180508
0.180475
0.180574
0.180701
0.180756
0.180681
0.181187
0.180815
0.180735
0.18123
0.180679
0.180788
0.180007
0.179895
0.179922
0.180347
0.179828
0.179737
0.180245
0.179972
