total_time:
0.067156
0.071011
0.067614
0.065467
0.065783
0.06655
0.067579
0.067217
0.06806
0.067154
0.058605
0.066251
0.059883
0.062081
0.060938
0.060167
0.061022
0.060808
0.060128
0.06112
0.06346
0.067651
0.062795
0.062667
0.063326
0.063594
0.064609
0.064688
0.064655
0.063881
0.062879
0.071575
0.064447
0.065385
0.06671
0.066686
0.066786
0.066195
0.06701
0.066124
0.064263
0.071428
0.062024
0.062215
0.063376
0.064684
0.062888
0.062961
0.06354
0.062051
0.066062
0.066401
0.059431
0.060323
0.05993
0.060923
0.060643
0.060311
0.06047
0.060227
0.062091
0.070853
0.062928
0.064453
0.06413
0.066088
0.065753
0.065809
0.064587
0.065017
0.065636
0.065467
0.06004
0.061894
0.060678
0.061448
0.061501
0.061577
0.062091
0.061992
0.071537
0.065262
0.066011
0.065745
0.067155
0.067271
0.067002
0.066146
0.067457
0.059765
0.067554
0.061658
0.063345
0.062794
0.063775
0.064016
0.063487
0.063204
0.062706
