compile_opencl_time:
0.075589
0.074622
0.075276
0.074792
0.074699
0.075761
0.075365
0.073894
total_time:
0.071098
0.072108
0.067823
0.067329
0.067939
0.067114
0.067511
0.070036
0.067574
0.068591
0.069502
0.0716
0.063749
0.064385
0.064409
0.066933
0.065909
0.064678
0.065125
0.065528
0.073144
0.073502
0.068784
0.07105
0.070219
0.072048
0.070996
0.070587
0.071493
0.07043
0.073206
0.070159
0.068044
0.066902
0.067644
0.06812
0.067386
0.067299
0.069188
0.068571
0.071498
0.075222
0.067403
0.06788
0.068987
0.068965
0.069144
0.067882
0.069958
0.069765
0.068175
0.069916
0.065093
0.066051
0.065296
0.065826
0.065535
0.066782
0.066843
0.064859
0.073089
0.073054
0.070677
0.069442
0.068761
0.06898
0.073215
0.06886
0.070209
0.068082
0.072385
0.073345
0.067852
0.06688
0.069623
0.070831
0.069436
0.066644
0.067366
0.066962
0.075702
0.070792
0.075745
0.071606
0.073497
0.072057
0.073584
0.072712
0.071875
0.070077
0.069193
0.066463
0.067962
0.066992
0.068174
0.068249
0.066432
0.066143
