total_time:
0.267346
0.265499
0.265803
0.265736
0.265606
0.265754
0.2655
0.265907
0.265522
0.26723
0.265625
0.265506
0.265596
0.265703
0.265558
0.265782
0.265614
0.265781
0.267061
0.265495
0.265851
0.265563
0.26566
0.265738
0.265612
0.266138
0.26568
0.266743
0.265121
0.265568
0.265334
0.265381
0.265267
0.265003
0.265258
0.265111
0.265699
0.26467
0.264418
0.264569
0.264414
0.264791
0.264362
0.2648
0.264306
0.266623
0.26495
0.265164
0.264892
0.265221
0.264755
0.265159
0.265071
0.265196
0.266727
0.265366
0.265378
0.265318
0.264995
0.265255
0.265272
0.265217
0.265176
0.266001
0.266375
0.26621
0.266323
0.266134
0.266088
0.266373
0.266153
0.267484
0.26591
0.265487
0.265357
0.265867
0.265545
0.265959
0.265421
0.265911
0.266714
0.264144
0.264274
0.263961
0.264238
0.263977
0.264309
0.264132
0.26428
