total_time:
0.003843
0.003825
0.003720
0.003701
0.003730
0.003707
0.003704
0.003256
0.002319
0.002301
0.002323
0.002364
0.002536
0.003136
0.002560
0.002735
0.002787
0.002720
0.002777
0.002718
0.003872
0.003573
0.002581
0.002307
0.002406
0.003288
0.002497
0.002591
0.002676
0.002627
0.003820
0.002417
0.002726
0.002419
0.002483
0.002982
0.002512
0.002449
0.002720
0.002529
0.003581
0.002556
0.002328
0.002625
0.002565
0.002514
0.003020
0.002497
0.002824
0.002546
0.003774
0.003484
0.002379
0.002325
0.002473
0.002536
0.002602
0.002593
0.002999
0.002515
0.003025
0.002761
0.002792
0.002347
0.002596
0.002683
0.002613
0.002646
0.002671
0.002633
0.003958
0.003521
0.002318
0.002310
0.002419
0.002527
0.002490
0.003033
0.002503
0.002461
0.003935
0.003582
0.003495
0.002264
0.002342
0.002615
0.002594
0.002853
0.002691
0.003201
0.002351
0.002782
0.002526
0.002590
0.002754
0.002773
0.002735
0.002754
0.003083
0.002816