compile_opencl_time:
0.072681
0.076251
0.071977
0.074005
0.074792
0.078617
0.072662
0.071726
0.071587
total_time:
0.000669
0.000611
0.000615
0.00061
0.000601
0.000573
0.000575
0.000561
0.000561
0.000559
0.000557
0.000514
0.000556
0.000518
0.000534
0.000561
0.000615
0.000602
0.0006
0.000593
0.000562
0.000563
0.000563
0.000557
0.000568
0.000636
0.000621
0.000559
0.00056
0.000575
0.000551
0.00055
0.000562
0.000701
0.000606
0.000631
0.000626
0.0006
0.000736
0.000727
0.000633
0.00057
0.000606
0.000601
0.000566
0.000544
0.00056
0.000596
0.000771
0.000572
0.000536
0.000555
0.00055
0.000541
0.000488
0.000497
0.000502
0.000713
0.000609
0.00063
0.000626
0.000584
0.00056
0.00057
0.000531
0.000545
0.000812
0.000619
0.000615
0.000579
0.000576
0.000563
0.000582
0.000568
0.000697
0.00059
0.000538
0.000543
0.000531
0.000523
0.000672
0.000563
0.000547
