total_time:
0.000735
0.000736
0.000728
0.000735
0.00073
0.00076
0.00073
0.000729
0.00073
0.000741
0.000735
0.000729
0.000727
0.000726
0.000731
0.000735
0.000737
0.000758
0.000742
0.000747
0.000744
0.00074
0.000737
0.000751
0.000761
0.000742
0.00074
0.000735
0.000733
0.000734
0.000727
0.000734
0.00073
0.000736
0.000747
0.000727
0.000739
0.000735
0.000733
0.000729
0.000752
0.000744
0.000732
0.000741
0.000754
0.000734
0.000729
0.000726
0.000728
0.000733
0.000732
0.000735
0.000744
0.000724
0.000733
0.000736
0.000731
0.000728
0.000731
0.000732
0.000732
0.000743
0.000736
0.000733
0.000735
0.000755
0.000725
0.000736
0.000735
0.000736
0.000733
0.000729
0.000727
0.00073
0.000726
0.000751
0.000729
0.000733
0.000745
0.000735
0.000733
0.000736
0.000731
0.000732
0.000732
0.000734
0.000731
