total_time:
0.001636
0.001641
0.00163
0.00162
0.001682
0.001701
0.001717
0.001636
0.001634
0.002083
0.00208
0.002027
0.00203
0.002025
0.00202
0.002023
0.002042
0.002027
0.002156
0.00215
0.002144
0.002159
0.00216
0.002151
0.002186
0.00216
0.002161
0.002551
0.002558
0.002538
0.002545
0.002547
0.002609
0.002612
0.002648
0.002667
0.002299
0.002297
0.002304
0.002307
0.0023
0.002302
0.002329
0.002303
0.002298
0.003411
0.003382
0.003399
0.003405
0.003395
0.003461
0.003397
0.003428
0.003417
0.001851
0.001804
0.001814
0.001794
0.001806
0.001813
0.001806
0.001816
0.001805
0.002549
0.002557
0.002545
0.002645
0.002587
0.002618
0.002589
0.002624
0.00256
0.001812
0.001759
0.001705
0.001724
0.00173
0.001728
0.001736
0.00173
0.00173
0.002983
0.003039
0.002985
0.003003
0.002989
0.003002
0.003071
0.003008
0.003047
