total_time:
0.452891
0.452248
0.452004
0.452262
0.45238
0.452325
0.452549
0.452507
0.452469
0.451114
0.4517
0.452195
0.452339
0.452404
0.453068
0.452947
0.452196
0.45269
0.451456
0.451345
0.451189
0.450863
0.450902
0.450874
0.450929
0.451194
0.451427
0.453568
0.453437
0.453605
0.454085
0.453596
0.4534
0.453526
0.453621
0.453779
0.452403
0.452611
0.453007
0.452888
0.452598
0.452924
0.452782
0.453192
0.45306
0.451449
0.451576
0.451503
0.451069
0.451449
0.451202
0.451547
0.45184
0.451895
0.452845
0.453089
0.453361
0.453243
0.453095
0.453081
0.452831
0.452853
0.452754
0.452924
0.452297
0.452439
0.452436
0.45245
0.453028
0.452699
0.452313
0.452539
0.455151
0.455161
0.455213
0.455487
0.454894
0.455338
0.455054
0.455184
0.455091
0.452087
0.451736
0.451454
0.452171
0.451795
0.451675
0.452011
0.452051
0.452365
