total_time:
0.853038
0.849436
0.85067
0.84824
0.850936
0.849805
0.845706
0.848011
0.845858
0.847809
0.845148
0.842851
0.846345
0.84641
0.846242
0.847379
0.846291
0.848205
0.871441
0.866623
0.872486
0.873216
0.871118
0.868348
0.868636
0.875709
0.869073
0.849529
0.854168
0.853354
0.847072
0.850861
0.857221
0.848117
0.851955
0.84618
0.867082
0.865261
0.869097
0.871724
0.866189
0.849765
0.850636
0.844287
0.849064
0.848371
0.847072
0.846292
0.844849
0.846322
0.846572
0.842584
0.847923
0.846502
0.872782
0.868948
0.862523
0.867761
0.869992
0.872079
0.861429
0.872824
0.843106
0.849723
0.846505
0.846995
0.848313
0.854677
0.847792
0.843167
0.852633
0.847028
0.877104
0.870371
0.866037
0.867435
0.866484
0.864387
0.873866
0.864033
0.86984
0.853047
0.849083
0.864411
0.848169
0.842042
0.847884
0.847894
0.848845
0.850942
