compile_opencl_time:
0.084442
0.077686
0.07862
0.082304
0.082521
0.082298
0.077146
0.082278
0.082533
0.078236
total_time:
0.135655
0.137854
0.136033
0.130894
0.132302
0.134793
0.137964
0.138937
0.13385
0.135157
0.131265
0.13097
0.12016
0.122542
0.11965
0.122024
0.121686
0.122809
0.123872
0.121819
0.127851
0.137739
0.123762
0.123987
0.121068
0.122064
0.122121
0.123868
0.122844
0.124886
0.135164
0.137334
0.124191
0.125785
0.126183
0.124335
0.123165
0.126385
0.126484
0.125983
0.131495
0.131262
0.124227
0.123243
0.12476
0.122458
0.123647
0.123013
0.1211
0.123258
0.125157
0.131377
0.117903
0.123287
0.124087
0.123738
0.126174
0.124696
0.125328
0.125553
0.129416
0.129511
0.12092
0.12087
0.122721
0.120868
0.123778
0.123434
0.123532
0.120617
0.141567
0.136914
0.132
0.130496
0.129848
0.134353
0.1308
0.128754
0.130215
0.130031
0.128191
0.135844
0.12117
0.128926
0.122896
0.123856
0.127219
0.1257
0.130559
0.124841
0.12874
0.130652
0.120628
0.119912
0.119623
0.118183
0.121678
0.118733
0.119774
0.118527
