total_time:
2.095064
1.963754
1.982265
2.109795
2.021356
2.039983
2.037143
2.029484
2.034801
2.037429
2.063459
1.973736
1.941494
1.887719
1.965258
1.961875
1.959807
1.966705
1.971925
1.937502
2.005763
1.929721
1.929811
1.941979
1.935150
1.930653
1.937855
1.937184
1.931930
1.923504
2.019168
1.954210
2.083562
2.002538
1.968289
2.005036
2.011242
1.949203
1.884501
1.976220
1.997212
1.929614
1.955143
1.921321
1.922117
1.927391
1.929422
1.838877
1.828990
1.864816
2.011719
1.917207
1.896986
1.885264
1.921076
1.876719
1.797243
1.989497
1.913134
1.908779
2.000033
1.945827
1.981667
1.972818
1.989440
1.982194
1.969169
1.961848
1.937026
1.925275
1.968164
1.970347
1.953010
1.958951
1.954891
1.960883
1.968454
1.973802
1.954261
1.953058
2.036579
1.962061
1.955982
1.938832
1.911340
1.918116
1.910966
1.868296
1.971948
2.014389
2.053390
1.940979
1.921110
1.923454
1.917905
1.940016
1.916758
1.937822
1.877041
1.845827