compile_opencl_time:
0.002255
0.002339
0.002282
0.002297
0.002299
0.002333
0.002299
0.002329
0.002264
0.002336
total_time:
6.333570
6.330830
6.321352
6.321523
6.321402
6.322044
6.318869
6.333763
6.326389
6.329259
6.192815
6.191731
6.180063
6.179758
6.179366
6.184942
6.184255
6.188685
6.190346
6.200524
6.128480
6.127677
6.118188
6.117084
6.117087
6.116562
6.117473
6.120064
6.123904
6.126412
6.339066
6.336125
6.326687
6.325620
6.328174
6.330253
6.330333
6.333162
6.331639
6.334822
5.935731
5.931635
5.921334
5.920474
5.919156
5.920499
5.922468
5.926771
5.927438
5.934213
6.043067
6.042592
6.032421
6.029047
6.029583
6.034086
6.033452
6.028758
6.028372
6.028988
5.802552
5.801440
5.789271
5.788351
5.787513
5.787456
5.786475
5.784488
5.785153
5.785515
5.997307
5.985459
5.975258
5.974411
5.973705
5.973880
5.976399
5.980376
5.978602
5.983626
6.058303
6.054108
6.042174
6.039657
6.040067
6.038966
6.039758
6.039174
6.044553
6.046908
5.911579
5.914438
5.905184
5.905611
5.907442
5.906686
5.906010
5.909021
5.910202
5.909377