select_time:
0.000010
0.000009
0.000009
0.000009
0.000009
0.000009
0.000009
0.000009
0.000009
0.000011

total_time:
1.293503
1.201129
1.195567
1.194580
1.196898
1.198496
1.198815
1.198277
1.199878
1.198721
1.251643
1.186080
1.178828
1.179985
1.180267
1.179247
1.178576
1.179307
1.178534
1.178354
1.237328
1.169462
1.163250
1.165139
1.166442
1.163801
1.164721
1.163320
1.164770
1.164591
1.282400
1.213839
1.206617
1.207809
1.208178
1.208220
1.209480
1.210487
1.210847
1.210541
1.211780
1.141681
1.136073
1.136049
1.137997
1.133984
1.134516
1.132554
1.134215
1.133451
1.217220
1.149808
1.140905
1.141894
1.145196
1.142076
1.141198
1.142682
1.144017
1.144366
1.232186
1.165626
1.157314
1.158183
1.158759
1.158080
1.158497
1.157277
1.157415
1.158716
1.245556
1.179385
1.172765
1.173187
1.173504
1.173122
1.173680
1.173424
1.175397
1.176716
1.245688
1.175755
1.169080
1.168257
1.169626
1.169760
1.169845
1.169254
1.169777
1.170211
1.223972
1.155188
1.149107
1.144947
1.145867
1.146094
1.147384
1.148483
1.147058
1.146638
