total_time:
0.00036
0.000357
0.00036
0.000405
0.000358
0.000356
0.000358
0.000355
0.000356
0.000431
0.000439
0.000429
0.000428
0.000428
0.000428
0.000429
0.000428
0.000428
0.000358
0.000357
0.000357
0.000354
0.000399
0.000355
0.000361
0.000353
0.000353
0.000421
0.000419
0.000421
0.000418
0.000417
0.000417
0.000416
0.000418
0.000415
0.000405
0.000359
0.00036
0.000359
0.00036
0.000359
0.00036
0.000361
0.000357
0.000466
0.000426
0.000417
0.000419
0.000417
0.000417
0.000417
0.000418
0.000418
0.000487
0.000479
0.000484
0.000482
0.000482
0.000481
0.000484
0.000481
0.000482
0.000449
0.000449
0.000453
0.000496
0.000448
0.00045
0.000453
0.00045
0.000449
0.000366
0.000361
0.000406
0.00036
0.000359
0.00036
0.000364
0.000358
0.00036
0.000418
0.000438
0.000428
0.00042
0.000418
0.00042
0.000421
0.000421
0.000421
