total_time:
0.002379
0.001836
0.002182
0.001665
0.001641
0.001685
0.001641
0.001679
0.001995
0.00191
0.002089
0.001771
0.001755
0.002073
0.002009
0.002857
0.002895
0.001763
0.002383
0.00234
0.002394
0.002038
0.002119
0.001674
0.001631
0.002025
0.001995
0.002198
0.001922
0.001923
0.001779
0.002166
0.001863
0.001942
0.00194
0.001935
0.002312
0.001824
0.001833
0.001642
0.00195
0.00155
0.001647
0.002089
0.002118
0.002736
0.00247
0.00235
0.002109
0.002181
0.002944
0.002857
0.002184
0.002074
0.002125
0.001939
0.002842
0.001828
0.002121
0.001969
0.002203
0.002816
0.002955
0.002808
0.003159
0.002198
0.001818
0.002663
0.002667
0.002579
0.002623
0.002517
0.002114
0.001927
0.00194
0.001931
0.001951
0.001929
0.002009
0.0017
0.001941
0.00181
0.002073
0.002093
0.002078
0.001953
0.002806
0.002116
0.001849
0.001928
