total_time:
1.586974
1.586566
1.585428
1.595895
1.588514
1.592723
1.613243
1.600345
1.593336
1.57728
1.586939
1.581058
1.586954
1.580576
1.587745
1.590677
1.591833
1.590987
1.632838
1.626454
1.591979
1.585279
1.590414
1.594639
1.581448
1.591571
1.58878
1.596851
1.603149
1.585569
1.596213
1.602189
1.59179
1.587976
1.595642
1.591311
1.594798
1.597945
1.597853
1.590636
1.586968
1.605706
1.586186
1.588325
1.591134
1.587186
1.594714
1.58936
1.600551
1.602779
1.601229
1.592892
1.598215
1.599863
1.579236
1.580901
1.581929
1.591651
1.606698
1.597578
1.595752
1.596014
1.587929
1.622777
1.619792
1.625548
1.600516
1.596556
1.593744
1.591441
1.59263
1.612271
1.585778
1.60457
1.611049
1.590008
1.584852
1.595884
1.592732
1.591824
1.589651
1.596107
1.611823
1.620963
1.608863
1.624165
1.617264
1.618335
1.610889
