total_time:
0.235485
0.161889
0.158227
0.158365
0.158405
0.158572
0.158493
0.158331
0.158181
0.158230
0.235663
0.165273
0.161205
0.161827
0.161805
0.161189
0.161711
0.161767
0.161171
0.161711
0.235759
0.165215
0.161946
0.161682
0.162062
0.161827
0.161738
0.162141
0.161561
0.161701
0.237711
0.161854
0.158862
0.158900
0.159158
0.159214
0.158639
0.158905
0.159024
0.159069
0.249296
0.162804
0.159039
0.159298
0.159461
0.159581
0.159064
0.159022
0.159209
0.159398
0.236471
0.162289
0.159166
0.159257
0.159147
0.159095
0.159249
0.159698
0.159091
0.158849
0.239591
0.166315
0.163320
0.163191
0.163155
0.163625
0.162909
0.163558
0.162847
0.163246
0.238907
0.167316
0.164565
0.163294
0.164401
0.163682
0.164166
0.163802
0.164066
0.163814
0.234100
0.162829
0.159066
0.159352
0.159607
0.159657
0.159172
0.159261
0.159874
0.159671
0.232743
0.161250
0.157720
0.157813
0.157842
0.158133
0.158236
0.157843
0.157637
0.157732