total_time:
0.606356
0.531280
0.526441
0.527009
0.529488
0.527775
0.531667
0.529861
0.527528
0.527957
0.601825
0.531110
0.530999
0.528993
0.526979
0.525688
0.529455
0.531518
0.528390
0.529334
0.616241
0.544631
0.540018
0.540027
0.536074
0.539429
0.539361
0.537104
0.538596
0.540157
0.607835
0.526132
0.526628
0.525242
0.523251
0.521941
0.521130
0.522376
0.521146
0.523724
0.598584
0.525892
0.522865
0.520920
0.524356
0.520572
0.522885
0.522343
0.522901
0.521803
0.613056
0.539256
0.537686
0.534790
0.530664
0.536903
0.531947
0.534846
0.534034
0.532097
0.619961
0.548268
0.547920
0.543619
0.540441
0.543134
0.544860
0.544860
0.544333
0.544156
0.613371
0.540148
0.533361
0.534615
0.535529
0.534572
0.536996
0.534237
0.536138
0.534179
0.607647
0.539603
0.537926
0.534932
0.532806
0.535531
0.533933
0.535492
0.539387
0.534624
0.608625
0.540534
0.522302
0.521079
0.521669
0.520714
0.520045
0.519549
0.519881
0.517781