compile_opencl_time:
0.002424
0.002300
0.002301
0.002305
0.002326
0.002295
0.002229
0.002184
0.002392
0.002258
total_time:
0.286706
0.284459
0.278355
0.278395
0.278327
0.278407
0.278582
0.278466
0.278217
0.278493
0.299000
0.297846
0.292143
0.291896
0.291927
0.291900
0.291867
0.292112
0.292198
0.291837
0.287593
0.285401
0.280208
0.279892
0.279657
0.279569
0.279967
0.279837
0.279678
0.279646
0.275963
0.274563
0.268729
0.268657
0.268483
0.268585
0.268486
0.268651
0.268927
0.268699
0.284412
0.281740
0.275960
0.275903
0.275940
0.275632
0.275458
0.275770
0.275567
0.275759
0.271610
0.268382
0.262777
0.262565
0.262483
0.262658
0.262813
0.262514
0.262709
0.262488
0.300929
0.298279
0.292573
0.292300
0.292184
0.292387
0.292198
0.292164
0.292275
0.292324
0.312513
0.310743
0.305035
0.304973
0.304987
0.305053
0.305050
0.305063
0.305094
0.304931
0.283343
0.281337
0.275437
0.275372
0.275310
0.275633
0.275575
0.275313
0.275395
0.275387
0.270233
0.268593
0.262542
0.262830
0.263069
0.262599
0.262560
0.262859
0.262542
0.262853