total_time:
0.864104
0.857547
0.848890
0.847365
0.847071
0.850915
0.848880
0.845603
0.846309
0.843522
0.874805
0.868808
0.867434
0.865047
0.862140
0.859812
0.860037
0.861305
0.861364
0.863391
0.856306
0.857193
0.849962
0.846055
0.851064
0.852573
0.851373
0.848579
0.847300
0.845477
0.857071
0.858627
0.849595
0.851068
0.853219
0.850476
0.852007
0.852499
0.851652
0.845650
0.862989
0.860395
0.854137
0.855161
0.855071
0.855854
0.854621
0.853989
0.852974
0.854710
0.861089
0.861029
0.858479
0.857073
0.855063
0.857403
0.857148
0.856445
0.852537
0.852375
0.860147
0.858432
0.858450
0.854681
0.856386
0.859137
0.859245
0.855339
0.852525
0.852664
0.855252
0.857580
0.854046
0.855508
0.850350
0.850297
0.850870
0.849311
0.849226
0.848058
0.862990
0.861809
0.857157
0.853913
0.852756
0.850174
0.852608
0.850896
0.850395
0.848270
0.863514
0.863721
0.858124
0.858726
0.857336
0.856819
0.857709
0.855439
0.857104
0.856867