total_time:
0.564937
0.491765
0.491677
0.491757
0.491788
0.491847
0.491962
0.491691
0.491742
0.491656
0.567993
0.494632
0.494828
0.494816
0.494558
0.494553
0.494655
0.494695
0.494548
0.494463
0.564614
0.494366
0.494372
0.494483
0.494346
0.494286
0.494264
0.494190
0.494391
0.494221
0.564975
0.494211
0.494242
0.495337
0.494203
0.494160
0.494106
0.494347
0.494109
0.493817
0.567235
0.496205
0.496276
0.496268
0.496069
0.496454
0.496281
0.496340
0.496425
0.496759
0.565002
0.493949
0.493879
0.493897
0.493703
0.493807
0.493948
0.493862
0.493988
0.493907
0.568628
0.494012
0.494044
0.494158
0.494335
0.494258
0.494283
0.494134
0.494236
0.494705
0.565754
0.494712
0.494555
0.494658
0.494639
0.494806
0.494806
0.494520
0.494602
0.494655
0.565726
0.494474
0.494355
0.494359
0.494201
0.494213
0.494385
0.494263
0.494132
0.494321
0.566433
0.493845
0.493777
0.493700
0.493615
0.493624
0.493733
0.493774
0.493814
0.493689