select_time:
0.000010
0.000010
0.000009
0.000009
0.000011
0.000010
0.000009
0.000009
0.000010
0.000010

total_time:
0.201527
0.239228
0.262366
0.280947
0.275887
0.279416
0.301927
0.296151
0.289872
0.288649
0.198456
0.246145
0.260336
0.280845
0.282232
0.297905
0.314204
0.302019
0.299164
0.292718
0.197474
0.236293
0.258267
0.274953
0.296656
0.308021
0.269956
0.305632
0.313451
0.292286
0.200299
0.238282
0.261951
0.277688
0.289609
0.294140
0.294791
0.294826
0.287134
0.296719
0.198564
0.237992
0.266359
0.278326
0.298982
0.309586
0.304312
0.311055
0.313201
0.302953
0.194548
0.232217
0.264230
0.274463
0.289505
0.279473
0.293317
0.292472
0.287035
0.291327
0.196478
0.235147
0.271192
0.277317
0.286557
0.294828
0.295595
0.279712
0.285836
0.300253
0.198550
0.245705
0.263346
0.280691
0.289618
0.291383
0.302179
0.301898
0.298183
0.294254
0.202045
0.240020
0.261657
0.273507
0.284603
0.298134
0.293142
0.301640
0.283281
0.304720
0.197605
0.239721
0.258843
0.273481
0.276240
0.286219
0.346144
0.331756
0.291831
0.311978
