total_time:
2.34854
2.330785
2.318319
2.315117
2.30072
2.291813
2.294678
2.294345
2.280904
2.287336
2.334664
2.325293
2.300133
2.28927
2.279708
2.284899
2.276699
2.281825
2.266894
2.271661
2.341166
2.358644
2.356605
2.350515
2.355251
2.348342
2.324325
2.321923
2.344621
2.344926
2.317729
2.313388
2.310365
2.305378
2.297987
2.300372
2.292548
2.293087
2.328614
2.306163
2.320158
2.286637
2.287745
2.29275
2.288561
2.287596
2.284127
2.283908
2.30918
2.299275
2.292415
2.295622
2.273903
2.280595
2.275482
2.277948
2.269372
2.258023
2.319399
2.298325
2.280907
2.278319
2.27383
2.283676
2.265532
2.271783
2.266883
2.263588
2.317214
2.305735
2.285046
2.286384
2.277553
2.284574
2.27494
2.268373
2.267145
2.274525
2.308908
2.305648
2.282525
2.279325
2.272764
2.271256
2.270184
2.26808
2.266124
2.256963
2.316163
2.327765
2.296477
2.29569
2.287308
2.283587
2.273762
2.271035
2.268017
2.265269
