total_time:
1.349794
1.345881
1.348919
1.352262
1.351634
1.348005
1.354282
1.351926
1.353253
1.336026
1.332984
1.336099
1.338943
1.329315
1.336774
1.339392
1.327614
1.335623
1.394143
1.329197
1.309877
1.316467
1.319865
1.321569
1.32412
1.311515
1.31424
1.315377
1.363105
1.334036
1.328079
1.340397
1.32508
1.320684
1.327143
1.336666
1.324543
1.395912
1.344801
1.333734
1.333308
1.330157
1.327599
1.344603
1.336814
1.339182
1.353973
1.39546
1.322563
1.323319
1.320664
1.327719
1.344885
1.352562
1.363143
1.359687
1.359493
1.387029
1.321431
1.3103
1.316452
1.314495
1.308273
1.317065
1.312523
1.30629
1.328998
1.387685
1.314995
1.314593
1.309297
1.319344
1.314766
1.315999
1.325731
1.320567
1.311284
1.352797
1.343206
1.304515
1.306102
1.302292
1.305877
1.309368
1.310969
1.313893
1.350058
1.349853
1.346029
1.364682
1.347464
1.339735
1.354728
1.35221
1.345025
