compile_opencl_time:
0.148991
0.146626
0.141001
0.145487
0.140422
0.147164
0.139302
0.138499
0.140106
0.138263
total_time:
0.400564
0.39259
0.390521
0.395104
0.391238
0.394454
0.390551
0.394367
0.390759
0.392452
0.38551
0.376428
0.379525
0.376165
0.376712
0.373162
0.38014
0.373991
0.374509
0.373201
0.375401
0.366911
0.368579
0.370207
0.375161
0.369968
0.374905
0.368291
0.365011
0.367701
0.384455
0.374802
0.376859
0.376625
0.381979
0.376623
0.382036
0.376634
0.381013
0.375596
0.381666
0.373116
0.374775
0.372741
0.378885
0.374142
0.37847
0.372585
0.374475
0.373998
0.39106
0.380439
0.382661
0.381156
0.385463
0.380985
0.38608
0.381611
0.38273
0.381732
0.374278
0.364628
0.369181
0.368691
0.363705
0.367918
0.366352
0.372393
0.366033
0.364135
0.384989
0.375607
0.377731
0.375416
0.380002
0.374736
0.381037
0.376107
0.379825
0.374787
0.375395
0.357574
0.362763
0.359796
0.357893
0.365127
0.361544
0.356511
0.360447
0.357935
0.363144
0.354307
0.35888
0.360057
0.361801
0.362117
0.359826
0.356687
0.364006
0.35901
