total_time:
1.467205
1.469111
1.474449
1.478516
1.470862
1.471674
1.473001
1.470423
1.474995
1.491215
1.491923
1.490329
1.493283
1.491393
1.482654
1.485105
1.498509
1.494916
1.529806
1.44518
1.460478
1.450345
1.451872
1.443241
1.446839
1.44911
1.464019
1.444422
1.478837
1.479238
1.47402
1.490627
1.488704
1.473341
1.450944
1.44645
1.452444
1.45244
1.457181
1.452625
1.461524
1.455779
1.461405
1.472822
1.463137
1.468917
1.517151
1.454355
1.444861
1.449797
1.446583
1.448508
1.447556
1.451541
1.453214
1.451726
1.47168
1.475301
1.487623
1.475229
1.494132
1.479273
1.484245
1.481217
1.481248
1.496713
1.43464
1.43289
1.432736
1.42978
1.443149
1.451244
1.461207
1.449752
1.458993
1.524028
1.443597
1.447541
1.435675
1.436398
1.439508
1.446819
1.445679
1.435787
1.450757
1.475559
1.482316
1.48896
1.46868
1.469132
1.432716
1.430534
1.432636
1.440957
