total_time:
0.332835
0.331877
0.331746
0.331806
0.331868
0.331205
0.331394
0.331709
0.331668
0.332601
0.332881
0.332778
0.332629
0.332543
0.332734
0.332492
0.332996
0.332251
0.33078
0.329423
0.329567
0.329891
0.3303
0.330132
0.329667
0.329537
0.329481
0.332223
0.331942
0.332049
0.331616
0.331448
0.331436
0.331433
0.33111
0.331171
0.330592
0.329867
0.329856
0.330158
0.330119
0.32962
0.329289
0.329492
0.329613
0.331581
0.33005
0.33036
0.330033
0.330191
0.330773
0.3309
0.330769
0.330296
0.332633
0.331883
0.331625
0.331644
0.331554
0.331362
0.330955
0.331393
0.33099
0.333802
0.333144
0.333357
0.333535
0.333175
0.33302
0.332671
0.332849
0.333157
0.330737
0.329555
0.33003
0.330288
0.330065
0.329764
0.329618
0.329932
0.329414
0.330841
0.329471
0.329233
0.329301
0.329685
0.330268
0.330097
0.329595
0.329397
