total_time:
0.008524
0.009407
0.008894
0.009128
0.009418
0.009812
0.009697
0.009961
0.009981
0.009915
0.008764
0.010055
0.009211
0.009073
0.009368
0.009401
0.009239
0.009338
0.009448
0.009327
0.008692
0.009705
0.009337
0.009829
0.009777
0.009795
0.009812
0.009884
0.009871
0.009926
0.008897
0.009318
0.009102
0.009566
0.009495
0.009594
0.009859
0.009716
0.010014
0.009854
0.009067
0.009515
0.008719
0.009414
0.009267
0.009406
0.009228
0.00925
0.00948
0.009345
0.009117
0.009429
0.008816
0.009104
0.009398
0.009427
0.009522
0.009653
0.009717
0.009644
0.0091
0.00951
0.008995
0.008905
0.009079
0.009047
0.009146
0.009189
0.009174
0.009238
0.009112
0.009848
0.009285
0.009726
0.009731
0.009742
0.00994
0.009894
0.010086
0.010008
0.008498
0.008991
0.009217
0.009511
0.009445
0.009398
0.009628
0.009669
0.009787
0.009739
0.009154
0.010107
0.008998
0.009184
0.009182
0.009212
0.009223
0.009788
0.009601
0.009679
