select_time:
0.000015
0.000011
0.000013
0.000011
0.000013
0.000010
0.000011
0.000010
0.000011
0.000012

total_time:
0.023807
0.025326
0.021478
0.022682
0.024453
0.025324
0.026279
0.027230
0.027226
0.028135
0.021604
0.024399
0.020841
0.021907
0.023276
0.024592
0.025586
0.026503
0.026963
0.027457
0.022103
0.024581
0.020944
0.022006
0.023486
0.024693
0.025772
0.026780
0.027201
0.027849
0.022941
0.024879
0.021464
0.022707
0.023718
0.024913
0.025971
0.026879
0.027795
0.028528
0.021604
0.024777
0.021875
0.023282
0.024809
0.025960
0.027178
0.028217
0.028728
0.029563
0.022031
0.024226
0.020987
0.021961
0.023387
0.024797
0.027097
0.028070
0.028862
0.028922
0.056286
0.027712
0.022967
0.024249
0.025811
0.026894
0.027933
0.028975
0.029229
0.030505
0.194100
0.209387
0.126034
0.025263
0.026214
0.027021
0.027393
0.028233
0.029596
0.031011
0.023233
0.025162
0.021335
0.022724
0.023892
0.025017
0.026164
0.026940
0.027144
0.028007
0.022746
0.025468
0.022041
0.022981
0.024666
0.025971
0.027162
0.028012
0.028806
0.029430
