total_time:
0.070185
0.000937
0.000965
0.001027
0.000953
0.000919
0.000907
0.000910
0.000917
0.000914
0.074229
0.000755
0.000751
0.000774
0.000761
0.000745
0.000752
0.000740
0.000748
0.000740
0.071222
0.000593
0.000638
0.000583
0.000581
0.000585
0.000610
0.000577
0.000578
0.000578
0.075986
0.000832
0.000828
0.000879
0.000833
0.000817
0.000828
0.000822
0.000832
0.000825
0.083229
0.001194
0.001182
0.001212
0.001217
0.001180
0.001205
0.001197
0.001193
0.001190
0.074173
0.000617
0.000609
0.000612
0.000609
0.000602
0.000631
0.000603
0.000615
0.000606
0.073735
0.001003
0.000985
0.000962
0.000954
0.000960
0.000957
0.000956
0.000965
0.000955
0.073463
0.000758
0.000801
0.000745
0.000760
0.000742
0.000757
0.000749
0.000744
0.000738
0.077620
0.001000
0.001029
0.000996
0.000999
0.001021
0.001001
0.000995
0.001019
0.001014
0.075099
0.000903
0.000902
0.000908
0.000910
0.000940
0.000950
0.000890
0.000891
0.000889