compile_opencl_time:
0.133003
0.139183
0.136244
0.129658
0.129084
0.140698
0.141040
0.130649
0.138347
0.139241
total_time:
0.003495
0.001794
0.001680
0.001698
0.001630
0.001612
0.001589
0.001634
0.001615
0.001616
0.003308
0.001697
0.001531
0.001751
0.001590
0.001576
0.001527
0.001525
0.001484
0.001558
0.003054
0.001377
0.001209
0.001242
0.001428
0.001526
0.001237
0.001193
0.001234
0.001157
0.003475
0.001645
0.001562
0.001651
0.001563
0.001563
0.001781
0.001816
0.001759
0.001787
0.003869
0.002343
0.002145
0.002098
0.002093
0.002106
0.002082
0.002102
0.002063
0.002140
0.003053
0.001349
0.001344
0.001377
0.001277
0.001362
0.001311
0.001254
0.001360
0.001297
0.003579
0.002065
0.001948
0.001848
0.001843
0.001863
0.001804
0.001771
0.001924
0.002075
0.003367
0.001541
0.001442
0.001493
0.001436
0.001630
0.001492
0.001316
0.001397
0.001433
0.003649
0.001875
0.001797
0.001949
0.001864
0.001918
0.001899
0.002035
0.002053
0.001992
0.003505
0.001923
0.001799
0.001750
0.001770
0.001746
0.001678
0.001759
0.001718
0.001736