select_time:
0.000007
0.000006
0.000009
0.000006
0.000006
0.000006
0.000006
0.000005
0.000006
0.000006

total_time:
0.000398
0.000100
0.000100
0.000096
0.000099
0.000104
0.000107
0.000107
0.000117
0.000107
0.000342
0.000083
0.000081
0.000079
0.000087
0.000079
0.000080
0.000081
0.000075
0.000077
0.000428
0.000082
0.000072
0.000074
0.000084
0.000077
0.000077
0.000075
0.000075
0.000074
0.000389
0.000085
0.000087
0.000087
0.000109
0.000092
0.000092
0.000090
0.000089
0.000091
0.000393
0.000126
0.000118
0.000118
0.000119
0.000115
0.000117
0.000113
0.000114
0.000117
0.000343
0.000073
0.000072
0.000072
0.000070
0.000071
0.000076
0.000073
0.000070
0.000070
0.000406
0.000104
0.000103
0.000106
0.000140
0.000156
0.000174
0.000167
0.000171
0.000171
0.000350
0.000082
0.000080
0.000077
0.000088
0.000077
0.000122
0.000166
0.000177
0.000170
0.000433
0.000108
0.000104
0.000104
0.000104
0.000102
0.000118
0.000136
0.000137
0.000135
0.000373
0.000092
0.000091
0.000094
0.000091
0.000094
0.000102
0.000090
0.000089
0.000095
