total_time:
0.077520
0.001287
0.001291
0.001274
0.001281
0.001277
0.001279
0.001278
0.001282
0.001280
0.077388
0.001419
0.001374
0.001362
0.001380
0.001357
0.001353
0.001365
0.001368
0.001362
0.077044
0.001425
0.001398
0.001397
0.001384
0.001385
0.001407
0.001392
0.001396
0.001390
0.075254
0.001192
0.001227
0.001166
0.001170
0.001165
0.001171
0.001179
0.001185
0.001180
0.077576
0.001516
0.001563
0.001512
0.001498
0.001505
0.001498
0.001498
0.001504
0.001504
0.075940
0.001392
0.001370
0.001365
0.001351
0.001385
0.001350
0.001351
0.001385
0.001354
0.078272
0.001186
0.001144
0.001121
0.001112
0.001154
0.001118
0.001173
0.001115
0.001117
0.078034
0.001440
0.001494
0.001520
0.001422
0.001417
0.001419
0.001435
0.001427
0.001425
0.076004
0.001418
0.001507
0.001464
0.001399
0.001405
0.001412
0.001411
0.001415
0.001410
0.074754
0.001337
0.001346
0.001343
0.001337
0.001341
0.001347
0.001338
0.001339
0.001340