total_time:
0.075507
0.001180
0.001224
0.001197
0.001174
0.001170
0.001169
0.001195
0.001165
0.001166
0.075395
0.001309
0.001326
0.001274
0.001305
0.001268
0.001263
0.001291
0.001263
0.001266
0.075316
0.001400
0.001356
0.001348
0.001380
0.001343
0.001341
0.001341
0.001353
0.001348
0.073200
0.001134
0.001175
0.001172
0.001171
0.001123
0.001115
0.001134
0.001115
0.001113
0.075225
0.001418
0.001515
0.001357
0.001354
0.001379
0.001350
0.001351
0.001347
0.001435
0.077365
0.001316
0.001366
0.001313
0.001312
0.001303
0.001298
0.001296
0.001298
0.001306
0.072523
0.001034
0.001027
0.001055
0.001023
0.001028
0.001047
0.001027
0.001020
0.001025
0.077132
0.001367
0.001366
0.001346
0.001374
0.001345
0.001342
0.001346
0.001337
0.001348
0.076449
0.001409
0.001361
0.001351
0.001354
0.001343
0.001346
0.001340
0.001341
0.001349
0.075300
0.001283
0.001280
0.001277
0.001276
0.001274
0.001269
0.001264
0.001262
0.001311