total_time:
0.077315
0.002400
0.002415
0.002405
0.002406
0.002444
0.002483
0.002476
0.002485
0.002430
0.083640
0.002683
0.002698
0.002729
0.002689
0.002695
0.002686
0.002699
0.002673
0.002637
0.074132
0.002607
0.002588
0.002594
0.002602
0.002615
0.002610
0.002602
0.002605
0.002618
0.072846
0.002224
0.002208
0.002182
0.002186
0.002183
0.002198
0.002183
0.002182
0.002188
0.091465
0.002941
0.002927
0.002967
0.003002
0.002950
0.003001
0.002975
0.002939
0.002968
0.076806
0.002549
0.002532
0.002527
0.002531
0.002586
0.002575
0.002669
0.002532
0.002568
0.080725
0.002186
0.002148
0.002135
0.002154
0.002162
0.002160
0.002163
0.002168
0.002155
0.077657
0.002696
0.002730
0.002728
0.002779
0.002722
0.002729
0.002739
0.002721
0.002742
0.076512
0.002669
0.002666
0.002656
0.002740
0.002645
0.002743
0.002669
0.002730
0.002753
0.078366
0.002439
0.002479
0.002475
0.002486
0.002475
0.002522
0.002488
0.002557
0.002485