total_time:
0.071237
0.000842
0.000827
0.000856
0.000843
0.000836
0.000828
0.000832
0.000837
0.000828
0.072438
0.000803
0.000760
0.000750
0.000763
0.000755
0.000754
0.000743
0.000762
0.000758
0.073249
0.000831
0.000826
0.000825
0.000835
0.000829
0.000833
0.000799
0.000843
0.000823
0.073106
0.000837
0.000825
0.000826
0.000833
0.000838
0.000873
0.000817
0.000832
0.000852
0.071394
0.000812
0.000764
0.000761
0.000769
0.000757
0.000762
0.000735
0.000765
0.000761
0.072771
0.000878
0.000827
0.000825
0.000844
0.000835
0.000865
0.000820
0.000850
0.000834
0.076671
0.000847
0.000823
0.000835
0.000839
0.000832
0.000827
0.000815
0.000836
0.000834
0.070362
0.000842
0.000828
0.000830
0.000837
0.000823
0.000854
0.000805
0.000826
0.000815
0.075733
0.000842
0.000829
0.000829
0.000844
0.000836
0.000831
0.000814
0.000837
0.000821
0.071795
0.000796
0.000792
0.000776
0.000762
0.000760
0.000750
0.000746
0.000760
0.000744