compile_opencl_time:
0.071920
0.071155
0.072774
0.070536
0.071439
0.072734
0.072370
0.071517
0.071046
0.071874
total_time:
0.001276
0.000754
0.000710
0.000723
0.000697
0.000681
0.000661
0.000678
0.000710
0.000700
0.001100
0.000735
0.000715
0.000952
0.000966
0.000704
0.000680
0.001082
0.001014
0.001025
0.004949
0.001038
0.000895
0.001119
0.000730
0.000654
0.000682
0.000679
0.000692
0.000678
0.001202
0.000967
0.000751
0.000704
0.000705
0.001047
0.000707
0.000686
0.000698
0.000678
0.001202
0.001123
0.000696
0.000680
0.000713
0.000681
0.000634
0.000707
0.000663
0.000630
0.001119
0.000770
0.000670
0.000692
0.000683
0.000647
0.000651
0.000648
0.000632
0.000637
0.001331
0.000979
0.000739
0.000710
0.000735
0.000705
0.000697
0.000669
0.000654
0.000712
0.001196
0.000799
0.000728
0.000711
0.000688
0.000703
0.000697
0.000712
0.000737
0.000698
0.002297
0.000779
0.000773
0.000729
0.000729
0.000732
0.000711
0.000713
0.000724
0.000687
0.001259
0.001126
0.001152
0.000858
0.000686
0.000664
0.000691
0.000671
0.000655
0.000703