compile_opencl_time:
0.002137
0.002180
0.002151
0.002058
0.002146
0.002155
0.002177
0.002094
0.002228
0.002187
total_time:
0.000757
0.000733
0.000712
0.000705
0.000704
0.000705
0.000704
0.000702
0.000703
0.000703
0.000705
0.000673
0.000654
0.000649
0.000647
0.000648
0.000648
0.000650
0.000652
0.000648
0.000753
0.000735
0.000713
0.000706
0.000703
0.000706
0.000703
0.000705
0.000710
0.000704
0.000747
0.000727
0.000708
0.000750
0.000742
0.000707
0.000701
0.000703
0.000700
0.000700
0.000697
0.000682
0.000655
0.000652
0.000650
0.000649
0.000648
0.000654
0.000650
0.000647
0.000750
0.000763
0.000707
0.000704
0.000700
0.000702
0.000726
0.000704
0.000702
0.000701
0.000754
0.000716
0.000713
0.000710
0.000703
0.000702
0.000705
0.000703
0.000714
0.000700
0.000760
0.000711
0.000704
0.000707
0.000709
0.000747
0.000737
0.000701
0.000706
0.000744
0.000755
0.000710
0.000733
0.000712
0.000704
0.000706
0.000706
0.000705
0.000703
0.000702
0.000712
0.000698
0.000651
0.000651
0.000646
0.000645
0.000650
0.000647
0.000645
0.000645