compile_opencl_time:
0.121752
0.122829
0.122808
0.123208
0.123763
0.129016
0.122510
0.123545
0.123050
0.123939
total_time:
0.002874
0.001128
0.001202
0.001002
0.000918
0.000973
0.000851
0.000985
0.000899
0.001045
0.002708
0.000980
0.000868
0.000873
0.000828
0.000888
0.000823
0.000857
0.000878
0.000813
0.002722
0.001180
0.000992
0.000998
0.001009
0.000975
0.001090
0.000963
0.001055
0.001008
0.002874
0.001102
0.000982
0.000989
0.000951
0.001002
0.000977
0.000994
0.000995
0.000987
0.002824
0.001047
0.000975
0.000924
0.001023
0.000867
0.000968
0.000879
0.000893
0.000887
0.002833
0.001139
0.000925
0.000942
0.001069
0.001020
0.000936
0.000904
0.000936
0.001076
0.002805
0.001077
0.000980
0.000974
0.000973
0.000966
0.000976
0.001024
0.000947
0.000973
0.002831
0.001050
0.001034
0.001004
0.001077
0.000942
0.000911
0.001078
0.000984
0.000905
0.002725
0.001148
0.001079
0.000994
0.000916
0.000963
0.000962
0.001050
0.000911
0.000949
0.002748
0.001060
0.000871
0.000873
0.000869
0.000885
0.000801
0.000947
0.000828
0.001008