total_time:
0.000495
0.000075
0.000071
0.000072
0.000071
0.000073
0.000072
0.000072
0.000071
0.000071
0.000581
0.000069
0.000068
0.000066
0.000065
0.000065
0.000065
0.000065
0.000064
0.000063
0.000329
0.000066
0.000062
0.000063
0.000063
0.000062
0.000063
0.000061
0.000061
0.000062
0.000510
0.000074
0.000072
0.000071
0.000071
0.000071
0.000069
0.000069
0.000082
0.000071
0.000341
0.000066
0.000064
0.000066
0.000063
0.000063
0.000062
0.000062
0.000063
0.000063
0.000506
0.000068
0.000063
0.000063
0.000063
0.000063
0.000062
0.000062
0.000061
0.000061
0.000485
0.000074
0.000073
0.000073
0.000070
0.000071
0.000071
0.000070
0.000069
0.000069
0.000443
0.000073
0.000071
0.000071
0.000072
0.000070
0.000068
0.000068
0.000069
0.000081
0.000554
0.000073
0.000071
0.000070
0.000070
0.000069
0.000069
0.000069
0.000076
0.000070
0.000559
0.000067
0.000065
0.000064
0.000063
0.000063
0.000064
0.000062
0.000118
0.000064