select_time:
0.000006
0.000006
0.000005
0.000006
0.000006
0.000006
0.000006
0.000005
0.000006
0.000006

total_time:
0.000328
0.000056
0.000064
0.000055
0.000056
0.000056
0.000054
0.000056
0.000054
0.000056
0.000318
0.000058
0.000055
0.000056
0.000056
0.000055
0.000056
0.000055
0.000055
0.000056
0.000344
0.000061
0.000059
0.000059
0.000058
0.000059
0.000059
0.000058
0.000057
0.000057
0.000323
0.000062
0.039037
0.022553
0.000084
0.000076
0.000074
0.000073
0.000074
0.000077
0.000345
0.000069
0.000063
0.000062
0.000061
0.000062
0.000063
0.000062
0.000063
0.000062
0.000407
0.000067
0.000067
0.000065
0.000065
0.000063
0.000064
0.000063
0.000066
0.000065
0.000331
0.000067
0.000076
0.000063
0.000062
0.000063
0.000062
0.000064
0.000062
0.000134
0.000348
0.000064
0.000061
0.000059
0.000058
0.000060
0.000062
0.000061
0.000058
0.000061
0.000335
0.000064
0.000062
0.000061
0.000061
0.000058
0.000066
0.000097
0.000085
0.000082
0.000358
0.000056
0.000057
0.000054
0.000062
0.000057
0.000055
0.000052
0.000054
0.000054
