total_time:
0.584618
0.593583
0.593645
0.60959
0.599352
0.597161
0.589877
0.596015
0.589611
0.581267
0.604188
0.59947
0.598687
0.588568
0.590072
0.591718
0.587578
0.586942
0.600029
0.609684
0.599462
0.596594
0.589506
0.589636
0.590304
0.587511
0.590488
0.587067
0.587115
0.591617
0.601844
0.590817
0.592323
0.596394
0.591749
0.589166
0.587957
0.586206
0.587146
0.584763
0.587299
0.588933
0.585314
0.596513
0.594914
0.58314
0.586881
0.587885
0.589725
0.583402
0.584941
0.583299
0.602504
0.60317
0.585481
0.583063
0.586345
0.586828
0.584669
0.585455
0.603966
0.612217
0.58835
0.584619
0.582191
0.591667
0.604586
0.593718
0.588454
0.588002
0.585383
0.583944
0.599792
0.590685
0.589967
0.589823
0.588157
0.584781
0.586837
0.588798
0.588106
0.588762
0.583703
0.583656
0.58711
0.587741
0.589768
0.584026
0.586402
0.605885
