total_time:
0.157885
0.161262
0.149793
0.157248
0.160948
0.159467
0.159287
0.160766
0.160382
0.15869
0.160005
0.158234
0.146504
0.144964
0.145861
0.145002
0.148901
0.150141
0.152631
0.154304
0.156002
0.159808
0.148268
0.146245
0.145955
0.148659
0.147657
0.14726
0.147436
0.148912
0.149797
0.155894
0.145266
0.146466
0.145808
0.146449
0.146162
0.147062
0.147167
0.146507
0.160665
0.165779
0.149355
0.150869
0.151034
0.152097
0.150705
0.152165
0.152808
0.153555
0.154091
0.153775
0.141579
0.140997
0.143161
0.141747
0.142186
0.141491
0.140763
0.140372
0.149451
0.154378
0.140774
0.143426
0.143606
0.148208
0.143945
0.139737
0.139763
0.13976
0.145169
0.148114
0.14163
0.142249
0.141699
0.142097
0.141272
0.141512
0.140928
0.138838
0.159932
0.159935
0.147704
0.148748
0.1499
0.1486
0.151246
0.148686
0.149548
0.150465
0.148967
0.154044
0.148447
0.139591
0.138445
0.137812
0.136401
0.137752
0.137159
0.13871
