total_time:
1.168987
1.170052
1.162919
1.162131
1.169478
1.168531
1.170032
1.170855
1.169752
1.147314
1.150822
1.138448
1.1464
1.140599
1.148759
1.150016
1.188639
1.186136
1.13027
1.143461
1.145082
1.143306
1.154037
1.146978
1.15097
1.143065
1.175295
1.14799
1.157096
1.134791
1.138568
1.139646
1.152365
1.136809
1.146114
1.139633
1.167716
1.162991
1.17816
1.180988
1.166806
1.159197
1.173608
1.130265
1.132916
1.167349
1.162417
1.163498
1.158558
1.158538
1.155633
1.144358
1.132948
1.137822
1.16488
1.163314
1.158582
1.150694
1.170374
1.15358
1.175767
1.16525
1.155011
1.16257
1.167445
1.157202
1.15573
1.158816
1.152787
1.162444
1.16764
1.162949
1.169077
1.15674
1.166739
1.164946
1.164739
1.159625
1.168564
1.16029
1.166332
1.135294
1.131876
1.133593
1.136316
1.13607
1.137717
1.138232
1.145185
1.139708
