total_time:
0.144915
0.068586
0.067640
0.067121
0.067407
0.066932
0.067072
0.066868
0.067029
0.066856
0.168559
0.068572
0.068691
0.069266
0.067816
0.067697
0.067308
0.067319
0.066707
0.067022
0.144076
0.068917
0.069549
0.070013
0.068822
0.067860
0.068095
0.067274
0.067263
0.067205
0.145934
0.068382
0.067214
0.067263
0.066839
0.067124
0.066789
0.066729
0.066691
0.066702
0.139026
0.067614
0.066720
0.066657
0.066655
0.066844
0.066637
0.066840
0.066605
0.066801
0.138599
0.067467
0.066618
0.066566
0.066619
0.066488
0.066668
0.066570
0.066755
0.066912
0.139932
0.067636
0.066839
0.066667
0.066875
0.066659
0.066799
0.066670
0.066798
0.066716
0.141501
0.067579
0.066734
0.066624
0.066701
0.066576
0.066775
0.066579
0.066930
0.066826
0.138595
0.067752
0.066838
0.066867
0.066787
0.066920
0.066745
0.068444
0.068194
0.068573
0.139071
0.067797
0.066827
0.066852
0.066751
0.066918
0.066776
0.066889
0.066732
0.066817