total_time:
2.397064
2.269798
2.316252
2.227999
2.342996
2.328022
2.42449
2.319009
2.305116
2.32255
2.355423
2.166463
2.278252
2.280748
2.291327
2.241408
2.243443
2.211813
2.366479
2.326196
2.308093
2.271974
2.267792
2.246812
2.246035
2.252077
2.254921
2.286985
2.254387
2.266745
2.375802
2.3198
2.315956
2.416843
2.32381
2.356649
2.314886
2.360943
2.334545
2.389109
2.302607
2.226601
2.332832
2.365544
2.356135
2.331448
2.326707
2.316955
2.206836
2.288193
2.32881
2.263033
2.253305
2.269205
2.248734
2.293987
2.201401
2.316726
2.312185
2.324926
2.39983
2.310841
2.315548
2.322878
2.321146
2.32632
2.318069
2.323245
2.328749
2.334376
2.33653
2.253435
2.260896
2.270063
2.266099
2.27166
2.263761
2.26921
2.259573
2.267126
2.30882
2.358245
2.318315
2.309487
2.312501
2.303274
2.350929
2.310185
2.310105
2.333762
2.243273
2.245151
2.245928
2.253064
2.251332
2.238382
2.261807
2.256451
