total_time:
0.407405
0.406421
0.406676
0.406382
0.406114
0.406457
0.406631
0.40625
0.407154
0.405904
0.406233
0.405718
0.405992
0.406299
0.406118
0.406172
0.406036
0.407234
0.406373
0.407472
0.40681
0.406957
0.406986
0.406156
0.40621
0.406069
0.407378
0.40636
0.406376
0.406045
0.406423
0.406582
0.406144
0.406149
0.406467
0.407028
0.405753
0.405749
0.405642
0.405684
0.405664
0.405919
0.405812
0.405632
0.4073
0.40488
0.406208
0.407227
0.405212
0.404996
0.405206
0.405321
0.40506
0.407942
0.406506
0.406021
0.406544
0.407447
0.406266
0.406552
0.406722
0.407397
0.406741
0.405897
0.405584
0.405508
0.405678
0.405823
0.405416
0.405429
0.405709
0.407674
0.405346
0.405453
0.405271
0.404989
0.405759
0.405866
0.405172
0.405332
0.407065
0.406576
0.40643
0.405791
0.406185
0.406301
0.405928
0.406133
0.406505
