total_time:
0.615773
0.614159
0.609139
0.606801
0.600126
0.603134
0.612497
0.613292
0.606155
0.612155
0.614391
0.612674
0.604204
0.604858
0.609633
0.604515
0.599826
0.603323
0.605951
0.60608
0.607788
0.613351
0.608452
0.608438
0.608056
0.611016
0.598636
0.601429
0.606551
0.610453
0.605585
0.602459
0.600655
0.610451
0.605941
0.605839
0.603963
0.606948
0.611464
0.608855
0.604059
0.608205
0.610324
0.60662
0.602249
0.604573
0.604617
0.606355
0.603373
0.603735
0.607906
0.606772
0.60501
0.601102
0.605254
0.600884
0.603548
0.609796
0.606926
0.601439
0.607461
0.614769
0.599604
0.606124
0.601145
0.600089
0.601352
0.604057
0.601794
0.601841
0.603645
0.608405
0.614438
0.60869
0.609363
0.614573
0.613165
0.606463
0.602542
0.607077
0.606517
0.60456
0.60788
0.608661
0.608266
0.609157
0.605361
