total_time:
0.012582
0.012603
0.01264
0.01259
0.012574
0.012676
0.01266
0.012595
0.012768
0.012597
0.012589
0.012612
0.012567
0.012621
0.012674
0.012596
0.012757
0.01274
0.012709
0.012623
0.012639
0.012583
0.012657
0.012575
0.012857
0.012643
0.012648
0.012692
0.012624
0.012592
0.012598
0.012563
0.012592
0.012852
0.012683
0.012648
0.012708
0.012622
0.012664
0.012636
0.012668
0.012625
0.0128
0.012659
0.01261
0.012622
0.012647
0.012636
0.012615
0.012639
0.012781
0.012775
0.01264
0.012644
0.012592
0.012583
0.012655
0.012619
0.012586
0.012562
0.012658
0.012653
0.012684
0.012694
0.012714
0.012778
0.012715
0.01265
0.012803
0.012708
0.012635
0.012714
0.012632
0.012599
0.01257
0.012602
0.012575
0.012702
0.0127
0.012642
0.012653
0.012621
0.012679
0.012648
0.01259
