total_time:
0.009724
0.010152
0.008350
0.008151
0.008113
0.008212
0.008350
0.008467
0.008330
0.008426
0.010422
0.010915
0.008761
0.008705
0.009086
0.008846
0.008719
0.008770
0.008694
0.008734
0.010541
0.009759
0.008564
0.008851
0.008566
0.008780
0.008683
0.008930
0.008693
0.008775
0.010763
0.011959
0.009791
0.009640
0.010493
0.009429
0.009995
0.009676
0.009481
0.010413
0.010698
0.011583
0.009963
0.009579
0.010269
0.010254
0.013034
0.011729
0.010406
0.014099
0.010430
0.010328
0.008414
0.008748
0.009363
0.009144
0.009025
0.009255
0.009165
0.008909
0.010390
0.009707
0.008473
0.008882
0.009014
0.008864
0.009047
0.009003
0.009114
0.009024
0.009546
0.010048
0.008495
0.008727
0.009081
0.010064
0.009832
0.010646
0.010414
0.010408
0.009037
0.009299
0.007774
0.008471
0.008628
0.009046
0.008871
0.008786
0.008640
0.008981
0.009998
0.010437
0.009474
0.010356
0.010466
0.010429
0.010468
0.010426
0.010546
0.010414