total_time:
0.043377
0.041862
0.041699
0.041515
0.041507
0.04152
0.041522
0.041518
0.041537
0.043877
0.042422
0.042413
0.042081
0.042133
0.042057
0.042078
0.042119
0.042168
0.04533
0.043815
0.043447
0.043419
0.04338
0.043368
0.043397
0.043417
0.043478
0.043804
0.042128
0.042083
0.042008
0.041749
0.041755
0.041801
0.041727
0.041743
0.043477
0.042028
0.041979
0.041674
0.041655
0.041581
0.041609
0.041646
0.041644
0.043305
0.041824
0.041843
0.041809
0.041522
0.0415
0.041508
0.041485
0.041528
0.044159
0.042692
0.042642
0.04234
0.042285
0.042309
0.042291
0.042323
0.042349
0.04352
0.041967
0.041951
0.041924
0.041692
0.041605
0.041589
0.041587
0.041617
0.043287
0.041878
0.041795
0.041866
0.04152
0.041544
0.041426
0.041472
0.041518
0.04414
0.042728
0.042778
0.042775
0.042417
0.042429
0.042378
0.042424
0.042422
