total_time:
0.013796
0.012627
0.012934
0.013131
0.013173
0.012875
0.013192
0.013138
0.013179
0.013818
0.012433
0.012827
0.012946
0.013048
0.01312
0.013367
0.013281
0.013344
0.013238
0.012539
0.012316
0.01248
0.012678
0.012656
0.012854
0.013111
0.012966
0.013518
0.012715
0.012957
0.01279
0.013047
0.013033
0.012941
0.013113
0.01321
0.012367
0.013475
0.012804
0.012951
0.013173
0.013005
0.012933
0.013142
0.013152
0.01326
0.012171
0.012935
0.012515
0.012574
0.01275
0.013058
0.012792
0.012963
0.012906
0.013297
0.01263
0.01373
0.012562
0.012822
0.01292
0.013014
0.013133
0.013447
0.013404
0.013424
0.012629
0.013762
0.013243
0.013124
0.013089
0.013421
0.013693
0.013359
0.013863
0.013876
0.012985
0.013507
0.012814
0.012838
0.012907
0.013065
0.013101
0.013193
0.013371
0.013345
0.012594
0.012759
0.013391
0.012983
0.012942
0.013055
0.013077
0.013188
