total_time:
0.756809
0.693540
0.698287
0.695129
0.693072
0.684931
0.679050
0.701689
0.696789
0.697093
0.749195
0.690536
0.682340
0.681852
0.717291
0.690691
0.713199
0.699683
0.702123
0.690054
0.743677
0.710768
0.690802
0.687216
0.684414
0.678426
0.717776
0.695139
0.703415
0.692935
0.749625
0.688160
0.686802
0.713876
0.693536
0.695352
0.685269
0.723582
0.690511
0.698147
0.750302
0.701145
0.699776
0.693264
0.683584
0.678469
0.713768
0.692820
0.710795
0.691193
0.756266
0.684540
0.678763
0.692301
0.697361
0.697456
0.716595
0.698508
0.700575
0.690219
0.744471
0.682296
0.677331
0.694695
0.690617
0.702664
0.705189
0.703068
0.701839
0.699678
0.744301
0.686470
0.686349
0.683215
0.677583
0.713569
0.693426
0.703896
0.691617
0.693569
0.741307
0.678358
0.715840
0.690767
0.689883
0.682016
0.677780
0.713904
0.694170
0.704902
0.747951
0.688371
0.716849
0.705144
0.721586
0.694933
0.713090
0.702551
0.714663
0.694881