compile_opencl_time:
0.140827
0.140608
0.140769
0.142509
0.150565
0.140715
0.148225
0.140464
0.150498
0.140158
total_time:
0.350218
0.352152
0.346525
0.334859
0.334604
0.347357
0.358848
0.335691
0.336842
0.345466
0.344976
0.347473
0.362174
0.361754
0.337553
0.348413
0.334447
0.325810
0.323357
0.326138
0.341139
0.377636
0.349096
0.348150
0.358097
0.374115
0.379836
0.380344
0.362171
0.364524
0.385246
0.407430
0.369052
0.375421
0.372844
0.361584
0.364081
0.365463
0.358240
0.358994
0.345162
0.330654
0.329207
0.329183
0.327058
0.328786
0.326215
0.323958
0.328446
0.326250
0.343848
0.361333
0.327989
0.349852
0.342491
0.326875
0.327015
0.323873
0.326986
0.326890
0.346007
0.331509
0.324925
0.328185
0.327319
0.324798
0.361864
0.331058
0.327840
0.328969
0.342021
0.330124
0.325213
0.326161
0.325908
0.360730
0.358128
0.372673
0.365972
0.357117
0.347015
0.333996
0.329003
0.330338
0.328822
0.330209
0.329526
0.327148
0.328261
0.327013
0.349277
0.356735
0.361770
0.368179
0.360875
0.362054
0.348572
0.357541
0.356124
0.360722