compile_opencl_time:
0.139938
0.148658
0.149480
0.142442
0.140055
0.149010
0.151467
0.147581
0.141879
0.141181
total_time:
0.022855
0.020148
0.019856
0.019779
0.020343
0.019886
0.019828
0.019866
0.019877
0.019811
0.024302
0.021041
0.020980
0.020991
0.020964
0.020854
0.020962
0.020893
0.020914
0.021022
0.024070
0.021030
0.021091
0.020941
0.020844
0.020778
0.020912
0.020721
0.020801
0.020654
0.023132
0.019958
0.020244
0.019978
0.019892
0.019810
0.020116
0.019857
0.019904
0.020027
0.022916
0.019998
0.020380
0.020054
0.020096
0.019817
0.020066
0.020056
0.020133
0.020114
0.023828
0.020793
0.020520
0.020918
0.020374
0.020485
0.020646
0.020382
0.020623
0.020275
0.024198
0.020896
0.020966
0.021010
0.020890
0.020655
0.021066
0.020731
0.020888
0.021005
0.023142
0.019916
0.020174
0.020076
0.020179
0.019952
0.019992
0.020091
0.020221
0.019982
0.022976
0.019947
0.019920
0.019961
0.019826
0.019838
0.019998
0.019998
0.019848
0.019910
0.023987
0.020867
0.020971
0.020536
0.020770
0.020611
0.020695
0.020525
0.020619
0.020519