total_time:
0.092427
0.006347
0.006219
0.006191
0.006195
0.006192
0.006181
0.006183
0.006179
0.006186
0.081398
0.006266
0.006148
0.006103
0.006098
0.006100
0.006091
0.006094
0.006108
0.006110
0.088745
0.006332
0.006180
0.006167
0.006163
0.006159
0.006156
0.006163
0.006154
0.006170
0.075577
0.006260
0.006110
0.006088
0.006083
0.006082
0.006081
0.006078
0.006073
0.006093
0.090087
0.006308
0.006159
0.006146
0.006141
0.006135
0.006135
0.006139
0.006136
0.006134
0.085278
0.006340
0.006190
0.006171
0.006168
0.006170
0.006151
0.006166
0.006164
0.006166
0.080796
0.006302
0.006155
0.006134
0.006135
0.006134
0.006129
0.006130
0.006137
0.006134
0.082992
0.006269
0.006116
0.006098
0.006093
0.006135
0.006135
0.006151
0.006144
0.006140
0.081625
0.006291
0.006151
0.006138
0.006129
0.006133
0.006123
0.006123
0.006142
0.006132
0.078145
0.006256
0.006106
0.006077
0.006078
0.006075
0.006079
0.006073
0.006078
0.006084