compile_opencl_time:
0.067754
0.068182
0.067476
0.067681
0.067708
0.066893
0.067666
0.069085
0.067118
0.067400
total_time:
0.003880
0.003785
0.003739
0.002610
0.002885
0.002934
0.002933
0.002544
0.002772
0.002851
0.003959
0.003352
0.003139
0.003017
0.002481
0.002471
0.002478
0.002494
0.002476
0.003056
0.002985
0.002660
0.002592
0.002732
0.002778
0.002886
0.002944
0.002644
0.003546
0.003183
0.003088
0.003410
0.003007
0.002551
0.002679
0.002581
0.002773
0.003258
0.002558
0.002518
0.003625
0.003466
0.003036
0.002827
0.002520
0.002541
0.002455
0.002773
0.003410
0.003151
0.003082
0.003018
0.003066
0.002734
0.002655
0.002626
0.002668
0.002540
0.002549
0.003746
0.003693
0.003625
0.002698
0.002516
0.002579
0.002549
0.002708
0.002539
0.003442
0.003104
0.003347
0.003306
0.003111
0.003040
0.002795
0.003019
0.002687
0.003160
0.002725
0.002457
0.004140
0.002773
0.002651
0.002748
0.002616
0.002561
0.002585
0.003320
0.002922
0.002582
0.003447
0.002799
0.002799
0.002925
0.002744
0.003315
0.003283
0.003600
0.002905
0.002828