total_time:
0.101132
0.096948
0.096252
0.095849
0.096354
0.098495
0.096557
0.095844
0.097254
0.097811
0.102802
0.099957
0.101182
0.100849
0.10086
0.101665
0.100349
0.101482
0.101786
0.100644
0.100285
0.097092
0.095298
0.096645
0.095755
0.096
0.095878
0.096626
0.09545
0.096294
0.098946
0.097112
0.096365
0.097461
0.096479
0.096616
0.096043
0.097178
0.096601
0.096578
0.100423
0.09839
0.096725
0.097704
0.097176
0.096356
0.096636
0.096836
0.096816
0.097437
0.099798
0.097457
0.097458
0.097698
0.096249
0.096793
0.097863
0.096264
0.096395
0.097128
0.102885
0.101781
0.101556
0.098494
0.099364
0.09968
0.100108
0.099926
0.095676
0.095603
0.100062
0.096462
0.097416
0.096451
0.097293
0.096927
0.098007
0.097223
0.096896
0.097501
0.100955
0.099824
0.100276
0.09877
0.100217
0.100423
0.09907
0.100363
0.099586
0.100473
0.100583
0.097047
0.096538
0.096217
0.09654
0.097602
0.09779
0.09593
0.097693
0.097541
