total_time:
2.074265
2.069925
2.058295
2.042736
2.046103
2.045439
2.058962
2.053806
2.043079
2.034726
2.0723
2.067282
2.051981
2.047893
2.057936
2.048034
2.044506
2.048349
2.044526
2.051353
2.076562
2.075608
2.058295
2.051964
2.044694
2.059142
2.054199
2.055379
2.055786
2.064692
2.097446
2.067337
2.064984
2.065626
2.065165
2.06063
2.060932
2.050158
2.056638
2.082488
2.068464
2.053677
2.04431
2.057923
2.057054
2.058072
2.05272
2.05068
2.058625
2.086052
2.084302
2.061536
2.057246
2.04791
2.045939
2.050571
2.051881
2.04419
2.045056
2.073987
2.045537
2.045323
2.044948
2.039735
2.037973
2.040806
2.040501
2.069777
2.06476
2.098758
2.096062
2.099469
2.096151
2.096747
2.097791
2.068571
2.072385
2.055788
2.045046
2.051214
2.050689
2.051527
2.047427
2.044522
2.046321
2.075037
2.082301
2.064881
2.058172
2.067309
2.057663
2.06194
2.055736
2.057136
2.049612
