total_time:
1.167431
1.171423
1.155268
1.146971
1.141665
1.141117
1.135279
1.133241
1.129216
1.131314
1.178071
1.163898
1.158448
1.151305
1.151298
1.155121
1.14101
1.139798
1.139887
1.165671
1.179654
1.169733
1.165387
1.184118
1.167602
1.15774
1.16227
1.168823
1.157229
1.154805
1.183503
1.172139
1.175757
1.179276
1.172284
1.172995
1.173598
1.174813
1.173272
1.17901
1.15847
1.157021
1.16194
1.157311
1.159779
1.152236
1.152714
1.145098
1.139252
1.15938
1.166626
1.170684
1.169238
1.168098
1.162235
1.164345
1.182758
1.168148
1.169058
1.15051
1.152907
1.171193
1.160843
1.163337
1.156509
1.158999
1.161058
1.177879
1.1739
1.150575
1.14898
1.145255
1.147498
1.137941
1.137098
1.142755
1.150959
1.196988
1.196786
1.181016
1.176319
1.178107
1.176554
1.169995
1.172668
1.17838
1.168692
1.194246
1.185612
1.178969
1.17945
1.183417
1.179681
1.178991
1.174125
1.151589
1.138679
