total_time:
0.328826
0.325295
0.319325
0.320623
0.321878
0.337142
0.329191
0.322971
0.32384
0.331896
0.328596
0.332718
0.335029
0.338671
0.334804
0.331118
0.333288
0.331696
0.318799
0.316502
0.332225
0.3366
0.334101
0.32381
0.318572
0.322495
0.324829
0.330319
0.325587
0.328032
0.333647
0.333208
0.331952
0.328998
0.326329
0.324517
0.336629
0.331952
0.338917
0.337006
0.33621
0.341706
0.338334
0.333485
0.333321
0.322213
0.320381
0.323518
0.322614
0.319434
0.317074
0.321826
0.3307
0.327567
0.336483
0.330905
0.32577
0.332225
0.330192
0.32618
0.329932
0.329059
0.328144
0.323661
0.31958
0.320242
0.321488
0.328134
0.326725
0.325497
0.326022
0.324662
0.340866
0.336579
0.330817
0.336417
0.333935
0.329639
0.336636
0.333417
0.332813
0.331186
0.328261
0.33968
0.336429
0.330081
0.337827
0.335258
0.32857
0.336364
