total_time:
0.318298
0.315734
0.313911
0.314115
0.313979
0.313743
0.313932
0.313722
0.313737
0.398203
0.395353
0.393217
0.393367
0.393167
0.39309
0.393425
0.393335
0.393255
0.325119
0.32309
0.320093
0.32236
0.321463
0.322597
0.329119
0.329983
0.329601
0.349396
0.346575
0.344722
0.34473
0.344725
0.345182
0.344823
0.345081
0.344952
0.361923
0.359533
0.357662
0.35768
0.357463
0.357532
0.357577
0.357649
0.357466
0.328893
0.326195
0.324338
0.324642
0.324402
0.324624
0.324413
0.324615
0.324547
0.362368
0.359722
0.357655
0.357738
0.357742
0.357652
0.357847
0.357732
0.357753
0.352125
0.349122
0.3474
0.347583
0.347203
0.347164
0.34753
0.347477
0.347388
0.364889
0.362794
0.360909
0.360839
0.36074
0.360789
0.360429
0.360831
0.361074
0.356538
0.353777
0.352055
0.352013
0.351806
0.351736
0.351703
0.351744
0.351877
