total_time:
0.000424
0.000383
0.000421
0.00039
0.00038
0.000377
0.000386
0.000387
0.000378
0.000452
0.000447
0.000453
0.000446
0.000444
0.000438
0.00048
0.000441
0.000446
0.000427
0.000378
0.000385
0.000388
0.000379
0.000376
0.000378
0.00039
0.000378
0.000452
0.00049
0.000447
0.00045
0.000445
0.000442
0.000444
0.00044
0.00044
0.000389
0.000393
0.000424
0.000389
0.00038
0.000379
0.000378
0.000386
0.000379
0.000387
0.000379
0.000427
0.000387
0.000389
0.000382
0.000377
0.000383
0.000374
0.000393
0.000389
0.000379
0.000388
0.000381
0.000424
0.000387
0.000376
0.000377
0.000389
0.000382
0.00038
0.000425
0.000384
0.000377
0.00038
0.000384
0.000381
0.000362
0.000358
0.000354
0.000357
0.000349
0.000347
0.000348
0.000344
0.000346
0.000393
0.000386
0.000388
0.000392
0.000385
0.000381
0.000383
0.000388
0.000382
