total_time:
0.000688
0.000675
0.000689
0.000678
0.000683
0.000656
0.000674
0.00068
0.000689
0.000794
0.000843
0.000814
0.000806
0.000807
0.000782
0.000835
0.000809
0.000809
0.000674
0.000657
0.000688
0.000678
0.000685
0.000647
0.000676
0.000675
0.000676
0.000848
0.00081
0.00081
0.000835
0.000805
0.000785
0.000803
0.000802
0.000796
0.000723
0.000666
0.00069
0.000685
0.000683
0.000661
0.000675
0.000685
0.000686
0.000703
0.000649
0.000692
0.00069
0.000679
0.000648
0.000682
0.00068
0.000679
0.000676
0.000661
0.000687
0.000686
0.000675
0.000658
0.000684
0.000685
0.000691
0.000678
0.000662
0.000689
0.000681
0.000678
0.000654
0.000674
0.000686
0.000683
0.00061
0.000592
0.000647
0.000644
0.000636
0.000586
0.000605
0.000612
0.000599
0.000679
0.00066
0.000691
0.000689
0.000697
0.000651
0.000735
0.000683
0.00068
