total_time:
0.000648
0.000641
0.000649
0.000689
0.000638
0.000649
0.000647
0.000646
0.000645
0.000817
0.000788
0.000786
0.000775
0.000804
0.000776
0.000769
0.000775
0.000783
0.000633
0.000644
0.000625
0.000639
0.000639
0.00066
0.000651
0.000655
0.000646
0.000843
0.000794
0.000789
0.000775
0.000782
0.000778
0.00077
0.000788
0.000787
0.000678
0.000636
0.000625
0.000644
0.000642
0.00066
0.000652
0.00068
0.000643
0.000634
0.000654
0.000623
0.000635
0.000644
0.000659
0.000645
0.000648
0.000644
0.000655
0.000628
0.000629
0.000645
0.000632
0.000649
0.000631
0.000653
0.000653
0.000642
0.000643
0.000641
0.000641
0.000653
0.000651
0.000659
0.00066
0.000655
0.000605
0.00058
0.000555
0.000576
0.000556
0.000571
0.000569
0.000574
0.000566
0.000642
0.000654
0.000626
0.000641
0.000648
0.000659
0.000659
0.000654
0.000652
