total_time:
1.297846
1.302136
1.306028
1.298021
1.300252
1.307677
1.311514
1.304601
1.324082
1.320885
1.325118
1.325167
1.325515
1.336458
1.324121
1.328281
1.332961
1.32879
1.325088
1.333557
1.31887
1.328656
1.333855
1.327334
1.330905
1.326056
1.326666
1.300509
1.295228
1.293704
1.295823
1.308451
1.300952
1.305386
1.303768
1.30463
1.302224
1.309418
1.306308
1.306058
1.308113
1.315444
1.308929
1.308008
1.306679
1.326771
1.313513
1.308002
1.30749
1.310589
1.314862
1.314283
1.308133
1.312469
1.30474
1.30277
1.302634
1.30848
1.30376
1.31174
1.31207
1.308433
1.313241
1.298377
1.30342
1.301165
1.303705
1.314308
1.308255
1.307067
1.311538
1.315081
1.309206
1.308201
1.304108
1.31115
1.308195
1.317728
1.311461
1.314996
1.316703
1.324804
1.31984
1.318592
1.320053
1.325908
1.327281
1.323683
1.335264
1.322607
