compile_opencl_time:
0.080249
0.082268
0.079958
0.079627
0.079718
0.079405
0.081133
0.079996
0.080827
0.082895
total_time:
0.173982
0.176043
0.169412
0.169154
0.169188
0.169124
0.173002
0.171607
0.175816
0.171476
0.175424
0.183882
0.169467
0.167604
0.176415
0.168287
0.172755
0.173434
0.173346
0.17238
0.175013
0.176622
0.167147
0.168514
0.167725
0.168697
0.171571
0.173546
0.171139
0.17131
0.185436
0.181595
0.171069
0.172466
0.174909
0.175188
0.173786
0.172169
0.177374
0.177392
0.177228
0.184632
0.174479
0.17289
0.176633
0.178532
0.171249
0.177903
0.176958
0.175904
0.181243
0.185444
0.174481
0.172879
0.17208
0.180394
0.170597
0.175221
0.177411
0.176181
0.176381
0.18266
0.171777
0.171165
0.172084
0.170069
0.174358
0.173738
0.170613
0.175347
0.185062
0.18267
0.178042
0.179625
0.176279
0.176761
0.181578
0.174826
0.174922
0.175493
0.178111
0.185291
0.182286
0.174068
0.182587
0.178676
0.180899
0.169622
0.16815
0.170886
0.183578
0.184114
0.168875
0.169226
0.171735
0.170566
0.171038
0.174233
0.167793
