compile_opencl_time:
0.137292
0.138497
0.138378
0.137619
0.147053
0.14534
0.137465
0.145447
0.138171
0.143499
total_time:
0.306466
0.301693
0.298465
0.296879
0.295628
0.295111
0.296401
0.297134
0.296376
0.296268
0.306648
0.303285
0.296576
0.295972
0.29681
0.295673
0.296641
0.295516
0.295852
0.295649
0.305683
0.301026
0.295589
0.296174
0.295223
0.294699
0.295043
0.295277
0.294837
0.296872
0.30575
0.303241
0.297118
0.296371
0.295779
0.295413
0.296246
0.296504
0.296003
0.296082
0.327001
0.32519
0.317837
0.318488
0.320227
0.319066
0.319334
0.319172
0.318505
0.317874
0.322369
0.329816
0.315048
0.31411
0.314873
0.312523
0.314798
0.3093
0.31212
0.30768
0.307068
0.298881
0.299885
0.298934
0.302273
0.297814
0.298774
0.298534
0.298272
0.312148
0.310666
0.302412
0.303452
0.310868
0.312699
0.304149
0.301782
0.303163
0.301574
0.311729
0.30543
0.296424
0.298352
0.29856
0.297512
0.298191
0.297096
0.296925
0.297792
0.314897
0.31507
0.313051
0.316512
0.315698
0.308433
0.311997
0.309982
0.305949
0.306721
