total_time:
1.126874
1.119894
1.124522
1.120096
1.124618
1.124667
1.120163
1.113106
1.102858
1.123348
1.123263
1.119784
1.1181
1.1248
1.126704
1.095253
1.105854
1.104274
1.098101
1.096491
1.100188
1.099214
1.094238
1.10258
1.109056
1.102131
1.099455
1.115904
1.116424
1.118309
1.119247
1.11732
1.119221
1.118416
1.116485
1.123018
1.09931
1.112652
1.096217
1.099307
1.095533
1.099347
1.101651
1.097803
1.107095
1.117566
1.122492
1.120226
1.121734
1.118616
1.134117
1.137349
1.12395
1.129344
1.128299
1.121417
1.112248
1.113489
1.109989
1.120355
1.115423
1.114822
1.111262
1.119731
1.121106
1.113998
1.121969
1.115889
1.11652
1.111206
1.12068
1.122934
1.102307
1.102306
1.098937
1.109795
1.105096
1.104706
1.09889
1.104569
1.106842
1.09809
1.105959
1.096254
1.100802
1.105958
1.103389
1.100327
1.098347
1.110132
