total_time:
0.443129
0.374516
0.375026
0.374514
0.374506
0.374283
0.374308
0.374603
0.374411
0.374204
0.444179
0.375357
0.375902
0.375815
0.376248
0.375448
0.375437
0.375161
0.374965
0.375306
0.449626
0.375619
0.376333
0.376002
0.376302
0.375646
0.375421
0.375583
0.375447
0.375661
0.448924
0.373659
0.374245
0.375055
0.374481
0.374542
0.375006
0.375329
0.374686
0.374624
0.447874
0.374766
0.375587
0.375673
0.375623
0.376330
0.375669
0.375852
0.375417
0.375895
0.448437
0.374915
0.375435
0.375395
0.375400
0.375883
0.375917
0.375993
0.376146
0.375496
0.444542
0.374513
0.375262
0.374710
0.375169
0.374525
0.374386
0.374465
0.374383
0.374722
0.445662
0.375738
0.375568
0.375688
0.376135
0.376193
0.376635
0.376173
0.375728
0.375595
0.444394
0.374898
0.376121
0.375758
0.376099
0.376294
0.376062
0.375804
0.375568
0.375316
0.445463
0.374510
0.374505
0.374364
0.374353
0.374083
0.374240
0.374307
0.374201
0.374584