compile_opencl_time:
0.002302
0.002348
0.002300
0.002321
0.002301
0.002281
0.002319
0.002360
0.002337
0.002325
total_time:
0.404132
0.403627
0.400561
0.399938
0.400679
0.400273
0.400127
0.400050
0.400134
0.400538
0.404645
0.404817
0.401090
0.400366
0.400972
0.400889
0.401457
0.400801
0.400938
0.400803
0.405430
0.405510
0.401396
0.401766
0.401303
0.402626
0.401573
0.401694
0.401495
0.401783
0.405211
0.404646
0.401302
0.401004
0.401177
0.401762
0.401071
0.401195
0.400902
0.401446
0.405103
0.404590
0.401197
0.401073
0.401215
0.400831
0.400958
0.401257
0.401033
0.401731
0.404912
0.404419
0.401302
0.400824
0.401869
0.400854
0.401445
0.400545
0.401099
0.400515
0.404705
0.404181
0.400479
0.400286
0.400778
0.400048
0.400855
0.400399
0.400495
0.399984
0.405097
0.404429
0.400473
0.401100
0.400727
0.400850
0.400919
0.400872
0.401065
0.400887
0.404892
0.404438
0.401171
0.400975
0.401360
0.400973
0.401448
0.400908
0.401471
0.400753
0.405101
0.404296
0.401286
0.400693
0.401437
0.400536
0.401121
0.400605
0.401116
0.400755