total_time:
0.104553
0.110775
0.102082
0.106143
0.102640
0.103251
0.103144
0.101138
0.104816
0.099833
0.105280
0.113119
0.104969
0.106770
0.106754
0.107878
0.107180
0.107063
0.106798
0.106170
0.108268
0.114404
0.106520
0.107336
0.107310
0.107267
0.105817
0.107035
0.104742
0.108061
0.105114
0.109534
0.106532
0.105053
0.105917
0.103886
0.106880
0.106635
0.107014
0.107780
0.106952
0.112925
0.106041
0.107862
0.105775
0.107596
0.106575
0.106871
0.107283
0.107216
0.102803
0.108048
0.103138
0.104229
0.102479
0.103776
0.107516
0.105574
0.105487
0.106325
0.108769
0.113589
0.099780
0.103565
0.107523
0.107359
0.107103
0.108429
0.107728
0.107047
0.106695
0.110307
0.101939
0.102899
0.102617
0.103015
0.103988
0.102759
0.103965
0.103507
0.104768
0.112410
0.102550
0.104219
0.104668
0.102384
0.103658
0.101827
0.102114
0.102242
0.105236
0.109518
0.099920
0.102986
0.102983
0.099346
0.104950
0.108206
0.107592
0.103766