select_time:
0.000008
0.000009
0.000010
0.000010
0.000010
0.000009
0.000013
0.000010
0.000010
0.000010

total_time:
0.085542
0.108549
0.110213
0.122210
0.132395
0.141603
0.151567
0.155167
0.155279
0.165420
0.086222
0.105794
0.108304
0.117736
0.129265
0.137539
0.147129
0.153392
0.151884
0.160329
0.087491
0.109201
0.110902
0.118640
0.129257
0.139226
0.143223
0.153249
0.155678
0.163180
0.086716
0.108953
0.111101
0.121654
0.132675
0.141649
0.152215
0.155455
0.165047
0.147451
0.085996
0.109415
0.110709
0.118305
0.128772
0.137756
0.146713
0.149905
0.159284
0.161907
0.085504
0.107400
0.108641
0.115612
0.131160
0.141620
0.143483
0.153515
0.157724
0.157575
0.087422
0.109897
0.111517
0.120769
0.133052
0.142222
0.152949
0.156973
0.155697
0.161419
0.086833
0.106452
0.109499
0.117642
0.126168
0.138184
0.139427
0.150164
0.149266
0.158712
0.086315
0.107991
0.110388
0.120366
0.127895
0.135891
0.141180
0.142287
0.143350
0.159039
0.087456
0.106924
0.107378
0.115127
0.123974
0.134413
0.138478
0.146987
0.149020
0.156373
