total_time:
0.085888
0.013093
0.013127
0.014578
0.012537
0.013515
0.012710
0.013797
0.013335
0.014341
0.094801
0.016747
0.017044
0.015301
0.017780
0.016913
0.017406
0.015907
0.017703
0.015956
0.090940
0.013853
0.014711
0.012706
0.015013
0.013567
0.014497
0.013442
0.013818
0.013659
0.089931
0.012492
0.016189
0.013580
0.012732
0.013959
0.014435
0.014029
0.013435
0.013638
0.096611
0.013979
0.014218
0.012283
0.013289
0.013530
0.013136
0.015291
0.013487
0.013562
0.089710
0.013588
0.013556
0.012851
0.013349
0.013413
0.013260
0.015214
0.012632
0.012993
0.090790
0.012977
0.012776
0.012951
0.013247
0.012275
0.013054
0.013169
0.011444
0.012626
0.093402
0.014455
0.015035
0.014343
0.014461
0.015211
0.013879
0.014909
0.013932
0.016506
0.093803
0.013424
0.013993
0.013865
0.010319
0.012299
0.012750
0.012019
0.012289
0.013747
0.087434
0.013754
0.011645
0.013363
0.011673
0.013088
0.011069
0.011943
0.011187
0.013424