total_time:
0.072151
0.000376
0.000371
0.000370
0.000371
0.000367
0.000371
0.000370
0.000368
0.000370
0.069553
0.000388
0.000341
0.000342
0.000342
0.000344
0.000345
0.000344
0.000340
0.000343
0.072254
0.000344
0.000389
0.000342
0.000347
0.000342
0.000343
0.000343
0.000340
0.000341
0.071468
0.000344
0.000340
0.000384
0.000342
0.000343
0.000342
0.000342
0.000339
0.000339
0.074732
0.000346
0.000343
0.000347
0.000345
0.000341
0.000345
0.000344
0.000369
0.000342
0.073218
0.000348
0.000342
0.000385
0.000344
0.000340
0.000349
0.000344
0.000344
0.000343
0.071709
0.000345
0.000343
0.000342
0.000341
0.000342
0.000341
0.000388
0.000341
0.000340
0.078067
0.000377
0.000369
0.000419
0.000371
0.000370
0.000369
0.000371
0.000368
0.000371
0.075110
0.000349
0.000351
0.000348
0.000345
0.000346
0.000345
0.000346
0.000344
0.000344
0.069664
0.000351
0.000342
0.000391
0.000342
0.000343
0.000343
0.000349
0.000342
0.000342