compile_opencl_time:
0.079848
0.078479
0.078025
0.076570
0.083734
0.075418
0.080829
0.075969
0.080466
0.077195
total_time:
0.001028
0.000553
0.000546
0.000482
0.000496
0.000447
0.000432
0.000414
0.000406
0.000421
0.000979
0.000756
0.000523
0.000655
0.000547
0.000452
0.000415
0.000397
0.000353
0.000389
0.000730
0.000419
0.000424
0.000393
0.000395
0.000389
0.000362
0.000373
0.000402
0.000422
0.000748
0.000496
0.000431
0.000402
0.000345
0.000357
0.000362
0.000350
0.000341
0.000342
0.000901
0.000686
0.000615
0.000465
0.000434
0.000434
0.000447
0.000410
0.000411
0.000406
0.001052
0.000641
0.000463
0.000422
0.000478
0.000738
0.000611
0.000529
0.000705
0.000381
0.000821
0.000506
0.000479
0.000460
0.000466
0.000453
0.000458
0.000450
0.000462
0.000445
0.001036
0.000858
0.000913
0.000413
0.000391
0.000389
0.000445
0.000393
0.000400
0.000410
0.004340
0.000623
0.000438
0.000462
0.000397
0.000401
0.000373
0.000370
0.000380
0.000391
0.001157
0.000870
0.000786
0.000599
0.000416
0.000363
0.000351
0.000363
0.000351
0.000351