total_time:
0.000334
0.000041
0.000038
0.000039
0.000036
0.000038
0.000037
0.000038
0.000036
0.000039
0.000314
0.000036
0.000033
0.000034
0.000033
0.000036
0.000032
0.000034
0.000032
0.000040
0.000388
0.000042
0.000037
0.000042
0.000036
0.000038
0.000036
0.000037
0.000037
0.000039
0.000562
0.000050
0.000038
0.000039
0.000037
0.000037
0.000036
0.000037
0.000036
0.000038
0.000445
0.000041
0.000037
0.000039
0.000049
0.000041
0.000036
0.000039
0.000036
0.000038
0.000516
0.000040
0.000036
0.000038
0.000035
0.000038
0.000035
0.000038
0.000035
0.000039
0.000549
0.000043
0.000038
0.000040
0.000037
0.000039
0.000036
0.000038
0.000036
0.000038
0.000413
0.000039
0.000035
0.000038
0.000036
0.000038
0.000036
0.000038
0.000035
0.000038
0.000430
0.000035
0.000033
0.000035
0.000033
0.000033
0.000032
0.000033
0.000032
0.000036
0.000541
0.000042
0.000038
0.000047
0.000038
0.000042
0.000038
0.000039
0.000038
0.000040