select_time:
0.000022
0.000006
0.000006
0.000007
0.000023
0.000008
0.000008
0.000007
0.000008
0.000006

total_time:
0.001058
0.000160
0.000160
0.000174
0.000183
0.000162
0.000153
0.000140
0.000149
0.000136
0.000313
0.000036
0.000039
0.000038
0.000037
0.000037
0.000037
0.000036
0.000036
0.000036
0.000305
0.000040
0.000049
0.000037
0.000037
0.000035
0.000034
0.000036
0.000035
0.000035
0.000325
0.000041
0.000039
0.000040
0.038016
0.077997
0.073569
0.079424
0.068999
0.083998
0.000954
0.000206
0.000163
0.000152
0.000129
0.000127
0.000126
0.000133
0.000145
0.000134
0.000368
0.000046
0.000045
0.000046
0.000043
0.000043
0.000043
0.000042
0.000041
0.000043
0.000360
0.000048
0.000043
0.000042
0.000043
0.000042
0.000042
0.000040
0.000041
0.000042
0.000391
0.000047
0.000044
0.000045
0.000043
0.000043
0.000042
0.000042
0.000041
0.000041
0.000343
0.000042
0.000042
0.000040
0.000040
0.000048
0.000042
0.000041
0.000041
0.000041
0.000346
0.000041
0.000041
0.000040
0.000039
0.000039
0.000038
0.000039
0.000040
0.000039
