total_time:
0.003452
0.003372
0.002603
0.003251
0.002942
0.002882
0.00219
0.002744
0.002176
0.003256
0.002265
0.002948
0.002729
0.002205
0.002776
0.002117
0.00287
0.002629
0.003553
0.003271
0.003408
0.002357
0.002768
0.002991
0.002239
0.002971
0.002803
0.003351
0.003527
0.002591
0.002721
0.002575
0.002755
0.002767
0.002446
0.002623
0.003767
0.003559
0.003031
0.003008
0.003022
0.00308
0.002812
0.002688
0.002952
0.003472
0.003333
0.002418
0.003227
0.003304
0.003305
0.002375
0.002913
0.002969
0.003648
0.003052
0.003253
0.003347
0.003253
0.003006
0.003203
0.002993
0.002962
0.002637
0.002735
0.003585
0.002558
0.002541
0.002574
0.003098
0.0026
0.002637
0.002456
0.003241
0.003162
0.002307
0.002261
0.002946
0.002393
0.00294
0.003024
0.003464
0.003369
0.003414
0.0034
0.002253
0.002957
0.002232
0.002195
0.002931
