total_time:
0.075462
0.004236
0.004273
0.004231
0.004256
0.004379
0.004369
0.004391
0.004269
0.004327
0.075444
0.004291
0.004293
0.004278
0.004294
0.004399
0.004416
0.004449
0.004354
0.004404
0.086994
0.004266
0.004261
0.004203
0.004262
0.004185
0.004219
0.004198
0.004195
0.004196
0.082002
0.005527
0.005495
0.005437
0.005380
0.005364
0.005320
0.005361
0.005339
0.005462
0.080503
0.004330
0.004423
0.004379
0.004405
0.004359
0.004329
0.004358
0.004446
0.004398
0.076165
0.005171
0.005164
0.005195
0.005236
0.005285
0.005320
0.005360
0.005199
0.005246
0.077716
0.003829
0.003837
0.003863
0.003874
0.003976
0.003951
0.003902
0.003914
0.004037
0.076750
0.005294
0.005314
0.005371
0.005473
0.005519
0.005451
0.005385
0.005450
0.005325
0.075568
0.003873
0.003881
0.003908
0.003929
0.003972
0.003941
0.003942
0.003982
0.003913
0.085535
0.004456
0.004421
0.004396
0.004508
0.004491
0.004550
0.004377
0.004540
0.004562