total_time:
0.119121
0.118371
0.117886
0.118584
0.117474
0.118681
0.118186
0.118807
0.11852
0.120325
0.118936
0.118753
0.118357
0.11839
0.118216
0.119216
0.117574
0.119661
0.117504
0.118286
0.117532
0.11736
0.118
0.118668
0.118383
0.117595
0.117308
0.12325
0.12293
0.123832
0.122221
0.122281
0.121772
0.121416
0.123163
0.122382
0.120618
0.119637
0.119016
0.119479
0.119151
0.118781
0.119088
0.120425
0.119315
0.125233
0.124676
0.123759
0.122725
0.123239
0.122697
0.123527
0.122001
0.122112
0.124013
0.122718
0.121882
0.122095
0.122922
0.121787
0.121239
0.122153
0.122522
0.122768
0.121889
0.122008
0.121271
0.121678
0.121855
0.122402
0.122453
0.122479
0.122107
0.121655
0.121451
0.120957
0.121047
0.120302
0.120438
0.121192
0.121545
0.119913
0.118025
0.119429
0.118656
0.119465
0.117635
0.117829
0.118733
0.118027
