compile_opencl_time:
0.077121
0.077925
0.084888
0.085890
0.079228
0.079920
0.081643
0.084210
0.076835
0.077530
total_time:
0.015494
0.015523
0.015752
0.014936
0.015192
0.015859
0.016449
0.016793
0.016003
0.015926
0.014920
0.015477
0.014488
0.016869
0.014948
0.014602
0.015292
0.015585
0.014850
0.014921
0.016800
0.015424
0.015453
0.015534
0.015418
0.015058
0.015154
0.015045
0.015979
0.015184
0.016005
0.015250
0.015096
0.015326
0.015182
0.015263
0.015402
0.015774
0.015248
0.015976
0.015308
0.014636
0.015771
0.015295
0.015027
0.016869
0.016956
0.015475
0.015609
0.016134
0.016476
0.014473
0.014996
0.014464
0.014532
0.014788
0.014918
0.014997
0.015776
0.015374
0.016586
0.015575
0.015318
0.016015
0.015716
0.017665
0.015909
0.015824
0.015369
0.016788
0.016840
0.016505
0.015645
0.015760
0.015341
0.015194
0.016519
0.016846
0.016923
0.015758
0.016485
0.015237
0.015801
0.016040
0.016723
0.016213
0.015621
0.015149
0.016148
0.016416
0.015257
0.014923
0.014651
0.014421
0.014760
0.014531
0.015641
0.016134
0.015531
0.014932