total_time:
0.363575
0.291676
0.291625
0.291569
0.292008
0.291896
0.291544
0.291475
0.291623
0.291674
0.369498
0.291990
0.292490
0.292776
0.292218
0.292532
0.292775
0.292874
0.292684
0.292805
0.370675
0.292546
0.292513
0.292851
0.292951
0.292629
0.292694
0.292652
0.292830
0.292917
0.363410
0.292387
0.292620
0.292757
0.292885
0.293343
0.293307
0.292977
0.293106
0.293053
0.362690
0.292282
0.292537
0.292712
0.293063
0.292966
0.293136
0.292855
0.292699
0.292708
0.364175
0.291866
0.292900
0.292949
0.292693
0.292766
0.292427
0.292630
0.292463
0.292494
0.363955
0.292679
0.293193
0.293159
0.292597
0.292400
0.292965
0.292674
0.291689
0.292894
0.362340
0.292560
0.292806
0.293107
0.293070
0.292812
0.292965
0.292774
0.292759
0.292844
0.365571
0.292342
0.292920
0.292786
0.292655
0.292774
0.292967
0.292817
0.292774
0.293039
0.362416
0.292824
0.293039
0.292815
0.292852
0.292703
0.293179
0.295989
0.293147
0.292762