total_time:
0.617293
0.527295
0.524294
0.521488
0.521387
0.521706
0.521542
0.521629
0.521456
0.521806
0.610234
0.519937
0.516725
0.513898
0.514022
0.514042
0.514019
0.513933
0.513867
0.513852
0.617736
0.526143
0.523228
0.520690
0.520502
0.520772
0.520560
0.520598
0.520485
0.520663
0.588237
0.495157
0.491947
0.489084
0.489247
0.489129
0.488969
0.489174
0.489079
0.489017
0.607712
0.514828
0.511976
0.509495
0.509336
0.509354
0.509345
0.509220
0.509693
0.509494
0.607446
0.517740
0.515084
0.512832
0.512268
0.512081
0.511993
0.511970
0.511887
0.512025
0.590289
0.499635
0.496641
0.494195
0.493983
0.493875
0.493883
0.494090
0.494050
0.494018
0.614773
0.523929
0.521184
0.518126
0.518111
0.518373
0.518291
0.517993
0.518295
0.518286
0.596793
0.506772
0.504256
0.501545
0.501531
0.501637
0.501440
0.501819
0.501754
0.501496
0.549735
0.460427
0.457693
0.455175
0.454993
0.455105
0.455296
0.454971
0.455216
0.455224