total_time:
0.379794
0.303050
0.299452
0.299647
0.299639
0.299383
0.299233
0.299641
0.299248
0.299203
0.371908
0.297987
0.293760
0.293346
0.293804
0.296229
0.297500
0.297605
0.297799
0.297622
0.379319
0.301048
0.295270
0.295086
0.295006
0.295089
0.299202
0.299561
0.299312
0.298033
0.368642
0.297021
0.293433
0.293170
0.293271
0.291924
0.290968
0.290864
0.290647
0.290941
0.377953
0.301475
0.297199
0.297533
0.297485
0.296316
0.295959
0.297687
0.297607
0.302424
0.377109
0.306457
0.302530
0.302564
0.302765
0.302273
0.302873
0.302500
0.302384
0.302419
0.376698
0.305320
0.301573
0.301501
0.301425
0.303823
0.301552
0.299296
0.299533
0.304182
0.380017
0.306748
0.302709
0.302674
0.302895
0.302831
0.302823
0.303053
0.302857
0.306951
0.377310
0.302155
0.298455
0.298630
0.296550
0.294223
0.294436
0.292183
0.298810
0.296384
0.364111
0.291728
0.287515
0.287788
0.287742
0.287140
0.285398
0.285709
0.288207
0.289641