total_time:
0.123421
0.051388
0.051255
0.050658
0.050826
0.050470
0.050715
0.050754
0.050683
0.050847
0.121867
0.051164
0.051029
0.050506
0.049985
0.050164
0.050074
0.049997
0.050782
0.050836
0.123512
0.051158
0.051128
0.050408
0.050668
0.050275
0.050521
0.050536
0.050529
0.050551
0.125996
0.051595
0.051745
0.051113
0.050939
0.051159
0.051008
0.051054
0.051122
0.050948
0.126324
0.051307
0.051090
0.050520
0.050563
0.050362
0.050574
0.050435
0.050480
0.050639
0.125829
0.052140
0.051878
0.051418
0.051540
0.051195
0.050999
0.050992
0.050667
0.050948
0.127597
0.051171
0.051474
0.050340
0.050196
0.050382
0.050675
0.050825
0.051003
0.050905
0.145885
0.051480
0.051459
0.050983
0.050647
0.051012
0.050896
0.050656
0.050898
0.050927
0.123890
0.051579
0.051322
0.050776
0.050936
0.050710
0.050854
0.050800
0.050765
0.050966
0.125178
0.051388
0.051494
0.050939
0.050868
0.050884
0.050780
0.050703
0.050931
0.050615