total_time:
0.145857
0.142744
0.140701
0.142200
0.142259
0.142264
0.140676
0.142567
0.141727
0.142032
0.143698
0.143277
0.141978
0.141520
0.142116
0.141411
0.141204
0.143630
0.142186
0.142871
0.147030
0.146362
0.144730
0.144673
0.144971
0.144767
0.145306
0.144044
0.144845
0.143984
0.144238
0.141873
0.142860
0.141410
0.142021
0.141748
0.142451
0.141743
0.141324
0.142405
0.144561
0.142033
0.141706
0.141829
0.141134
0.142183
0.141091
0.142281
0.142310
0.142586
0.144996
0.141379
0.140855
0.141557
0.142953
0.141993
0.142389
0.142569
0.142245
0.141744
0.146393
0.145789
0.145083
0.145964
0.146008
0.144420
0.145547
0.144841
0.144953
0.144867
0.144021
0.142132
0.141790
0.149030
0.142564
0.141683
0.141893
0.141884
0.142897
0.141626
0.144673
0.141741
0.142541
0.142845
0.143013
0.142204
0.141516
0.141661
0.141509
0.142323
0.146109
0.144172
0.143406
0.142507
0.142475
0.142277
0.142722
0.141480
0.142264
0.142125