total_time:
0.201776
0.199231
0.198155
0.19811
0.198063
0.198034
0.197885
0.197896
0.198047
0.200325
0.19799
0.196532
0.196468
0.196651
0.196561
0.196597
0.196498
0.196477
0.19651
0.194216
0.193025
0.192953
0.192969
0.192996
0.192965
0.192903
0.192755
0.195209
0.192548
0.191007
0.191171
0.191262
0.191195
0.191061
0.191036
0.190961
0.19948
0.197153
0.195716
0.195785
0.195637
0.195687
0.195696
0.195692
0.195608
0.194888
0.192708
0.191457
0.191341
0.191244
0.191301
0.191494
0.191404
0.191337
0.203593
0.201116
0.199647
0.199696
0.19978
0.199719
0.199511
0.199701
0.199683
0.205632
0.203236
0.201795
0.201843
0.201991
0.201986
0.201644
0.201646
0.201938
0.194964
0.192457
0.191083
0.190937
0.191183
0.191193
0.191231
0.191067
0.191101
0.191702
0.189257
0.187747
0.187698
0.187702
0.18778
0.187657
0.187712
0.187922
