total_time:
0.168376
0.164906
0.165013
0.165042
0.164936
0.164965
0.165
0.165085
0.164861
0.165543
0.165552
0.165494
0.165565
0.165453
0.165571
0.16566
0.165667
0.166344
0.166535
0.166451
0.166442
0.166448
0.166608
0.166307
0.166514
0.168528
0.165091
0.165082
0.165081
0.165112
0.165046
0.164966
0.165068
0.165113
0.168348
0.164826
0.16507
0.164917
0.16485
0.164854
0.164842
0.164813
0.164753
0.16842
0.165098
0.165005
0.165202
0.165012
0.165175
0.165015
0.165051
0.165121
0.165878
0.165917
0.16599
0.166035
0.165931
0.165899
0.166019
0.165936
0.165501
0.165349
0.165293
0.165406
0.165155
0.165481
0.165246
0.165485
0.168186
0.164778
0.164922
0.164894
0.164673
0.164752
0.164811
0.16479
0.16473
0.16724
0.163866
0.163966
0.163848
0.163763
0.163818
0.163955
0.163897
0.163953
