total_time:
0.072281
0.000365
0.000360
0.000394
0.000356
0.000359
0.000359
0.000357
0.000357
0.000372
0.071111
0.000426
0.000423
0.000464
0.000421
0.000421
0.000421
0.000419
0.000456
0.000425
0.070937
0.000359
0.000359
0.000358
0.000401
0.000360
0.000357
0.000358
0.000355
0.000355
0.071939
0.000450
0.000437
0.000494
0.000450
0.000447
0.000448
0.000447
0.000446
0.000445
0.070874
0.000361
0.000361
0.000359
0.000361
0.000359
0.000359
0.000359
0.000358
0.000402
0.071210
0.000518
0.000478
0.000481
0.000479
0.000479
0.000482
0.000483
0.000485
0.000481
0.070819
0.000483
0.000528
0.000485
0.000484
0.000482
0.000483
0.000482
0.000481
0.000483
0.072393
0.000448
0.000448
0.000447
0.000448
0.000447
0.000445
0.000450
0.000445
0.000448
0.074585
0.000425
0.000427
0.000425
0.000424
0.000423
0.000424
0.000425
0.000425
0.000427
0.071537
0.000423
0.000421
0.000417
0.000421
0.000417
0.000416
0.000416
0.000417
0.000419