total_time:
0.071456
0.000387
0.000379
0.000382
0.000385
0.000421
0.000372
0.000375
0.000381
0.000374
0.071725
0.000496
0.000448
0.000452
0.000439
0.000438
0.000446
0.000450
0.000444
0.000436
0.074382
0.000390
0.000418
0.000377
0.000383
0.000375
0.000372
0.000374
0.000381
0.000372
0.073035
0.000478
0.000515
0.000470
0.000470
0.000475
0.000466
0.000471
0.000467
0.000471
0.072439
0.000386
0.000427
0.000378
0.000388
0.000379
0.000381
0.000377
0.000379
0.000371
0.071730
0.000510
0.000515
0.000508
0.000505
0.000505
0.000513
0.000505
0.000505
0.000509
0.070770
0.000521
0.000524
0.000510
0.000509
0.000510
0.000518
0.000512
0.000512
0.000549
0.070287
0.000525
0.000474
0.000477
0.000472
0.000480
0.000469
0.000482
0.000466
0.000476
0.071380
0.000459
0.000454
0.000454
0.000449
0.000446
0.000444
0.000445
0.000444
0.000442
0.073582
0.000445
0.000447
0.000449
0.000437
0.000434
0.000440
0.000440
0.000437
0.000437