total_time:
0.072556
0.000634
0.000646
0.000628
0.000658
0.000633
0.000648
0.000649
0.000656
0.000639
0.073131
0.000790
0.000779
0.000782
0.000762
0.000779
0.000811
0.000768
0.000777
0.000786
0.072854
0.000629
0.000636
0.000666
0.000638
0.000629
0.000654
0.000643
0.000656
0.000647
0.073610
0.000866
0.000853
0.000841
0.000854
0.000852
0.000859
0.000846
0.000856
0.000857
0.072737
0.000636
0.000655
0.000658
0.000643
0.000628
0.000644
0.000634
0.000651
0.000644
0.071786
0.000930
0.000909
0.000901
0.000906
0.000905
0.000926
0.000905
0.000919
0.000909
0.074501
0.000952
0.000938
0.000926
0.000893
0.000911
0.000927
0.000882
0.000916
0.000905
0.072625
0.000861
0.000860
0.000841
0.000875
0.000859
0.000862
0.000845
0.000863
0.000873
0.072644
0.000786
0.000777
0.000768
0.000769
0.000807
0.000776
0.000810
0.000781
0.000800
0.072418
0.000799
0.000787
0.000783
0.000768
0.000787
0.000821
0.000762
0.000789
0.000802