total_time:
0.074679
0.002043
0.002021
0.002047
0.002109
0.002058
0.002049
0.002103
0.002024
0.002034
0.076365
0.001817
0.001784
0.001786
0.001768
0.001793
0.001800
0.001774
0.001785
0.001788
0.074480
0.001916
0.001886
0.001854
0.001862
0.001866
0.001860
0.001871
0.001857
0.001866
0.073403
0.001930
0.001855
0.001855
0.001867
0.001875
0.001851
0.001855
0.001861
0.001903
0.079156
0.001866
0.001853
0.001858
0.001845
0.001849
0.001847
0.001848
0.001844
0.001833
0.072547
0.002004
0.001976
0.001983
0.001984
0.001982
0.001983
0.001971
0.001986
0.001985
0.071407
0.002000
0.001983
0.001983
0.001988
0.001982
0.001972
0.001977
0.001966
0.001962
0.073586
0.002133
0.002125
0.002104
0.002108
0.002109
0.002120
0.002121
0.002120
0.002125
0.074985
0.001726
0.001725
0.001706
0.001709
0.001711
0.001721
0.001712
0.001716
0.001726
0.074400
0.001653
0.001649
0.001643
0.001640
0.001627
0.001628
0.001643
0.001633
0.001638