total_time:
0.075376
0.002484
0.002499
0.002489
0.002550
0.002542
0.002553
0.002514
0.002519
0.002601
0.072410
0.002317
0.002311
0.002275
0.002278
0.002274
0.002267
0.002293
0.002290
0.002317
0.071867
0.002365
0.002358
0.002372
0.002383
0.002369
0.002399
0.002423
0.002420
0.002437
0.072556
0.002365
0.002335
0.002351
0.002375
0.002397
0.002396
0.002399
0.002416
0.002405
0.071598
0.002254
0.002236
0.002245
0.002370
0.002310
0.002290
0.002274
0.002285
0.002291
0.080391
0.002556
0.002558
0.002575
0.002577
0.002546
0.002540
0.002576
0.002582
0.002548
0.073388
0.002541
0.002509
0.002516
0.002535
0.002515
0.002541
0.002540
0.002571
0.002547
0.073068
0.002596
0.002624
0.002637
0.002645
0.002659
0.002695
0.002713
0.002652
0.002650
0.073156
0.002304
0.002269
0.002282
0.002272
0.002280
0.002308
0.002316
0.002292
0.002299
0.076760
0.002176
0.002164
0.002163
0.002169
0.002214
0.002225
0.002232
0.002239
0.002235