select_time:
0.000007
0.000006
0.000006
0.000020
0.000008
0.000008
0.000008
0.000008
0.000007
0.000007

total_time:
0.000553
0.000207
0.000223
0.000220
0.000214
0.000213
0.000214
0.000217
0.000214
0.000207
0.000527
0.000198
0.000236
0.000332
0.000335
0.000325
0.000321
0.000372
0.000323
0.000325
0.008512
0.138998
0.160995
0.140994
0.140996
0.126999
0.136997
0.143995
0.141997
0.130999
0.001327
0.000493
0.000507
0.000479
0.000506
0.000612
0.000645
0.000639
0.000632
0.000636
0.000536
0.000188
0.000195
0.000186
0.000188
0.000183
0.000183
0.000191
0.000183
0.000185
0.000552
0.000196
0.000192
0.000187
0.000196
0.000205
0.000198
0.000202
0.000199
0.000207
0.000551
0.000214
0.000215
0.000219
0.000207
0.000209
0.000202
0.000202
0.000210
0.000203
0.000515
0.000195
0.000204
0.000194
0.000190
0.000191
0.000191
0.000195
0.000194
0.000192
0.000521
0.000175
0.000191
0.000179
0.000175
0.000175
0.000175
0.000193
0.000193
0.000184
0.000512
0.000164
0.000163
0.000169
0.000158
0.000160
0.000162
0.000160
0.000157
0.000161
