total_time:
0.033916
0.03389
0.033845
0.033904
0.033867
0.033849
0.033849
0.033899
0.033981
0.033951
0.033942
0.033932
0.033937
0.033908
0.033931
0.033884
0.033814
0.033873
0.033885
0.033869
0.033868
0.03389
0.033756
0.033783
0.033879
0.033825
0.033804
0.03383
0.033847
0.033785
0.033802
0.033757
0.033873
0.033808
0.033822
0.033742
0.033775
0.03376
0.033855
0.033856
0.033861
0.033762
0.033781
0.0338
0.033799
0.033905
0.03382
0.033786
0.03372
0.033763
0.033754
0.033738
0.033725
0.033749
0.033758
0.033694
0.033708
0.033682
0.033779
0.03369
0.03375
0.033686
0.033685
0.033687
0.033807
0.033812
0.033837
0.033951
0.033841
0.033815
0.033813
0.033793
0.033859
0.033884
0.033885
0.033922
0.033894
0.03387
0.03379
0.033911
