compile_opencl_time:
0.078534
0.080279
0.078128
0.078647
0.078529
0.077396
0.081305
0.078679
0.081323
0.082575
total_time:
0.042403
0.040956
0.037818
0.038408
0.03809
0.039034
0.038415
0.038764
0.039402
0.042158
0.042932
0.04271
0.04127
0.041571
0.040303
0.04108
0.039654
0.040063
0.041482
0.042807
0.042882
0.041412
0.038404
0.038289
0.04241
0.040618
0.0421
0.039602
0.038946
0.040844
0.039165
0.042555
0.040257
0.04044
0.038031
0.038528
0.039246
0.039806
0.044079
0.041877
0.042524
0.042274
0.042051
0.038654
0.039975
0.039458
0.039353
0.041299
0.039997
0.042055
0.040584
0.039608
0.039584
0.038103
0.037961
0.038684
0.039823
0.03824
0.039362
0.039938
0.040416
0.041507
0.040489
0.037997
0.039092
0.038669
0.040082
0.038973
0.038363
0.0386
0.04267
0.04414
0.040857
0.038869
0.040942
0.041653
0.040482
0.039119
0.039127
0.040195
0.043533
0.044309
0.040151
0.039881
0.040692
0.038788
0.03901
0.039731
0.040744
0.041685
0.040556
0.042557
0.036538
0.037588
0.037446
0.037905
0.03749
0.041509
0.03787
0.041323
