total_time:
0.165986
0.166804
0.165317
0.165728
0.165478
0.165483
0.165349
0.165716
0.165326
0.166293
0.166994
0.165462
0.165854
0.16569
0.165699
0.165244
0.165595
0.165706
0.166889
0.16736
0.16558
0.16657
0.165784
0.166656
0.165481
0.166809
0.165817
0.166161
0.166975
0.165653
0.165803
0.165672
0.165762
0.166178
0.165402
0.166299
0.166668
0.166884
0.165473
0.16596
0.165636
0.166063
0.165194
0.166125
0.165471
0.166038
0.167139
0.16471
0.166327
0.165267
0.166165
0.165238
0.166085
0.165101
0.165689
0.166446
0.164621
0.165515
0.164778
0.165275
0.164849
0.165424
0.164849
0.166103
0.166949
0.16576
0.165591
0.165985
0.16575
0.165895
0.165392
0.166034
0.166077
0.167211
0.165361
0.165809
0.165491
0.166208
0.165407
0.166233
0.165499
0.166112
0.166736
0.165096
0.165896
0.165287
0.165598
0.165177
0.165917
0.165119
