total_time:
0.000918
0.000921
0.000887
0.000894
0.000885
0.000923
0.000898
0.000896
0.000916
0.000975
0.00097
0.000961
0.000966
0.000964
0.000957
0.000957
0.000984
0.000966
0.000899
0.000905
0.000891
0.000906
0.000888
0.000895
0.000895
0.000892
0.000892
0.000802
0.000763
0.000748
0.000752
0.000738
0.000771
0.000762
0.000764
0.000754
0.000802
0.000765
0.000746
0.000755
0.000746
0.00075
0.000755
0.000769
0.000741
0.000772
0.000759
0.000786
0.000781
0.000749
0.000756
0.000755
0.000765
0.000749
0.000784
0.000755
0.000757
0.00076
0.000751
0.000752
0.000754
0.000768
0.000736
0.001009
0.000999
0.001036
0.001019
0.00102
0.001035
0.001047
0.001028
0.001012
0.000946
0.000945
0.000939
0.00094
0.000949
0.000947
0.000938
0.000957
0.000945
0.000939
0.000899
0.00088
0.000891
0.00089
0.000893
0.000902
0.0009
0.0009
