compile_opencl_time:
0.002106
0.002271
0.002183
0.002161
0.002122
0.002156
0.002097
0.002089
0.002135
0.002187
total_time:
0.000776
0.000813
0.000781
0.000776
0.000773
0.000732
0.000732
0.000732
0.000729
0.000737
0.000843
0.000797
0.000825
0.00079
0.00079
0.000815
0.000838
0.000787
0.000786
0.000796
0.000787
0.000748
0.000759
0.000782
0.000785
0.000735
0.000738
0.000777
0.000739
0.000776
0.000672
0.000696
0.000637
0.00063
0.00063
0.000633
0.00063
0.00064
0.000675
0.000627
0.000672
0.000636
0.000637
0.000634
0.00066
0.000632
0.000629
0.000629
0.000634
0.000632
0.000684
0.000646
0.000638
0.000676
0.000635
0.000633
0.000636
0.000633
0.000635
0.00064
0.000675
0.000638
0.000653
0.000635
0.000633
0.000635
0.000681
0.00063
0.000673
0.00063
0.000902
0.00084
0.000851
0.000831
0.000854
0.000835
0.000852
0.00083
0.00088
0.000862
0.000818
0.000801
0.000812
0.000777
0.000775
0.000824
0.000776
0.000778
0.000775
0.000792
0.000779
0.000754
0.000743
0.000738
0.00074
0.000748
0.000739
0.000738
0.00078
0.000734
