total_time:
0.075642
0.075756
0.075349
0.075168
0.073759
0.075032
0.075716
0.075959
0.074274
0.081588
0.07855
0.078089
0.076674
0.077526
0.079907
0.077182
0.076174
0.075138
0.07805
0.076571
0.075252
0.074392
0.075974
0.07403
0.074203
0.076297
0.075285
0.07551
0.073666
0.076471
0.075813
0.075592
0.074911
0.076546
0.07515
0.077329
0.081976
0.077829
0.078477
0.077311
0.081371
0.076897
0.075354
0.078931
0.076576
0.08143
0.078217
0.076447
0.078176
0.075757
0.078775
0.076974
0.077835
0.078718
0.074491
0.074998
0.073733
0.078009
0.076713
0.076901
0.073071
0.073684
0.074591
0.074948
0.074039
0.074792
0.074764
0.074673
0.076573
0.073051
0.074693
0.075676
0.079574
0.077877
0.076506
0.076438
0.075802
0.075876
0.078097
0.075945
0.076491
0.075679
0.077648
0.075453
0.077592
0.076701
0.075154
0.075188
0.074819
0.075611
