compile_opencl_time:
0.136901
0.14995
0.149769
0.145765
0.143282
0.150407
0.140965
0.151864
0.140524
0.150983
total_time:
0.030386
0.030761
0.030332
0.030347
0.030597
0.030335
0.030547
0.030387
0.030397
0.030571
0.030834
0.030793
0.030665
0.030945
0.030672
0.030677
0.030753
0.030783
0.030877
0.030878
0.030819
0.030881
0.030887
0.030581
0.030875
0.030666
0.030738
0.031182
0.031353
0.030999
0.030929
0.031319
0.03105
0.03088
0.031021
0.031179
0.03035
0.030311
0.030137
0.030089
0.030384
0.0303
0.030333
0.030373
0.030162
0.030182
0.030456
0.030354
0.030125
0.030101
0.030185
0.030041
0.030044
0.030168
0.031974
0.031729
0.031968
0.031904
0.03176
0.031907
0.031829
0.031727
0.031704
0.030956
0.031004
0.031151
0.030939
0.030854
0.030996
0.03095
0.030854
0.030953
0.030911
0.031372
0.031772
0.031624
0.031532
0.031447
0.031618
0.031716
0.031456
0.031604
