total_time:
1.955089
1.921735
1.922808
1.919965
1.911845
1.942177
1.925795
1.911599
1.9407
1.954527
1.93571
1.938219
1.968585
1.933769
1.952957
1.924211
1.955928
1.925324
1.931023
1.924007
1.933001
1.92761
1.918735
1.912924
1.91369
1.897954
1.925829
1.923158
1.925066
1.918898
1.954835
1.943052
1.928243
1.932165
1.938836
1.962052
1.904585
1.917318
1.906687
1.93387
1.909893
1.90215
1.900823
1.904217
1.911331
1.972006
1.914182
1.918526
1.903827
1.914594
1.901018
1.921899
1.905852
1.926369
1.941184
1.928944
1.943834
1.933832
1.929998
1.932643
1.939697
1.923076
1.934855
1.931542
1.973434
1.923089
1.920015
1.913049
1.903568
1.906888
1.90635
1.926967
1.915616
1.917513
1.967495
1.922682
1.939205
1.905675
1.945026
1.922162
1.914354
1.933309
1.912267
1.925084
1.965282
1.919982
1.923188
1.940146
1.910457
1.919252
1.936497
1.921215
1.912383
1.909331
