total_time:
1.187191
1.18623
1.186096
1.186934
1.186432
1.186564
1.186678
1.186681
1.185912
1.184492
1.184653
1.185456
1.184515
1.185646
1.184952
1.185139
1.185462
1.184947
1.184599
1.1844
1.185213
1.184421
1.184688
1.184362
1.184068
1.184292
1.183716
1.187536
1.186526
1.185834
1.186209
1.18651
1.186453
1.186478
1.186625
1.187042
1.185795
1.18565
1.185769
1.185807
1.185505
1.184921
1.184889
1.185071
1.185688
1.187923
1.187739
1.18724
1.187016
1.187083
1.187512
1.186824
1.186912
1.186916
1.186816
1.187202
1.18774
1.186955
1.187415
1.187685
1.188244
1.187434
1.187296
1.187943
1.188177
1.188251
1.188179
1.187933
1.18811
1.187654
1.188091
1.188085
1.187183
1.187038
1.186999
1.187521
1.18753
1.187661
1.187326
1.187496
1.188118
1.186062
1.186131
1.185906
1.18585
1.185762
1.185569
1.186202
1.186079
1.185518
