total_time:
0.071806
0.000726
0.000666
0.000679
0.000678
0.000678
0.000674
0.000670
0.000671
0.000676
0.072759
0.000801
0.000835
0.000790
0.000798
0.000801
0.000795
0.000796
0.000830
0.000798
0.070871
0.000712
0.000668
0.000673
0.000680
0.000671
0.000674
0.000686
0.000670
0.000671
0.070405
0.000721
0.000665
0.000672
0.000671
0.000672
0.000672
0.000671
0.000669
0.000672
0.072198
0.000722
0.000670
0.000667
0.000672
0.000670
0.000671
0.000659
0.000669
0.000671
0.071199
0.000689
0.000673
0.000676
0.000711
0.000675
0.000674
0.000665
0.000675
0.000673
0.071665
0.000716
0.000672
0.000676
0.000682
0.000681
0.000688
0.000669
0.000678
0.000680
0.071091
0.000678
0.000665
0.000670
0.000669
0.000668
0.000669
0.000667
0.000671
0.000671
0.072303
0.000721
0.000668
0.000711
0.000674
0.000672
0.000670
0.000668
0.000672
0.000673
0.075180
0.000688
0.000666
0.000669
0.000674
0.000667
0.000671
0.000660
0.000674
0.000674