select_time:
0.000008
0.000007
0.000007
0.000007
0.000010
0.000007
0.000006
0.000007
0.000006
0.000006

total_time:
0.000344
0.000051
0.000049
0.000046
0.000048
0.000047
0.000046
0.000046
0.000047
0.000046
0.000341
0.000058
0.000055
0.000055
0.000055
0.000055
0.000053
0.000055
0.000061
0.000061
0.000326
0.000050
0.000048
0.000047
0.000045
0.000046
0.000045
0.000047
0.000045
0.000051
0.000369
0.000051
0.000048
0.000047
0.000048
0.000047
0.000046
0.000048
0.000046
0.000048
0.000351
0.000052
0.000050
0.000049
0.000047
0.000046
0.000048
0.000048
0.000045
0.000046
0.000342
0.000054
0.000049
0.000067
0.000052
0.000050
0.000053
0.000050
0.000050
0.000051
0.000318
0.000053
0.000049
0.000049
0.000049
0.000046
0.000047
0.000048
0.000052
0.000047
0.000334
0.000051
0.000050
0.000046
0.000054
0.000048
0.000047
0.000046
0.000047
0.000048
0.000331
0.000045
0.000043
0.000042
0.000042
0.000042
0.000042
0.000042
0.000043
0.000043
0.000339
0.000052
0.000051
0.000049
0.000049
0.000047
0.000046
0.000045
0.000046
0.000047
