total_time:
0.089688
0.018116
0.017477
0.017461
0.017450
0.017435
0.017427
0.017394
0.017393
0.017403
0.089942
0.018695
0.018059
0.018049
0.018032
0.018025
0.018009
0.018033
0.017999
0.018005
0.089686
0.018316
0.017700
0.017696
0.017669
0.017661
0.017662
0.017636
0.017632
0.017635
0.088937
0.018127
0.017527
0.017568
0.017481
0.017477
0.017445
0.017438
0.017438
0.017432
0.087684
0.017859
0.017201
0.017256
0.017367
0.017255
0.017214
0.017181
0.017161
0.017191
0.089287
0.017857
0.017255
0.017234
0.017214
0.017239
0.017183
0.017215
0.017180
0.017191
0.095290
0.017995
0.017379
0.017347
0.017331
0.017320
0.017318
0.017305
0.017299
0.017285
0.093895
0.018902
0.018267
0.018233
0.018229
0.018221
0.018194
0.018198
0.018182
0.018182
0.088564
0.018354
0.017716
0.017718
0.017696
0.017677
0.017668
0.017664
0.017665
0.017656
0.089370
0.018426
0.017792
0.017773
0.017764
0.017743
0.017724
0.017716
0.017718
0.017701