total_time:
0.138759
0.061376
0.060801
0.060863
0.061571
0.061169
0.061245
0.060872
0.061154
0.061118
0.132957
0.058564
0.058951
0.059186
0.058954
0.058816
0.058715
0.058584
0.058732
0.058329
0.134147
0.060852
0.057679
0.057592
0.057227
0.057550
0.057672
0.057405
0.056956
0.057419
0.131617
0.058578
0.058332
0.057664
0.058068
0.058242
0.057900
0.057900
0.058437
0.058418
0.131464
0.058094
0.058181
0.058086
0.058115
0.058175
0.057945
0.057711
0.057901
0.058111
0.144004
0.059801
0.059976
0.059711
0.059526
0.059503
0.059651
0.060164
0.059424
0.059692
0.131949
0.059592
0.059403
0.059941
0.059517
0.059494
0.059578
0.059981
0.059432
0.059419
0.134497
0.058964
0.058573
0.058660
0.057575
0.058811
0.058723
0.058137
0.058647
0.058448
0.136423
0.058683
0.059743
0.059721
0.058934
0.059579
0.059540
0.058618
0.059596
0.058556
0.134376
0.061001
0.059166
0.058787
0.058940
0.059118
0.059298
0.059643
0.058700
0.059255