compile_opencl_time:
0.137465
0.138542
0.138559
0.148336
0.145549
0.135962
0.138822
0.137206
0.137899
0.137144
total_time:
0.012019
0.010109
0.009780
0.009676
0.009625
0.009923
0.009634
0.009358
0.009424
0.009438
0.012469
0.010421
0.010216
0.010298
0.010107
0.009950
0.009919
0.010123
0.009892
0.009847
0.012249
0.010486
0.009635
0.009870
0.010213
0.009858
0.009655
0.009534
0.009959
0.009604
0.012056
0.009894
0.010024
0.010000
0.009818
0.009711
0.009753
0.009686
0.009775
0.009745
0.011234
0.009527
0.009146
0.009190
0.009103
0.009154
0.009160
0.009161
0.009151
0.009185
0.011638
0.009664
0.009493
0.009516
0.009754
0.009820
0.009201
0.009421
0.009506
0.009377
0.011740
0.009729
0.009419
0.009445
0.009687
0.009652
0.009214
0.009263
0.009435
0.009263
0.012612
0.010774
0.010500
0.010475
0.010288
0.010153
0.010437
0.010335
0.010185
0.010435
0.012051
0.010083
0.009687
0.009663
0.009586
0.009927
0.009653
0.009849
0.010131
0.010233
0.011797
0.010223
0.009553
0.009832
0.009713
0.009764
0.009736
0.009362
0.009495
0.009293