total_time:
0.005252
0.004675
0.004425
0.004749
0.005021
0.005067
0.005252
0.005224
0.005232
0.005259
0.006221
0.005439
0.004861
0.005232
0.005182
0.005308
0.005519
0.005546
0.005570
0.005597
0.006051
0.005344
0.004893
0.005012
0.005177
0.005158
0.005174
0.005517
0.005431
0.005592
0.005193
0.004645
0.004191
0.004718
0.005149
0.005154
0.005180
0.005210
0.005217
0.005212
0.004855
0.004657
0.003985
0.004373
0.004507
0.004481
0.004623
0.004651
0.004541
0.004614
0.004980
0.005141
0.004551
0.005026
0.005374
0.005252
0.005190
0.005201
0.005245
0.005243
0.004973
0.004617
0.004613
0.005224
0.005126
0.005149
0.005096
0.005300
0.005171
0.005273
0.006067
0.005790
0.005221
0.005677
0.005744
0.006026
0.006071
0.006194
0.006075
0.006201
0.005947
0.005300
0.004621
0.004807
0.005280
0.005276
0.005379
0.005373
0.005217
0.005254
0.005403
0.004787
0.004213
0.004648
0.004673
0.004838
0.004897
0.004992
0.004938
0.005253