compile_opencl_time:
0.149464
0.151603
0.14233
0.143527
0.151598
0.143052
0.141388
0.143422
0.151044
0.14436
total_time:
0.021679
0.018853
0.018954
0.018527
0.018891
0.018666
0.018456
0.018541
0.018459
0.01862
0.023203
0.020354
0.020294
0.020592
0.020284
0.020308
0.020496
0.020431
0.020357
0.020588
0.021579
0.01921
0.019271
0.019201
0.018858
0.019137
0.019217
0.019113
0.018912
0.019255
0.020898
0.018192
0.018298
0.018151
0.018129
0.018089
0.018261
0.01865
0.018255
0.018671
0.022792
0.020597
0.020443
0.019621
0.019799
0.020106
0.019852
0.019831
0.019629
0.019904
0.017825
0.01801
0.017577
0.017406
0.017374
0.017237
0.017584
0.017456
0.017423
0.021206
0.018828
0.018921
0.01855
0.01825
0.018571
0.018646
0.018752
0.018132
0.018666
0.020397
0.017681
0.017648
0.017428
0.017499
0.021443
0.017728
0.017676
0.01784
0.018054
0.023959
0.021344
0.021102
0.021397
0.021129
0.021108
0.021003
0.021099
0.021324
0.021621
0.020463
0.017893
0.0177
0.017692
0.017753
0.01757
0.017695
0.020485
0.017868
0.017805
