total_time:
0.061563
0.061331
0.061075
0.061742
0.06188
0.061524
0.060623
0.06144
0.060995
0.065891
0.065443
0.064971
0.064933
0.064861
0.065058
0.065029
0.064681
0.064961
0.065567
0.064492
0.064366
0.06401
0.0641
0.064414
0.064348
0.064357
0.064254
0.062241
0.061691
0.061605
0.060945
0.061498
0.0609
0.061825
0.061228
0.061286
0.063351
0.06262
0.062853
0.062877
0.062967
0.062131
0.062688
0.062738
0.062822
0.061901
0.060414
0.060322
0.060515
0.060348
0.060881
0.060138
0.060487
0.060936
0.062617
0.062387
0.061669
0.061735
0.062371
0.061818
0.061394
0.061844
0.061837
0.061635
0.061396
0.060641
0.061358
0.061139
0.060626
0.060577
0.06068
0.061304
0.064586
0.064508
0.064341
0.064345
0.064556
0.064077
0.064654
0.064395
0.063983
0.061836
0.061537
0.060582
0.060632
0.060801
0.060237
0.061201
0.061009
0.061045
