total_time:
0.015041
0.016912
0.016519
0.016944
0.016939
0.01707
0.017039
0.01746
0.017574
0.017529
0.02065
0.020555
0.020523
0.020482
0.020891
0.020436
0.020537
0.015611
0.017255
0.016445
0.017012
0.017468
0.017133
0.017577
0.017782
0.017588
0.019347
0.01523
0.0178
0.016362
0.016556
0.017137
0.0176
0.01695
0.017049
0.01729
0.016945
0.015922
0.017881
0.0174
0.017715
0.017846
0.017987
0.017811
0.018084
0.017962
0.018007
0.015035
0.014709
0.01447
0.014927
0.01505
0.015442
0.015094
0.015002
0.0154
0.017097
0.01666
0.016052
0.016273
0.016284
0.016412
0.016547
0.016468
0.016876
0.016642
0.013463
0.015234
0.014429
0.015366
0.015481
0.015956
0.015981
0.01623
0.015908
0.015984
0.017421
0.01909
0.018745
0.019102
0.019478
0.019828
0.019805
0.020123
0.019906
0.020005
0.013692
0.016042
0.017437
0.018498
0.018347
0.017928
0.018014
0.018259
0.018097
0.017989
