compile_opencl_time:
0.00238
0.002396
0.00233
0.002363
0.002365
0.00241
0.002448
0.002434
0.002346
0.002471
total_time:
0.815616
0.816931
0.817755
0.817352
0.817832
0.817921
0.817611
0.817213
0.818084
0.817695
0.81494
0.815857
0.816876
0.817213
0.817141
0.816975
0.816935
0.817086
0.816641
0.816938
0.817224
0.818591
0.819354
0.819279
0.819422
0.819442
0.819333
0.819288
0.819646
0.819362
0.815529
0.816802
0.81766
0.817695
0.817779
0.817979
0.817545
0.817647
0.817566
0.81744
0.815748
0.81738
0.817928
0.818331
0.818191
0.817926
0.817924
0.818331
0.818262
0.818155
0.817039
0.818155
0.819414
0.819305
0.819218
0.819599
0.819088
0.819323
0.819235
0.819236
0.815814
0.817008
0.818325
0.818072
0.818047
0.818119
0.817949
0.817886
0.818323
0.817721
0.814216
0.814822
0.816063
0.81631
0.81672
0.816503
0.816433
0.816778
0.817029
0.816438
0.816344
0.817498
0.818867
0.818411
0.818407
0.818479
0.818724
0.818914
0.818201
0.818884
0.817595
0.819293
0.820092
0.820062
0.819968
0.820407
0.820271
0.819842
0.82036
0.819914
