total_time:
0.097771
0.024157
0.024082
0.023587
0.023609
0.023591
0.023666
0.023629
0.023574
0.023600
0.098079
0.024441
0.024462
0.023990
0.024100
0.024009
0.023947
0.023965
0.023966
0.023938
0.095477
0.023736
0.023819
0.023408
0.023308
0.023299
0.023414
0.023337
0.023370
0.023358
0.094601
0.023153
0.023227
0.022821
0.022778
0.022701
0.022721
0.022768
0.022762
0.022729
0.096054
0.024577
0.024630
0.024110
0.024144
0.024180
0.024154
0.024054
0.024166
0.024121
0.096029
0.023184
0.023188
0.022745
0.022769
0.022709
0.022696
0.022736
0.022732
0.022741
0.095748
0.023684
0.023718
0.023463
0.023461
0.023401
0.023346
0.023397
0.023389
0.023359
0.103634
0.024194
0.024200
0.023834
0.023794
0.023764
0.023677
0.023772
0.023787
0.023781
0.098473
0.026335
0.026367
0.025797
0.025788
0.025878
0.025747
0.025891
0.025928
0.025835
0.098105
0.024714
0.024665
0.024243
0.024261
0.024256
0.024188
0.024237
0.024233
0.024243