total_time:
0.128200
0.057425
0.057322
0.056524
0.056825
0.057064
0.057039
0.056918
0.056919
0.057219
0.126828
0.056471
0.055646
0.055809
0.056011
0.056174
0.056051
0.056263
0.055805
0.056492
0.129356
0.057674
0.056948
0.057245
0.057000
0.057053
0.056952
0.056921
0.056598
0.056764
0.127190
0.056037
0.054990
0.054502
0.054804
0.055022
0.054931
0.054709
0.054808
0.054838
0.128805
0.057304
0.056991
0.056084
0.056438
0.056771
0.056077
0.056374
0.056136
0.056478
0.127837
0.055672
0.054885
0.054562
0.054644
0.054694
0.055012
0.054704
0.054995
0.055100
0.131397
0.056361
0.055479
0.055512
0.056062
0.055426
0.055602
0.055659
0.055153
0.055454
0.130669
0.057073
0.057302
0.057227
0.056928
0.056990
0.058129
0.056959
0.057270
0.057292
0.132403
0.058941
0.057851
0.058133
0.057864
0.058051
0.058087
0.057503
0.057977
0.057944
0.131580
0.059260
0.058870
0.058255
0.058603
0.058712
0.058296
0.058093
0.058325
0.058617