total_time:
0.007915
0.007060
0.006964
0.007148
0.007274
0.007327
0.007319
0.007354
0.007469
0.007383
0.007334
0.007417
0.007100
0.007529
0.007561
0.007593
0.007923
0.007797
0.007802
0.007860
0.008111
0.007025
0.005875
0.006302
0.006790
0.006930
0.007047
0.007136
0.007353
0.006913
0.007233
0.006488
0.005686
0.006006
0.006239
0.006381
0.006542
0.006536
0.006706
0.006704
0.007543
0.007523
0.007161
0.007777
0.007917
0.008150
0.007821
0.008081
0.008123
0.007957
0.006617
0.006301
0.005702
0.005999
0.006186
0.006385
0.006557
0.006509
0.006495
0.006501
0.006719
0.006593
0.006491
0.006921
0.006904
0.007070
0.007089
0.007150
0.007199
0.007177
0.007406
0.007119
0.006639
0.007044
0.007136
0.007288
0.007435
0.007475
0.007461
0.007461
0.008715
0.010324
0.010323
0.010021
0.010466
0.010299
0.010174
0.010350
0.010064
0.010088
0.008045
0.008409
0.008248
0.008450
0.008487
0.008552
0.008519
0.008538
0.008170
0.007951