select_time:
0.000008
0.000010
0.000011
0.000011
0.000011
0.000012
0.000012
0.000010
0.000013
0.000012

total_time:
0.008295
0.004034
0.003167
0.003156
0.003283
0.003426
0.003524
0.003585
0.003876
0.004084
0.007297
0.004982
0.003830
0.004009
0.003974
0.004016
0.004124
0.004135
0.004165
0.004345
0.006868
0.005190
0.003736
0.003745
0.003862
0.003942
0.004031
0.004054
0.004080
0.004334
0.005910
0.005159
0.003987
0.004008
0.004010
0.004041
0.004168
0.004161
0.004285
0.004351
0.006471
0.005749
0.004501
0.004582
0.004716
0.004711
0.004883
0.004907
0.004942
0.004960
0.006186
0.005662
0.004380
0.004379
0.004489
0.004563
0.004560
0.004606
0.004603
0.004770
0.006919
0.005729
0.004211
0.004248
0.004236
0.004402
0.004418
0.004422
0.004491
0.004636
0.007074
0.005650
0.004306
0.004355
0.004372
0.004525
0.004543
0.004577
0.004593
0.004795
0.006358
0.006018
0.004683
0.005003
0.005027
0.005057
0.005104
0.005236
0.005550
0.005567
0.007242
0.005626
0.004304
0.004353
0.004487
0.004481
0.004524
0.004565
0.004780
0.005015
