total_time:
0.048165
0.048258
0.047947
0.048079
0.048431
0.049821
0.048308
0.048555
0.0486
0.050056
0.046868
0.047302
0.047329
0.047554
0.048215
0.048421
0.048243
0.047673
0.047904
0.051095
0.045997
0.046902
0.047288
0.047648
0.048343
0.048484
0.045118
0.047931
0.044765
0.044681
0.044458
0.04474
0.047535
0.048465
0.047946
0.049156
0.047217
0.048158
0.047604
0.048826
0.048289
0.044757
0.048564
0.045041
0.045432
0.045843
0.045812
0.046113
0.046403
0.046574
0.047827
0.047474
0.048026
0.047402
0.048121
0.048417
0.048819
0.048539
0.048686
0.048276
0.047537
0.048239
0.048976
0.049322
0.048395
0.049467
0.04898
0.049491
0.05066
0.045774
0.047681
0.047788
0.048201
0.048033
0.048248
0.047121
0.048835
0.048864
0.045017
0.047612
0.0484
0.049219
0.04989
0.050101
0.04984
0.049823
