total_time:
1.222014
1.21301
1.244269
1.238374
1.217567
1.238618
1.216457
1.226125
1.268037
1.265166
1.278048
1.260811
1.244567
1.241317
1.228972
1.232856
1.281177
1.253078
1.253466
1.213239
1.23497
1.227044
1.207427
1.212859
1.216231
1.234794
1.219743
1.225168
1.203637
1.221939
1.228211
1.233369
1.222693
1.228184
1.226602
1.240022
1.231068
1.243319
1.232376
1.241639
1.244151
1.236632
1.226256
1.239855
1.256668
1.244962
1.235523
1.253182
1.262692
1.247283
1.253979
1.240652
1.239868
1.261277
1.267132
1.267249
1.271049
1.255893
1.263161
1.266792
1.258204
1.24421
1.289198
1.19822
1.218429
1.21912
1.2193
1.206049
1.212112
1.210924
1.214061
1.214667
1.248095
1.259426
1.24776
1.242977
1.255549
1.289489
1.263475
1.251752
1.240971
1.251214
1.228359
1.223999
1.229106
1.24992
1.230517
1.23077
1.230021
1.212135
