total_time:
4.35662
4.709402
4.680262
5.157957
5.127931
5.209883
5.140648
5.211821
5.132966
5.159138
4.999869
5.22132
5.049923
5.013454
5.003154
4.973662
5.018878
5.231822
4.599801
4.442367
5.256308
4.671945
4.556035
4.611452
4.933328
4.919457
4.778706
4.968787
4.921697
4.953932
4.918311
5.26912
5.238056
5.494723
4.998663
4.800002
5.539759
5.462432
5.578682
5.623385
4.55379
4.540543
4.494748
4.768729
4.648829
4.546055
4.561577
4.57165
4.793535
4.856156
5.15324
4.780339
4.791844
4.802285
4.805784
4.788237
4.801692
4.833829
4.934169
5.346316
5.012146
4.57237
4.545395
4.544514
5.050978
4.87923
4.465369
4.470822
4.447911
4.466587
4.728958
5.173706
5.133853
5.11995
5.115933
4.655585
4.667276
4.657453
4.818074
5.27228
5.13106
5.096842
5.303828
5.206658
5.141511
5.048242
4.661424
5.039955
5.274483
5.269968
5.176882
5.010266
4.974348
4.966749
4.830205
4.796578
4.959283
4.971191
4.981783
4.774309
