total_time:
0.233478
0.160085
0.153075
0.154276
0.152504
0.153685
0.154035
0.152705
0.153187
0.153129
0.232890
0.157911
0.157521
0.157785
0.157560
0.157532
0.157299
0.158001
0.157341
0.157053
0.232884
0.157216
0.156904
0.155942
0.157019
0.157147
0.156280
0.156822
0.156489
0.156307
0.237734
0.158606
0.156252
0.156314
0.155277
0.155654
0.155344
0.155863
0.155104
0.155995
0.233871
0.151670
0.151506
0.151667
0.151556
0.152075
0.151916
0.152270
0.151791
0.152233
0.229855
0.156484
0.157508
0.156017
0.155766
0.155888
0.156874
0.156592
0.155960
0.156062
0.229676
0.152103
0.151903
0.151325
0.151996
0.151717
0.152298
0.151715
0.151796
0.152044
0.230062
0.154300
0.153681
0.153722
0.153280
0.154035
0.154634
0.153802
0.154118
0.154115
0.229472
0.154056
0.152381
0.151846
0.151938
0.151585
0.152409
0.152550
0.152970
0.152691
0.226446
0.151789
0.153594
0.154938
0.155015
0.153241
0.153841
0.153153
0.151312
0.155035