total_time:
0.153923
0.071012
0.071023
0.070329
0.070192
0.070284
0.070291
0.070171
0.070387
0.070310
0.144107
0.070558
0.070686
0.069967
0.069857
0.069985
0.069891
0.069917
0.070072
0.070012
0.142097
0.070686
0.070672
0.070092
0.070052
0.070067
0.070088
0.070005
0.070021
0.070143
0.142094
0.070727
0.070787
0.070154
0.070046
0.070073
0.070243
0.069940
0.070110
0.070127
0.150554
0.070809
0.070906
0.070142
0.070131
0.070270
0.070101
0.070148
0.070291
0.070238
0.147572
0.070613
0.070724
0.069949
0.070027
0.070161
0.069942
0.069973
0.070034
0.070090
0.142653
0.070825
0.070731
0.070051
0.070157
0.069983
0.070149
0.070090
0.070100
0.070171
0.142470
0.070675
0.070687
0.070031
0.070138
0.069931
0.070027
0.069949
0.069586
0.069685
0.142646
0.070701
0.070419
0.069781
0.071235
0.070916
0.071150
0.071227
0.070879
0.070976
0.145182
0.070868
0.071385
0.070055
0.070147
0.070168
0.070214
0.070188
0.070058
0.070214