compile_opencl_time:
0.002327
0.002404
0.002349
0.002343
0.002287
0.002440
0.002410
0.002309
0.002294
0.002337
total_time:
0.066427
0.065753
0.065056
0.064985
0.065031
0.064983
0.065003
0.064841
0.064964
0.064884
0.066597
0.065941
0.065262
0.065165
0.065169
0.065103
0.065139
0.065206
0.065204
0.065194
0.066324
0.065637
0.064942
0.064950
0.064869
0.064844
0.064936
0.064978
0.064930
0.064919
0.066028
0.065571
0.064804
0.064783
0.064702
0.064689
0.064665
0.064718
0.064686
0.064717
0.066161
0.065609
0.064808
0.064832
0.064848
0.064913
0.064778
0.064895
0.064864
0.064804
0.066504
0.065823
0.065056
0.064931
0.064834
0.064991
0.064970
0.064924
0.064966
0.064895
0.066365
0.065612
0.064793
0.064816
0.064837
0.064732
0.064753
0.064856
0.064854
0.064794
0.066397
0.065919
0.065109
0.065155
0.065030
0.065115
0.065100
0.065133
0.065114
0.065005
0.066247
0.065651
0.064912
0.064913
0.064900
0.064809
0.064810
0.064844
0.064828
0.064849
0.066334
0.065661
0.064900
0.064894
0.064998
0.064865
0.064876
0.064874
0.064893
0.064930