total_time:
0.172838
0.172788
0.171100
0.171554
0.170536
0.171484
0.171620
0.170486
0.170283
0.171054
0.170723
0.169910
0.169328
0.169323
0.168931
0.168206
0.168440
0.168853
0.168987
0.169250
0.173794
0.172611
0.171141
0.172150
0.172249
0.171941
0.171930
0.170532
0.171200
0.170495
0.174839
0.174318
0.172620
0.173621
0.171859
0.173362
0.172605
0.174111
0.172518
0.173967
0.171728
0.170895
0.169833
0.170439
0.169374
0.169236
0.168702
0.169912
0.169730
0.169467
0.173171
0.171670
0.170499
0.169907
0.171321
0.170863
0.170313
0.170755
0.170366
0.170274
0.173344
0.171633
0.169778
0.170943
0.170764
0.169933
0.170983
0.169434
0.170154
0.170749
0.173090
0.171473
0.171238
0.171761
0.172081
0.173256
0.171844
0.171362
0.171629
0.170367
0.173101
0.172438
0.169782
0.172158
0.170156
0.171331
0.170977
0.171248
0.171295
0.171861
0.174838
0.173708
0.171959
0.173846
0.174032
0.174712
0.174064
0.173272
0.173770
0.173853