total_time:
0.084556
0.008467
0.008224
0.008150
0.008125
0.008128
0.008021
0.008572
0.008097
0.007938
0.084411
0.009378
0.008717
0.009190
0.008230
0.008854
0.008474
0.008817
0.008907
0.009018
0.084022
0.009193
0.009110
0.009137
0.009211
0.009142
0.009089
0.008566
0.008512
0.009327
0.084260
0.009605
0.009373
0.008704
0.008693
0.008699
0.009063
0.009382
0.008938
0.009281
0.086915
0.009024
0.008529
0.009041
0.009104
0.008962
0.009086
0.008361
0.008701
0.008960
0.083726
0.007746
0.007570
0.007743
0.007351
0.007667
0.007549
0.007622
0.007144
0.007174
0.085307
0.009036
0.008883
0.008964
0.008915
0.008748
0.008954
0.008904
0.008773
0.008806
0.084884
0.008277
0.008218
0.008230
0.007855
0.007691
0.007754
0.007687
0.007674
0.007671
0.085589
0.009305
0.009132
0.009023
0.008872
0.008653
0.008779
0.008816
0.008756
0.008741
0.085458
0.008737
0.008437
0.008760
0.008672
0.008471
0.008435
0.008471
0.008537
0.008653