select_time:
0.000011
0.000011
0.000011
0.000009
0.000009
0.000009
0.000008
0.000009
0.000008
0.000009

total_time:
0.003129
0.002989
0.002458
0.002460
0.002449
0.002516
0.002569
0.002572
0.002692
0.002677
0.003406
0.003147
0.002491
0.002487
0.002495
0.002506
0.002576
0.071885
0.152999
0.147997
0.004620
0.004439
0.002135
0.002135
0.002137
0.002150
0.002150
0.002166
0.002167
0.002198
0.003395
0.002943
0.002348
0.002348
0.002353
0.002348
0.002402
0.002439
0.002421
0.002443
0.003018
0.002712
0.002101
0.002250
0.002249
0.002284
0.002322
0.002326
0.002338
0.002339
0.002901
0.002569
0.002105
0.002161
0.002164
0.002171
0.002172
0.002224
0.002251
0.002254
0.003087
0.002796
0.002187
0.002212
0.002199
0.002253
0.002279
0.002282
0.002290
0.002294
0.003074
0.002736
0.002127
0.002130
0.002221
0.002343
0.002355
0.002367
0.002366
0.002414
0.003208
0.003026
0.002406
0.002395
0.002482
0.002480
0.002483
0.002494
0.002490
0.002500
0.003091
0.002867
0.002203
0.002197
0.002271
0.073974
0.157010
0.137009
0.148012
0.138992
