compile_opencl_time:
0.068615
0.068056
0.068277
0.069253
0.068738
0.068922
0.068079
0.06834
total_time:
0.00188
0.001357
0.001276
0.001143
0.001159
0.001134
0.001108
0.001152
0.001174
0.001207
0.001454
0.00168
0.001136
0.00118
0.001237
0.001177
0.001131
0.001132
0.001196
0.001728
0.001249
0.001205
0.001157
0.001151
0.001128
0.001133
0.001142
0.001144
0.001116
0.001369
0.001326
0.001365
0.001344
0.001327
0.001326
0.001297
0.001308
0.0013
0.001333
0.001164
0.00114
0.001133
0.001094
0.001173
0.001162
0.001118
0.00116
0.001587
0.001285
0.001222
0.001241
0.001201
0.001201
0.001192
0.001257
0.001253
0.001304
0.001854
0.001546
0.001513
0.001485
0.001507
0.001431
0.001468
0.00149
0.001399
0.001404
0.001915
0.001542
0.001397
0.001337
0.001408
0.001395
0.00148
0.001344
0.00141
0.001507
0.001485
0.00149
0.001443
0.001506
0.001522
0.00153
0.001566
0.001481
0.001835
0.001391
0.001308
0.001274
0.001217
0.001238
0.00128
0.001263
0.001235
0.001229
