compile_opencl_time:
0.073030
0.074290
0.079360
0.074135
0.073358
0.073777
0.075353
0.075026
0.073660
0.079494
total_time:
0.002260
0.001381
0.001331
0.001294
0.001295
0.001315
0.001192
0.001233
0.001149
0.001213
0.002102
0.001388
0.001552
0.001646
0.001581
0.001341
0.001266
0.001303
0.001628
0.001363
0.001965
0.001830
0.001462
0.001421
0.001388
0.001309
0.001279
0.001273
0.001262
0.001321
0.001668
0.001413
0.001299
0.001333
0.001210
0.001294
0.001305
0.001346
0.001303
0.001254
0.001478
0.001225
0.001223
0.001168
0.001207
0.001172
0.001104
0.001135
0.001144
0.001170
0.001470
0.001235
0.001250
0.001109
0.001155
0.001134
0.001192
0.001201
0.001158
0.001128
0.004543
0.001528
0.001348
0.001372
0.001243
0.001211
0.001219
0.001343
0.001239
0.001253
0.002472
0.001628
0.001412
0.001344
0.001355
0.001376
0.001351
0.001369
0.001358
0.001345
0.001694
0.001248
0.001258
0.001245
0.001165
0.001237
0.001181
0.001187
0.001247
0.001241
0.001508
0.001427
0.001369
0.001333
0.001209
0.001234
0.001290
0.001280
0.001232
0.001291