total_time:
0.171442
0.095204
0.094881
0.094833
0.095437
0.095325
0.094975
0.095676
0.095434
0.095253
0.168621
0.096021
0.095890
0.096020
0.096482
0.095901
0.095985
0.096180
0.096103
0.096070
0.169187
0.094321
0.093910
0.092890
0.093676
0.092999
0.092908
0.093180
0.092947
0.092884
0.170229
0.094710
0.094674
0.094335
0.094719
0.094494
0.093976
0.094056
0.094569
0.094699
0.171842
0.095272
0.095065
0.094293
0.094528
0.094550
0.094334
0.094551
0.094460
0.094687
0.170402
0.094889
0.095253
0.095454
0.095275
0.094679
0.094826
0.095470
0.095344
0.094550
0.169313
0.096476
0.093927
0.094018
0.093777
0.093546
0.093992
0.093210
0.093538
0.093678
0.168635
0.096039
0.096309
0.095609
0.095930
0.095940
0.095815
0.095660
0.095744
0.095955
0.174883
0.092408
0.092468
0.092961
0.092825
0.093172
0.092950
0.093498
0.092999
0.093524
0.184839
0.097832
0.096002
0.095676
0.097419
0.097687
0.095961
0.096817
0.095945
0.097013