total_time:
0.119440
0.043228
0.042779
0.042731
0.042854
0.042796
0.042819
0.042781
0.042703
0.042749
0.114770
0.043241
0.042750
0.042784
0.042808
0.042782
0.042834
0.042771
0.042852
0.042769
0.132605
0.043182
0.042802
0.042750
0.042696
0.042780
0.042746
0.042749
0.042761
0.042704
0.117581
0.042961
0.042470
0.042484
0.042456
0.042449
0.042517
0.042430
0.042446
0.042409
0.121318
0.043349
0.042835
0.042921
0.042920
0.042898
0.042813
0.042927
0.042853
0.042847
0.114857
0.042924
0.042498
0.042482
0.042415
0.042487
0.042432
0.042450
0.042496
0.042396
0.117196
0.043043
0.042525
0.042864
0.042538
0.042552
0.042617
0.042494
0.042705
0.042542
0.115728
0.043070
0.042537
0.042558
0.042564
0.042533
0.042635
0.042497
0.042551
0.042522
0.120484
0.043376
0.042625
0.042621
0.042609
0.042696
0.042669
0.042699
0.042690
0.042596
0.118289
0.043402
0.043013
0.042995
0.042993
0.043145
0.042750
0.042737
0.042656
0.042747