total_time:
5.130621
5.039380
5.033918
5.029027
5.028518
5.027924
5.028897
5.030092
5.029256
5.028355
4.877754
4.785388
4.781310
4.780227
4.780299
4.780895
4.780015
4.779098
4.779642
4.780809
4.975921
4.884424
4.878647
4.878178
4.877719
4.876998
4.878375
4.878885
4.877904
4.877375
4.960469
4.870002
4.863379
4.863697
4.862864
4.864672
4.863852
4.864266
4.864526
4.865152
5.240755
5.146240
5.142250
5.142553
5.142400
5.140523
5.141926
5.143134
5.143170
5.143646
5.004037
4.911167
4.903224
4.902378
4.905477
4.906319
4.905286
4.905220
4.906154
4.906249
4.913746
4.819457
4.815612
4.812156
4.814711
4.814323
4.813212
4.811637
4.812803
4.812398
5.097889
5.005763
5.001266
4.998565
4.998291
4.997297
4.997057
4.997636
4.996994
4.998537
4.960194
4.867345
4.860591
4.860957
4.859825
4.860274
4.860123
4.863019
4.862092
4.862101
5.010361
4.917868
4.911927
4.914233
4.915539
4.915074
4.915599
4.914151
4.915254
4.914821