select_time:
0.000010
0.000008
0.000010
0.000010
0.000009
0.000012
0.000010
0.000009
0.000010
0.000010

total_time:
1.106918
0.986543
0.982676
0.984043
0.985713
0.984629
0.986331
0.985653
0.984640
0.985817
1.015063
0.943598
0.937863
0.938524
0.939229
0.939196
0.938045
0.938770
0.939044
0.939261
1.043870
0.975462
0.969135
0.970270
0.970734
0.971037
0.972666
0.973243
0.972538
0.972946
1.057588
0.980743
0.976085
0.976311
0.976736
0.977136
0.977150
0.977058
0.976100
0.976579
1.088246
1.014983
1.011763
1.013051
1.014040
1.013604
1.013749
1.013078
1.013083
1.013336
1.062397
0.986888
0.982075
0.981861
0.982831
0.981381
0.982772
0.981576
0.982034
0.983047
1.043343
0.969132
0.964976
0.964113
0.963773
0.965092
0.965586
0.970423
0.969484
0.968882
1.067871
0.997180
0.991611
0.989701
0.989080
0.987505
0.989525
0.990572
0.989823
0.988802
1.065515
0.993172
0.987666
0.987047
0.986503
0.986480
0.988084
0.987102
0.987329
0.987338
1.055787
0.984746
0.979811
0.978337
0.978763
0.980801
0.979744
0.978922
0.977986
0.978124
