compile_opencl_time:
0.068345
0.06902
0.069302
0.069925
0.067974
0.067548
0.068131
0.067957
0.068076
0.068169
total_time:
0.003374
0.003544
0.002693
0.002645
0.002659
0.002864
0.002648
0.002611
0.003007
0.002704
0.003128
0.002611
0.002441
0.003154
0.00333
0.002414
0.002472
0.002457
0.002453
0.00244
0.003648
0.003135
0.002711
0.002922
0.002745
0.002724
0.002782
0.002741
0.002745
0.002834
0.002661
0.002712
0.00249
0.002461
0.003142
0.002872
0.002458
0.00249
0.002462
0.003065
0.002659
0.002583
0.002511
0.002467
0.002513
0.002517
0.002595
0.002555
0.002571
0.00325
0.003257
0.003029
0.003057
0.0031
0.00334
0.003499
0.003196
0.003091
0.003915
0.003909
0.003673
0.003193
0.002558
0.002615
0.002573
0.002549
0.002675
0.003575
0.002799
0.002691
0.003031
0.002747
0.002956
0.002855
0.003446
0.002853
0.002799
0.003323
0.002551
0.00281
0.003044
0.00314
0.002412
0.002297
0.002796
0.002933
0.002993
0.003228
0.003171
0.003074
0.003082
0.003093
0.003048
0.003035
0.003176
0.003155
