compile_opencl_time:
0.117136
0.117302
0.117128
0.116404
0.11704
0.119654
0.119787
0.114041
0.119226
0.116345
total_time:
0.004227
0.004585
0.003934
0.003965
0.003838
0.003918
0.003773
0.003844
0.003849
0.005533
0.003821
0.003597
0.003502
0.003409
0.003366
0.003424
0.003323
0.003437
0.00332
0.004198
0.004169
0.00423
0.004232
0.004188
0.003996
0.003928
0.004108
0.004311
0.003732
0.003566
0.003964
0.004017
0.003827
0.003734
0.0038
0.003786
0.003789
0.005597
0.003967
0.003779
0.003824
0.00385
0.003787
0.003669
0.003485
0.003582
0.003626
0.005142
0.004719
0.00468
0.004576
0.004408
0.004594
0.004506
0.004584
0.004484
0.004359
0.003986
0.003925
0.004067
0.003627
0.003602
0.003494
0.003775
0.0036
0.004625
0.004212
0.004372
0.004193
0.00419
0.0042
0.004133
0.004169
0.004156
0.004092
0.003564
0.003585
0.003352
0.003484
0.003499
0.003328
0.003305
0.003373
0.004843
0.004886
0.004875
0.004534
0.004367
0.004504
0.004418
0.004466
0.0043
