total_time:
0.00244
0.002408
0.002535
0.002409
0.002375
0.002487
0.002418
0.002989
0.002678
0.002709
0.00277
0.002514
0.002693
0.002714
0.002732
0.002076
0.002712
0.002644
0.002875
0.003095
0.002804
0.002681
0.00267
0.002531
0.002439
0.002427
0.002745
0.002899
0.002625
0.002672
0.002681
0.002438
0.002741
0.002417
0.002522
0.002409
0.003516
0.003404
0.002656
0.002773
0.00278
0.002549
0.002861
0.002557
0.002764
0.003444
0.003339
0.003455
0.003511
0.003483
0.003434
0.003471
0.003394
0.002635
0.003066
0.003038
0.003058
0.003108
0.003193
0.002865
0.002993
0.002192
0.002594
0.002987
0.002905
0.002593
0.003003
0.00298
0.002687
0.002997
0.002935
0.002382
0.003084
0.00297
0.0022
0.003074
0.003022
0.003058
0.002101
0.002682
0.001958
0.00321
0.003123
0.002557
0.002441
0.002657
0.002439
0.002751
0.002767
0.002497
