total_time:
0.00087
0.000862
0.000859
0.000871
0.000874
0.000862
0.00086
0.000906
0.000861
0.0008
0.000812
0.000793
0.000799
0.000788
0.000789
0.000775
0.000794
0.000777
0.000948
0.000963
0.000961
0.000933
0.000923
0.000928
0.000923
0.000915
0.000933
0.000867
0.00086
0.000855
0.000894
0.000861
0.000906
0.000862
0.000868
0.00087
0.001043
0.001002
0.001003
0.000999
0.000992
0.000996
0.000989
0.000995
0.001001
0.000867
0.000859
0.000857
0.000877
0.000862
0.000867
0.000855
0.000869
0.000912
0.000798
0.000789
0.000786
0.000825
0.000799
0.000784
0.000784
0.000796
0.000781
0.000909
0.000868
0.00086
0.000878
0.000874
0.000861
0.000853
0.000878
0.000871
0.000813
0.000794
0.000792
0.000806
0.000836
0.000807
0.000767
0.0008
0.000791
0.000893
0.000863
0.000856
0.000874
0.000862
0.000865
0.000858
0.000871
0.000866
