compile_opencl_time:
0.071093
0.074148
0.07358
0.073279
0.072333
0.072394
0.072092
0.072975
0.073331
0.071241
total_time:
0.00254
0.001883
0.002016
0.00197
0.002109
0.001736
0.001811
0.001742
0.001765
0.001812
0.002605
0.002054
0.002162
0.001778
0.002638
0.002231
0.001585
0.001622
0.001644
0.001785
0.0022
0.001903
0.001816
0.001715
0.001652
0.001728
0.001668
0.001737
0.00176
0.002599
0.002072
0.002327
0.001721
0.001828
0.001832
0.002345
0.002266
0.002392
0.001741
0.002617
0.002193
0.002467
0.002267
0.00209
0.002033
0.001978
0.001681
0.001907
0.00232
0.002289
0.00258
0.001739
0.001671
0.001791
0.001701
0.00165
0.001688
0.001661
0.001656
0.00265
0.002164
0.001761
0.001762
0.001815
0.00174
0.001784
0.00166
0.001739
0.001738
0.002354
0.001962
0.001773
0.001884
0.001786
0.001831
0.001787
0.001731
0.001781
0.001754
0.001895
0.002122
0.002517
0.001672
0.001742
0.001729
0.001624
0.001809
0.002207
0.00277
0.002134
0.00208
0.002063
0.002319
0.001885
0.001974
0.001648
0.001634
0.001603
