total_time:
0.082916
0.002822
0.002751
0.002747
0.002743
0.002746
0.002746
0.002748
0.002778
0.002745
0.077733
0.002845
0.002752
0.002742
0.002745
0.002744
0.002776
0.002770
0.002739
0.002755
0.085115
0.002864
0.002788
0.002794
0.002784
0.002786
0.002784
0.002785
0.002780
0.002781
0.078565
0.002826
0.002744
0.002748
0.002758
0.002741
0.002736
0.002737
0.002752
0.002735
0.082857
0.002844
0.002783
0.002779
0.002772
0.002777
0.002770
0.002773
0.002784
0.002811
0.081008
0.002833
0.002744
0.002745
0.002749
0.002747
0.002743
0.002741
0.002758
0.002757
0.086311
0.002829
0.002777
0.002758
0.002755
0.002760
0.002757
0.002782
0.002766
0.002758
0.083787
0.002840
0.002778
0.002776
0.002774
0.002790
0.002819
0.002830
0.002769
0.002769
0.079369
0.002827
0.002800
0.002755
0.002751
0.002754
0.002804
0.002747
0.002780
0.002762
0.082264
0.002827
0.002751
0.002770
0.002752
0.002769
0.002752
0.002775
0.002752
0.002749