total_time:
0.048231
0.048218
0.048212
0.048221
0.048217
0.048218
0.048209
0.048216
0.048247
0.048227
0.048225
0.048239
0.048232
0.048228
0.048208
0.048228
0.048259
0.048271
0.048261
0.048275
0.048265
0.04822
0.048233
0.048232
0.048418
0.048337
0.04834
0.048343
0.048352
0.048308
0.048303
0.048306
0.048281
0.048285
0.048272
0.048286
0.048284
0.04828
0.048273
0.04827
0.048312
0.048295
0.048251
0.048248
0.048307
0.048267
0.048353
0.048268
0.048379
0.04839
0.048354
0.048334
0.048402
0.04832
0.048452
0.048322
0.048309
0.048248
0.048249
0.048245
0.048288
0.048292
0.048257
0.048249
0.048468
0.04845
0.048441
0.048459
0.048444
0.04844
0.048446
0.048424
0.048419
0.048283
0.048268
0.048275
0.048259
0.048317
0.048265
0.048351
