total_time:
0.001628
0.001558
0.001556
0.001593
0.001568
0.001552
0.001554
0.001552
0.001554
0.001597
0.00156
0.001567
0.001562
0.001575
0.001561
0.001608
0.001557
0.001587
0.001634
0.0016
0.001598
0.001599
0.001593
0.001596
0.001598
0.001601
0.001601
0.001803
0.001784
0.001779
0.001785
0.001775
0.001777
0.001776
0.001774
0.001775
0.001702
0.001677
0.001683
0.001701
0.001678
0.001725
0.001716
0.001674
0.001675
0.001553
0.001526
0.001527
0.001515
0.001535
0.00152
0.001521
0.001523
0.001519
0.001604
0.001578
0.001577
0.001579
0.001617
0.001575
0.001606
0.001617
0.001577
0.001649
0.001625
0.001652
0.001666
0.001619
0.001626
0.001626
0.001645
0.001621
0.001787
0.001718
0.001718
0.001716
0.001721
0.001719
0.00172
0.001719
0.001721
0.001592
0.001585
0.001536
0.001529
0.001532
0.00153
0.001532
0.00153
0.00153
