total_time:
0.006744
0.006833
0.006807
0.006647
0.006909
0.006603
0.006693
0.006407
0.006366
0.008479
0.008565
0.00817
0.008152
0.00824
0.008168
0.008091
0.008011
0.008056
0.007257
0.00734
0.00731
0.00725
0.007292
0.007212
0.00648
0.006648
0.00636
0.009246
0.00892
0.009599
0.009164
0.009416
0.00942
0.008896
0.009498
0.008947
0.007683
0.007342
0.007306
0.007174
0.007138
0.007321
0.007211
0.007237
0.007183
0.006431
0.006472
0.006455
0.006359
0.006262
0.006407
0.00618
0.006173
0.006423
0.007953
0.00759
0.008031
0.007947
0.007935
0.007921
0.007935
0.00815
0.007992
0.007471
0.007154
0.007058
0.006711
0.006856
0.006651
0.006912
0.006978
0.006939
0.008253
0.008161
0.008068
0.008289
0.008388
0.008274
0.00816
0.008299
0.008105
0.007763
0.007862
0.007929
0.007822
0.007594
0.007634
0.007745
0.007472
0.007447
