total_time:
0.671256
0.670027
0.664247
0.666304
0.667217
0.663757
0.664865
0.666842
0.664456
0.660559
0.659698
0.65959
0.668963
0.672595
0.66419
0.667427
0.666122
0.661085
0.662174
0.663043
0.662835
0.663646
0.663212
0.676687
0.669443
0.664658
0.671713
0.661047
0.660634
0.661188
0.660949
0.670219
0.667059
0.660992
0.665829
0.666412
0.663161
0.672448
0.671348
0.66583
0.6754
0.678105
0.668563
0.675859
0.672307
0.660227
0.660431
0.660062
0.660659
0.659815
0.660549
0.661434
0.66516
0.669588
0.661474
0.668938
0.667644
0.662647
0.668938
0.668288
0.665478
0.670776
0.666661
0.661822
0.66033
0.660679
0.665211
0.666133
0.662037
0.663945
0.665703
0.663138
0.659509
0.659392
0.659813
0.668136
0.668661
0.661459
0.659472
0.659577
0.659884
0.662734
0.665417
0.661264
0.660889
0.663431
0.66349
0.664862
0.663383
0.665294
