total_time:
1.570015
1.49206
1.4992
1.495378
1.502063
1.491656
1.493254
1.492844
1.50243
1.50056
1.533488
1.540914
1.527041
1.528449
1.531473
1.535319
1.533962
1.535899
1.531442
1.517174
1.513764
1.521128
1.520277
1.527586
1.5134
1.522593
1.522271
1.520449
1.578383
1.495245
1.49896
1.500268
1.506242
1.508123
1.509903
1.503505
1.49882
1.508507
1.560384
1.502344
1.496195
1.494536
1.519153
1.506877
1.537438
1.538258
1.52606
1.549715
1.533955
1.519098
1.527653
1.519832
1.519536
1.524409
1.530267
1.521969
1.482457
1.555459
1.482016
1.486701
1.49151
1.485013
1.488152
1.485035
1.48633
1.477942
1.489443
1.572934
1.518951
1.490115
1.492366
1.554877
1.485286
1.495759
1.495646
1.503618
1.493874
1.540036
1.472639
1.477439
1.481772
1.474725
1.485731
1.475513
1.487446
1.483189
1.483295
1.558053
1.490042
1.491423
1.48681
1.489533
1.492014
1.49025
1.500032
1.49962
1.493133
