compile_opencl_time:
0.002098
0.002043
0.002044
0.002026
0.002133
0.002114
0.002048
0.002046
0.002103
0.002039
total_time:
0.012254
0.012252
0.012229
0.012252
0.012191
0.012224
0.012212
0.012201
0.012267
0.012214
0.011671
0.011735
0.011689
0.011662
0.011623
0.011645
0.011650
0.011670
0.011652
0.011629
0.011564
0.011533
0.011531
0.011516
0.011506
0.011529
0.011478
0.011500
0.011506
0.011514
0.010517
0.010511
0.010484
0.010486
0.010501
0.010462
0.010482
0.010446
0.010461
0.010507
0.012285
0.012256
0.012172
0.012164
0.012122
0.012202
0.012160
0.012154
0.012185
0.012174
0.011478
0.011501
0.011470
0.011420
0.011402
0.011420
0.011475
0.011388
0.011417
0.011392
0.012461
0.012476
0.012432
0.012415
0.012387
0.012431
0.012470
0.012411
0.012405
0.012447
0.011015
0.011027
0.010783
0.010772
0.010744
0.010764
0.010765
0.010736
0.010748
0.010760
0.012586
0.012513
0.012529
0.012587
0.012459
0.012505
0.012519
0.012480
0.012487
0.012583
0.010627
0.010641
0.010715
0.010631
0.010638
0.010621
0.010639
0.010585
0.010596
0.010616