total_time:
0.001338
0.000794
0.000785
0.000784
0.000775
0.000782
0.000779
0.000782
0.000777
0.000774
0.001275
0.000761
0.000758
0.000806
0.000764
0.000750
0.000775
0.000760
0.000759
0.000753
0.001298
0.000875
0.000873
0.000875
0.000855
0.000867
0.000851
0.000861
0.000850
0.000856
0.001181
0.000752
0.000668
0.000673
0.000673
0.000668
0.000685
0.000671
0.000674
0.000671
0.001472
0.000902
0.000954
0.000907
0.000897
0.000913
0.000899
0.000894
0.000894
0.000896
0.001361
0.000850
0.000852
0.000919
0.000846
0.000841
0.000840
0.000845
0.000853
0.000859
0.001345
0.000821
0.000812
0.000817
0.000812
0.000815
0.000839
0.000802
0.000805
0.000816
0.001127
0.000830
0.000810
0.000835
0.000801
0.000790
0.000794
0.000805
0.000836
0.000811
0.001215
0.000787
0.000787
0.000778
0.000777
0.000773
0.000796
0.000788
0.000782
0.000798
0.001044
0.000704
0.000696
0.000681
0.000691
0.000690
0.000697
0.000690
0.000689
0.000706