total_time:
7.9e-05
7.6e-05
7.3e-05
7.4e-05
7.5e-05
7.3e-05
7.4e-05
7.4e-05
7.4e-05
8.5e-05
8.4e-05
7.9e-05
7.8e-05
7.7e-05
7.6e-05
7.6e-05
7.7e-05
7.7e-05
8.3e-05
7.9e-05
9e-05
7.9e-05
7.7e-05
7.7e-05
7.6e-05
7.7e-05
7.6e-05
9.9e-05
8.1e-05
7.8e-05
7.8e-05
7.8e-05
7.7e-05
7.7e-05
7.8e-05
7.9e-05
0.000107
0.000102
9.9e-05
0.0001
9.9e-05
0.0001
9.9e-05
9.8e-05
7.6e-05
7.3e-05
7.2e-05
7.3e-05
8.4e-05
7.2e-05
7.3e-05
7.2e-05
7.2e-05
8.8e-05
9.8e-05
8.6e-05
8.6e-05
8.6e-05
8.4e-05
8.3e-05
8.2e-05
8.2e-05
8.4e-05
8.2e-05
8.1e-05
7.9e-05
7.8e-05
7.8e-05
7.7e-05
7.7e-05
7.7e-05
9e-05
8.9e-05
8.4e-05
8.4e-05
9.4e-05
8.1e-05
8.4e-05
8.3e-05
8.3e-05
8.6e-05
8.4e-05
8.2e-05
8.1e-05
8.2e-05
8.2e-05
8.1e-05
8.1e-05
0.000107
