compile_opencl_time:
0.14122
0.140471
0.140704
0.140631
0.141253
0.140786
0.139791
0.14141
total_time:
0.015227
0.015019
0.014973
0.014873
0.014774
0.014931
0.014782
0.014906
0.014732
0.014988
0.015006
0.015071
0.014604
0.015136
0.014554
0.014931
0.015048
0.015071
0.01508
0.014925
0.0148
0.014878
0.015137
0.014751
0.014828
0.015038
0.014748
0.015431
0.014703
0.015243
0.014699
0.014589
0.014686
0.014669
0.014664
0.014734
0.015183
0.014986
0.014854
0.015062
0.014768
0.014806
0.014859
0.014822
0.014752
0.014913
0.014879
0.014764
0.014748
0.014769
0.01462
0.014564
0.014653
0.014763
0.014999
0.014791
0.014732
0.014575
0.014564
0.014461
0.014537
0.014378
0.01467
0.014901
0.014899
0.014739
0.014871
0.01479
0.014635
0.014597
0.014664
0.014771
0.0152
0.014874
0.015068
0.014878
0.014766
0.01471
0.014635
0.014687
0.014807
0.015479
0.015105
0.015222
0.015249
0.015182
0.015091
0.015075
0.015168
0.015016
