total_time:
0.090633
0.090714
0.09087
0.091261
0.091309
0.090413
0.090453
0.090503
0.090526
0.089815
0.089309
0.089505
0.089294
0.088981
0.089028
0.08909
0.089512
0.089622
0.088343
0.086674
0.086382
0.086085
0.086573
0.086635
0.086527
0.086425
0.086043
0.090038
0.089179
0.089842
0.089689
0.089379
0.089567
0.089814
0.090156
0.089547
0.088506
0.088079
0.088084
0.088366
0.088886
0.088344
0.089344
0.088922
0.089621
0.091329
0.092429
0.087972
0.088523
0.088945
0.089059
0.08923
0.088851
0.0881
0.092248
0.089877
0.090363
0.089776
0.086407
0.086665
0.08665
0.087053
0.086373
0.090495
0.085705
0.08776
0.086491
0.086454
0.086492
0.086419
0.086184
0.086142
0.087702
0.087492
0.088075
0.08735
0.088219
0.087156
0.08755
0.088156
0.087712
0.08978
0.090048
0.090085
0.090492
0.090541
0.08982
0.090077
0.089301
0.090652
