total_time:
0.431311
0.429653
0.429839
0.429502
0.429635
0.429512
0.429763
0.429378
0.429638
0.431401
0.430347
0.430345
0.430189
0.43033
0.430386
0.43031
0.430476
0.430435
0.429027
0.427722
0.427682
0.427563
0.42745
0.427643
0.42771
0.42758
0.427454
0.429967
0.429036
0.429353
0.429179
0.429055
0.428861
0.429128
0.429119
0.429214
0.432483
0.431275
0.431479
0.43129
0.430986
0.431299
0.431392
0.431572
0.431417
0.431325
0.428866
0.428528
0.428311
0.428726
0.428709
0.428665
0.428937
0.428653
0.432455
0.429731
0.429665
0.429683
0.429467
0.429786
0.429826
0.429692
0.429639
0.431525
0.43001
0.430024
0.4303
0.429858
0.430142
0.430042
0.430137
0.430256
0.432448
0.431212
0.431243
0.43129
0.431622
0.431375
0.431372
0.4311
0.431113
0.429808
0.428377
0.428247
0.428473
0.428266
0.428372
0.428001
0.428403
0.428425
