total_time:
0.587189
0.592431
0.582053
0.578997
0.59093
0.577461
0.586192
0.592554
0.596613
0.584581
0.594288
0.597987
0.589878
0.59026
0.600906
0.588902
0.580312
0.589211
0.587567
0.580747
0.577965
0.594444
0.600917
0.588185
0.589779
0.600077
0.597321
0.596261
0.5889
0.586732
0.597741
0.585627
0.584308
0.585609
0.595489
0.585172
0.585973
0.582913
0.583469
0.583305
0.580691
0.58545
0.59213
0.593067
0.59748
0.593092
0.589588
0.588577
0.593844
0.58691
0.582044
0.587417
0.585769
0.585892
0.590578
0.584168
0.58279
0.58372
0.583789
0.580332
0.586555
0.597937
0.599533
0.58687
0.579853
0.578629
0.580194
0.577611
0.572874
0.588336
0.592506
0.590323
0.593693
0.587462
0.591818
0.594644
0.595447
0.584819
0.577284
0.580442
0.593223
0.590173
0.599381
0.589872
0.593028
0.591166
0.582838
0.580518
0.584237
0.577507
