compile_opencl_time:
0.082856
0.077553
0.07851
0.078504
0.083174
0.080043
0.07579
0.083724
0.079015
0.079497
total_time:
0.004819
0.00436
0.004153
0.004536
0.004306
0.003964
0.004082
0.003992
0.004041
0.004413
0.004024
0.004048
0.003945
0.003779
0.005151
0.004355
0.004419
0.004271
0.005253
0.004007
0.004948
0.003817
0.003848
0.004112
0.00461
0.004447
0.00487
0.003947
0.005499
0.004811
0.004062
0.003903
0.004429
0.004529
0.004054
0.004067
0.00409
0.004013
0.004934
0.004117
0.003877
0.004168
0.004633
0.004756
0.004098
0.004151
0.004882
0.005342
0.004058
0.003867
0.003812
0.004
0.004091
0.00396
0.004105
0.004608
0.00404
0.005388
0.004502
0.004227
0.00405
0.004089
0.004622
0.00517
0.004119
0.00427
0.005098
0.005466
0.005319
0.004364
0.004431
0.00507
0.004942
0.005264
0.004378
0.004445
0.005327
0.004359
0.003789
0.003809
0.004345
0.004024
0.004218
0.004447
0.003911
0.004216
0.005066
0.004651
0.003875
0.004036
0.003896
0.003947
0.003983
0.00398
0.003967
0.005114
