total_time:
0.016955
0.01587
0.01521
0.016638
0.016106
0.016578
0.017155
0.0165
0.016438
0.017013
0.017693
0.017168
0.018285
0.018125
0.017948
0.018497
0.018377
0.018636
0.017945
0.018456
0.016744
0.016811
0.015836
0.016263
0.01647
0.01694
0.016461
0.017398
0.016625
0.016737
0.017302
0.01735
0.017383
0.017522
0.017453
0.018077
0.018126
0.01889
0.016842
0.016185
0.016236
0.01605
0.016611
0.016994
0.01766
0.017654
0.018317
0.018531
0.016143
0.017439
0.01837
0.016476
0.015998
0.01666
0.016384
0.016698
0.01649
0.015168
0.016216
0.016176
0.017209
0.016552
0.016873
0.016577
0.017173
0.016772
0.01518
0.01516
0.016198
0.016464
0.016521
0.016644
0.017076
0.017161
0.017353
0.016338
0.016903
0.017448
0.017505
0.017512
0.017937
0.018025
0.017617
0.018165
0.01752
0.016288
0.016149
0.016536
0.017378
0.017092
0.016438
0.01711
0.01679
0.016683
