total_time:
0.002638
0.002269
0.002223
0.002283
0.002375
0.002557
0.002566
0.002634
0.002605
0.002786
0.002459
0.002111
0.002193
0.002359
0.002405
0.002544
0.002631
0.002729
0.002699
0.00302
0.002658
0.002141
0.002157
0.002143
0.00212
0.002119
0.002219
0.002347
0.002326
0.002845
0.002347
0.002014
0.002246
0.002219
0.002338
0.002344
0.002285
0.002393
0.002436
0.0028
0.00257
0.002188
0.002286
0.002469
0.002422
0.002396
0.002474
0.002556
0.002513
0.00283
0.002282
0.001978
0.002196
0.002181
0.002243
0.002204
0.002278
0.002394
0.002357
0.003146
0.002674
0.002212
0.002236
0.002229
0.002235
0.002334
0.002605
0.002527
0.002604
0.003116
0.002853
0.00235
0.002322
0.002424
0.002558
0.002637
0.002732
0.00277
0.002741
0.003026
0.002515
0.002091
0.002157
0.002392
0.002288
0.002403
0.002527
0.002451
0.002469
0.003006
0.002605
0.002227
0.002147
0.002172
0.002265
0.002275
0.002261
0.00237
0.002533
