total_time:
0.008937
0.008567
0.008534
0.008526
0.008526
0.008539
0.008548
0.008522
0.008541
0.009149
0.008785
0.008742
0.008742
0.008742
0.008744
0.008738
0.008733
0.008735
0.009064
0.008694
0.008653
0.00865
0.008656
0.008659
0.008634
0.008627
0.008625
0.009046
0.00867
0.008681
0.008667
0.008643
0.008651
0.008674
0.008621
0.008617
0.00892
0.008577
0.008549
0.008543
0.008623
0.008646
0.008555
0.008545
0.008531
0.008944
0.008632
0.008569
0.00856
0.008584
0.008572
0.008575
0.008552
0.008546
0.009214
0.008818
0.008838
0.008787
0.008794
0.008852
0.008793
0.00881
0.00881
0.009346
0.008984
0.008971
0.008967
0.009053
0.008956
0.008991
0.008954
0.008968
0.008897
0.00852
0.008501
0.008482
0.008495
0.008494
0.008486
0.008479
0.008479
0.009071
0.008716
0.008626
0.008677
0.008632
0.008667
0.008664
0.008623
0.008621
