compile_opencl_time:
0.0022
0.002315
0.002285
0.002149
0.002261
0.002367
0.002315
0.002355
0.002402
0.002328
total_time:
0.009278
0.008994
0.00894
0.008852
0.008861
0.008859
0.008865
0.008865
0.008869
0.008865
0.009542
0.009238
0.009184
0.009176
0.00917
0.009182
0.009175
0.009154
0.009158
0.009136
0.009434
0.009129
0.009076
0.009055
0.009048
0.009052
0.009056
0.009039
0.009032
0.009024
0.009442
0.009071
0.009065
0.009043
0.008996
0.009025
0.009048
0.009006
0.009009
0.008971
0.009286
0.008998
0.008937
0.008949
0.009391
0.009173
0.009054
0.008907
0.008887
0.00889
0.009446
0.009129
0.008983
0.00894
0.008941
0.008976
0.008955
0.008916
0.008991
0.00894
0.0093
0.009263
0.009232
0.009243
0.009219
0.009217
0.009217
0.009223
0.009214
0.009548
0.0095
0.009477
0.009483
0.009476
0.009487
0.009466
0.009472
0.009467
0.009254
0.008886
0.008847
0.008816
0.008818
0.008813
0.008818
0.008838
0.008823
0.008812
0.009375
0.009087
0.009033
0.009
0.009008
0.009007
0.008993
0.00899
0.008993
0.008966
