total_time:
0.002283
0.002225
0.002224
0.00223
0.002237
0.002242
0.002234
0.002244
0.002232
0.002427
0.002353
0.002352
0.002341
0.002333
0.002351
0.002357
0.002361
0.002364
0.002497
0.002456
0.002434
0.002433
0.00244
0.002452
0.002451
0.002457
0.002453
0.002101
0.002152
0.002059
0.002061
0.002069
0.002076
0.002065
0.002063
0.002069
0.002594
0.002599
0.00263
0.002618
0.002661
0.002587
0.00263
0.002632
0.002584
0.002461
0.002388
0.002383
0.002374
0.002383
0.002391
0.002387
0.00238
0.00239
0.001949
0.001903
0.001928
0.001898
0.001903
0.001905
0.001907
0.001922
0.001924
0.002509
0.002519
0.002514
0.00253
0.002505
0.002607
0.002505
0.002551
0.00261
0.002523
0.002462
0.002506
0.002434
0.002669
0.002478
0.002453
0.002468
0.002434
0.002346
0.002395
0.002322
0.002332
0.002321
0.002335
0.002326
0.002332
0.002335
