total_time:
0.008517
0.007889
0.007207
0.006407
0.006872
0.006349
0.006971
0.006607
0.007351
0.006895
0.008011
0.006953
0.008018
0.007729
0.006516
0.007738
0.007883
0.006881
0.010135
0.008138
0.007789
0.007415
0.007542
0.00799
0.007852
0.007954
0.008112
0.006929
0.007186
0.007049
0.006532
0.007314
0.006887
0.006652
0.006991
0.006771
0.008874
0.008311
0.007969
0.008563
0.008296
0.007887
0.007355
0.008482
0.007957
0.009017
0.007045
0.007912
0.00836
0.007528
0.007129
0.008661
0.007868
0.00806
0.006258
0.00625
0.007016
0.005754
0.006476
0.006223
0.006599
0.006212
0.006679
0.007468
0.008376
0.007977
0.008473
0.0082
0.008655
0.008252
0.008695
0.00877
0.007969
0.00788
0.007712
0.007977
0.007743
0.007659
0.006577
0.008164
0.007863
0.008287
0.008037
0.008283
0.007757
0.008002
0.006842
0.007956
0.007802
0.006697
