compile_opencl_time:
0.12353
0.123484
0.123521
0.123214
0.124227
0.121971
0.122042
0.122309
total_time:
0.00232
0.00224
0.002225
0.00218
0.00218
0.002214
0.002209
0.002206
0.002207
0.002444
0.002463
0.00236
0.002333
0.002296
0.002289
0.002268
0.002295
0.002351
0.002423
0.002379
0.002399
0.00244
0.002444
0.002416
0.002402
0.002687
0.00247
0.002301
0.002098
0.00222
0.002147
0.002147
0.002186
0.002219
0.002259
0.00218
0.002539
0.002481
0.002538
0.002478
0.002502
0.002463
0.002548
0.002439
0.002472
0.002438
0.002471
0.002404
0.002392
0.002369
0.002365
0.002419
0.002353
0.002383
0.002644
0.002067
0.002053
0.002005
0.002033
0.002607
0.002578
0.002475
0.002485
0.002468
0.002435
0.002584
0.002469
0.00249
0.002451
0.002406
0.002387
0.002427
0.002421
0.0024
0.002478
0.002452
0.002444
0.002326
0.002323
0.002342
0.002323
0.002299
0.002284
0.002338
0.002294
0.00229
