total_time:
0.0233
0.023296
0.02328
0.023295
0.023274
0.023282
0.023284
0.023284
0.023323
0.023293
0.023309
0.023294
0.023282
0.023293
0.023285
0.023285
0.023296
0.023286
0.02327
0.023273
0.023258
0.023256
0.023263
0.023261
0.023336
0.023315
0.023316
0.023313
0.023325
0.023299
0.023285
0.023293
0.023291
0.023283
0.023285
0.023273
0.023272
0.023274
0.023257
0.023258
0.023291
0.023275
0.023273
0.023254
0.023262
0.023268
0.023268
0.023254
0.023308
0.023304
0.023287
0.023279
0.023273
0.023271
0.023281
0.023272
0.023351
0.023319
0.023299
0.023306
0.023287
0.023288
0.023296
0.023303
0.023323
0.023374
0.023291
0.023309
0.023277
0.023318
0.02326
0.023261
0.023295
0.023317
0.023327
0.023276
0.02326
0.023261
0.023365
0.02336
