total_time:
0.080459
0.001214
0.001202
0.001194
0.001190
0.001194
0.001194
0.001189
0.001184
0.001190
0.073462
0.001196
0.001208
0.001173
0.001217
0.001171
0.001179
0.001177
0.001173
0.001173
0.077855
0.001216
0.001204
0.001195
0.001194
0.001188
0.001187
0.001181
0.001188
0.001186
0.074301
0.001223
0.001178
0.001177
0.001171
0.001173
0.001173
0.001167
0.001165
0.001165
0.070551
0.001194
0.001180
0.001174
0.001166
0.001162
0.001165
0.001191
0.001161
0.001164
0.076261
0.001206
0.001184
0.001180
0.001188
0.001185
0.001178
0.001184
0.001183
0.001188
0.080168
0.001255
0.001191
0.001193
0.001189
0.001189
0.001191
0.001190
0.001186
0.001188
0.079780
0.001219
0.001202
0.001264
0.001242
0.001199
0.001202
0.001197
0.001192
0.001198
0.075258
0.001250
0.001201
0.001189
0.001184
0.001186
0.001193
0.001193
0.001180
0.001206
0.075500
0.001237
0.001206
0.001202
0.001198
0.001187
0.001197
0.001188
0.001189
0.001196