total_time:
0.073596
0.002421
0.002444
0.002440
0.002428
0.002434
0.002425
0.002482
0.002428
0.002456
0.073988
0.002460
0.002464
0.002473
0.002462
0.002500
0.002480
0.002488
0.002497
0.002490
0.076216
0.002372
0.002354
0.002573
0.002446
0.002445
0.002426
0.002469
0.002457
0.002447
0.076053
0.002485
0.002466
0.002458
0.002489
0.002493
0.002491
0.002488
0.002503
0.002510
0.072023
0.002436
0.002411
0.002397
0.002421
0.002435
0.002400
0.002463
0.002446
0.002448
0.073870
0.002438
0.002417
0.002411
0.002413
0.002400
0.002412
0.002441
0.002430
0.002430
0.077732
0.002448
0.002436
0.002474
0.002490
0.002454
0.002433
0.002467
0.002438
0.002442
0.076783
0.002440
0.002419
0.002472
0.002427
0.002429
0.002444
0.002533
0.002451
0.002469
0.078184
0.002485
0.002456
0.002451
0.002450
0.002458
0.002444
0.002475
0.002477
0.002457
0.077787
0.002486
0.002479
0.002493
0.002446
0.002480
0.002458
0.002491
0.002537
0.002503