compile_opencl_time:
0.075510
0.075473
0.077633
0.075111
0.074114
0.075491
0.074439
0.075329
0.076032
0.078746
total_time:
0.001738
0.001448
0.001342
0.001277
0.001246
0.001266
0.001267
0.001323
0.001284
0.001309
0.001784
0.001917
0.001713
0.001428
0.001295
0.001325
0.001373
0.001390
0.001314
0.001404
0.002036
0.002205
0.001747
0.001407
0.001385
0.001423
0.001318
0.001249
0.001282
0.001345
0.001948
0.001829
0.001790
0.001739
0.001310
0.001360
0.001314
0.001392
0.001356
0.001306
0.001759
0.001498
0.001490
0.001392
0.001320
0.001342
0.001332
0.001196
0.001357
0.001408
0.001847
0.001517
0.001440
0.001417
0.001319
0.001398
0.001336
0.001377
0.001367
0.001389
0.002288
0.001705
0.001570
0.001924
0.001442
0.001330
0.001331
0.001388
0.001303
0.001257
0.001647
0.001424
0.001368
0.001410
0.001279
0.001351
0.001381
0.001433
0.001326
0.001277
0.002024
0.001813
0.001656
0.001309
0.001412
0.001327
0.001326
0.001353
0.001332
0.001238
0.001786
0.001495
0.001402
0.001684
0.001382
0.001315
0.001231
0.001227
0.001452
0.001494