select_time:
0.000007
0.000007
0.000007
0.000007
0.000007
0.000036
0.000009
0.000008
0.000007
0.000008

total_time:
0.000486
0.000171
0.000168
0.000188
0.000227
0.000235
0.000229
0.000228
0.000225
0.000223
0.000511
0.000185
0.000174
0.000172
0.000190
0.000413
0.000408
0.000417
0.000424
0.000400
0.000488
0.000176
0.000172
0.000180
0.000169
0.000171
0.000169
0.000169
0.000170
0.000169
0.000513
0.000178
0.000165
0.000165
0.000164
0.000164
0.000165
0.000167
0.000162
0.000163
0.000502
0.000167
0.030145
0.107998
0.105997
0.100999
0.114999
0.112996
0.101994
0.108005
0.002224
0.000780
0.000670
0.000727
0.000818
0.000897
0.000691
0.000226
0.000225
0.000229
0.000596
0.000216
0.000251
0.000262
0.000255
0.000263
0.000257
0.000257
0.000252
0.000251
0.000569
0.000205
0.000198
0.000197
0.000213
0.000200
0.000203
0.000199
0.000204
0.000199
0.000576
0.000200
0.000200
0.000205
0.000201
0.000197
0.000196
0.000201
0.000204
0.000194
0.000542
0.000194
0.000189
0.000189
0.000196
0.000197
0.000276
0.000201
0.000197
0.000193
