compile_opencl_time:
0.072152
0.065706
0.071664
0.067877
0.072032
0.070452
0.067453
0.06671
total_time:
0.002898
0.002478
0.002434
0.002991
0.002456
0.002396
0.002486
0.002501
0.002435
0.002445
0.002357
0.002186
0.002195
0.002081
0.002324
0.002628
0.002125
0.002053
0.002387
0.003106
0.002801
0.00227
0.002262
0.002712
0.002871
0.002882
0.002243
0.002953
0.002911
0.002467
0.002452
0.003225
0.002542
0.002579
0.002514
0.002474
0.003498
0.002726
0.002401
0.002334
0.002749
0.002786
0.003244
0.002604
0.002624
0.002503
0.002845
0.002777
0.002952
0.002655
0.002719
0.002702
0.002706
0.003468
0.002762
0.002399
0.002314
0.00248
0.002368
0.002509
0.002786
0.002158
0.00273
0.002713
0.002956
0.00253
0.002561
0.00291
0.002541
0.002673
0.002591
0.002547
0.003457
0.002451
0.002511
0.002635
0.002672
0.002273
0.002647
0.002301
0.002205
0.002181
0.0028
0.002311
0.002337
0.002252
0.00228
0.002645
0.002849
0.002262
0.002539
