total_time:
0.010371
0.01024
0.010227
0.010221
0.010202
0.010174
0.01032
0.010199
0.010228
0.009993
0.009625
0.009774
0.009806
0.009674
0.009809
0.009682
0.009719
0.009794
0.010022
0.009835
0.009854
0.009911
0.009824
0.009797
0.00983
0.00986
0.009822
0.01
0.009869
0.009795
0.009864
0.009859
0.009805
0.00983
0.009836
0.009708
0.010397
0.01012
0.00987
0.009745
0.009968
0.009804
0.009835
0.009859
0.009774
0.010715
0.010437
0.010349
0.010321
0.01076
0.010848
0.010534
0.010467
0.010361
0.010099
0.009879
0.009839
0.009881
0.00984
0.009811
0.010434
0.010432
0.009928
0.010388
0.010171
0.010234
0.010114
0.010123
0.010096
0.010105
0.010097
0.010167
0.009981
0.009835
0.009819
0.00978
0.009753
0.009857
0.009735
0.009779
0.009747
0.010122
0.010244
0.010452
0.010214
0.009877
0.01004
0.00998
0.009974
0.009983
