compile_opencl_time:
0.120686
0.112548
0.122697
0.113276
0.112794
0.111854
0.117152
0.111393
0.113032
total_time:
0.006218
0.003877
0.003596
0.003593
0.003287
0.003527
0.003498
0.003394
0.003338
0.003413
0.005403
0.00532
0.006004
0.005344
0.005647
0.005663
0.005827
0.005488
0.003142
0.004154
0.005016
0.00333
0.00353
0.003285
0.003278
0.003194
0.003009
0.003089
0.002977
0.002919
0.006833
0.006175
0.005758
0.005811
0.005715
0.00598
0.00577
0.005887
0.005803
0.005771
0.004726
0.00372
0.003657
0.003066
0.003033
0.003018
0.003015
0.003032
0.002909
0.002901
0.005717
0.003865
0.00385
0.003664
0.003637
0.003435
0.003577
0.003555
0.00362
0.003509
0.005302
0.003399
0.003323
0.00303
0.003083
0.002908
0.002959
0.003195
0.003162
0.003084
0.005402
0.003639
0.003491
0.003456
0.003441
0.003395
0.003528
0.003435
0.00338
0.003327
0.00472
0.003138
0.002917
0.002872
0.002874
0.002905
0.003023
0.003106
0.007814
0.005114
0.005271
0.003199
0.003509
0.003218
0.003019
0.002965
0.002978
0.003013
0.003429
0.003089
