total_time:
0.122704
0.122457
0.121821
0.121194
0.121884
0.120886
0.121747
0.122475
0.121468
0.120677
0.121436
0.120956
0.120362
0.120174
0.120369
0.120573
0.120233
0.120473
0.118526
0.117841
0.117753
0.117802
0.117997
0.117521
0.118066
0.117757
0.118369
0.122658
0.122341
0.120949
0.121378
0.121852
0.120978
0.121374
0.121144
0.120476
0.119063
0.118069
0.118395
0.117752
0.117742
0.117909
0.117925
0.117391
0.117671
0.122578
0.121049
0.12055
0.120296
0.120341
0.120959
0.120906
0.120797
0.120909
0.118703
0.118622
0.117389
0.118416
0.118071
0.115855
0.117121
0.117737
0.118073
0.118839
0.118777
0.118209
0.1177
0.11803
0.118082
0.118412
0.117314
0.117385
0.121633
0.121223
0.120135
0.121051
0.121216
0.121099
0.120094
0.120413
0.120783
0.121494
0.120727
0.120683
0.119634
0.119755
0.120404
0.119917
0.119681
0.120461
