total_time:
0.147602
0.143895
0.14277
0.143291
0.143229
0.143005
0.142543
0.142472
0.142937
0.140899
0.142005
0.141101
0.141407
0.141516
0.140901
0.142355
0.141858
0.141322
0.147606
0.147778
0.148567
0.148044
0.147823
0.147291
0.148385
0.148452
0.148631
0.143128
0.143477
0.143718
0.143643
0.14361
0.143507
0.143955
0.143906
0.143696
0.146239
0.147338
0.146567
0.14701
0.146185
0.146685
0.147221
0.146919
0.146469
0.146022
0.1469
0.146576
0.146211
0.145999
0.144693
0.146738
0.145988
0.145791
0.145733
0.146178
0.146433
0.146373
0.146874
0.1468
0.146469
0.146114
0.146202
0.142723
0.142916
0.14241
0.142482
0.142732
0.143199
0.142527
0.142968
0.142671
0.142425
0.142837
0.143313
0.143384
0.142699
0.142186
0.142763
0.142618
0.142841
0.142826
0.143455
0.143308
0.142987
0.143362
0.141859
0.142368
0.14263
0.142424
