total_time:
0.051295
0.051261
0.051145
0.051067
0.051059
0.051123
0.051039
0.051027
0.051732
0.0515
0.051474
0.051398
0.051511
0.051324
0.051508
0.051469
0.051458
0.051544
0.051257
0.05132
0.051227
0.051197
0.051205
0.051234
0.051572
0.051423
0.051546
0.05114
0.051165
0.051268
0.051258
0.051241
0.051284
0.050971
0.051019
0.050945
0.051047
0.051025
0.050933
0.050933
0.05157
0.051175
0.05119
0.051248
0.051281
0.051208
0.051253
0.051177
0.051717
0.051539
0.051437
0.051326
0.051283
0.051407
0.051423
0.051343
0.051462
0.051437
0.051149
0.051081
0.051068
0.051204
0.051227
0.051055
0.051312
0.051255
0.051247
0.051279
0.05124
0.051241
0.051243
0.051286
0.051622
0.05149
0.051199
0.05134
0.051307
0.051405
0.051216
0.051229
