compile_opencl_time:
0.079098
0.086407
0.078365
0.080798
0.084088
0.078478
0.084116
0.080017
0.080054
0.081023
total_time:
0.018022
0.017114
0.016302
0.016546
0.017721
0.017123
0.016195
0.017595
0.017628
0.019079
0.018494
0.018152
0.018338
0.018522
0.019126
0.020103
0.018199
0.019312
0.018723
0.017148
0.016714
0.016679
0.01645
0.01751
0.018579
0.017287
0.016793
0.01791
0.018721
0.017742
0.016558
0.016747
0.017525
0.017848
0.017346
0.018042
0.017968
0.017673
0.018135
0.017659
0.016808
0.016292
0.016918
0.016986
0.016601
0.017633
0.016194
0.016766
0.018714
0.018614
0.016435
0.016674
0.017568
0.017029
0.017448
0.017419
0.016864
0.016744
0.019764
0.018521
0.018336
0.017424
0.017317
0.017755
0.017114
0.017686
0.018268
0.018225
0.019923
0.018086
0.016723
0.017653
0.017598
0.02015
0.017674
0.018038
0.01864
0.018738
0.019286
0.017807
0.016243
0.017805
0.019155
0.018658
0.017727
0.016752
0.017448
0.01856
0.018353
0.017983
0.017161
0.017708
0.017941
0.017454
0.01834
0.017911
0.017569
