compile_opencl_time:
0.14751
0.141266
0.149962
0.148244
0.142749
0.148895
0.140789
0.149051
0.148314
0.142008
total_time:
0.027881
0.027882
0.02711
0.027138
0.026929
0.027296
0.026948
0.026807
0.027445
0.026863
0.026966
0.027301
0.027151
0.026855
0.027404
0.027156
0.026983
0.026907
0.027227
0.026955
0.026997
0.026691
0.026843
0.02656
0.026792
0.02668
0.02658
0.026938
0.026828
0.027731
0.026867
0.026787
0.027165
0.026925
0.027166
0.027091
0.027055
0.026759
0.026817
0.027025
0.026742
0.026842
0.026636
0.026762
0.026908
0.026769
0.026951
0.026776
0.026824
0.026472
0.02691
0.026907
0.027145
0.026988
0.026734
0.026634
0.026957
0.026935
0.026584
0.026849
0.026678
0.026858
0.026652
0.026777
0.026788
0.026685
