total_time:
0.00063
0.000602
0.000596
0.000594
0.000593
0.000594
0.000591
0.00059
0.00059
0.000715
0.000719
0.000713
0.00071
0.000751
0.000713
0.000706
0.000713
0.000713
0.000596
0.000593
0.000594
0.000594
0.000634
0.000593
0.000591
0.000592
0.000593
0.000772
0.000769
0.00077
0.000762
0.000771
0.000769
0.00077
0.00079
0.000769
0.000598
0.000594
0.000595
0.00064
0.000593
0.000591
0.000589
0.000587
0.00059
0.000826
0.00083
0.00086
0.000829
0.000867
0.000859
0.000824
0.000832
0.000825
0.000856
0.000823
0.00083
0.000824
0.000838
0.000827
0.00085
0.000828
0.000822
0.000786
0.000776
0.000777
0.00076
0.000781
0.000779
0.000776
0.00081
0.000776
0.00071
0.000712
0.000708
0.000744
0.000702
0.000701
0.000702
0.000701
0.000701
0.000757
0.00071
0.000698
0.000708
0.000706
0.000708
0.000703
0.000703
0.000713
