compile_opencl_time:
0.002241
0.00232
0.002404
0.002448
0.002346
0.0023
0.002286
0.002332
0.002372
0.002317
total_time:
0.102438
0.100979
0.098779
0.098845
0.098874
0.098811
0.098865
0.098754
0.098806
0.098741
0.102034
0.100711
0.098433
0.098366
0.098343
0.098232
0.098294
0.098346
0.098346
0.098295
0.102553
0.101159
0.099299
0.099496
0.09935
0.099425
0.099302
0.09927
0.09928
0.099386
0.102254
0.100576
0.100525
0.100657
0.100499
0.100569
0.100477
0.10048
0.100573
0.101719
0.100296
0.098511
0.098553
0.098559
0.098551
0.098526
0.098501
0.098424
0.098404
0.102939
0.101169
0.101227
0.101188
0.10111
0.101158
0.101134
0.101069
0.101059
0.102561
0.100219
0.1001
0.100203
0.100117
0.100106
0.099975
0.1002
0.100121
0.102729
0.102475
0.099446
0.099411
0.099266
0.099364
0.099287
0.09928
0.099382
0.099293
0.103017
0.101618
0.099443
0.099434
0.09952
0.099399
0.099384
0.099518
0.099347
0.099388
0.103328
0.10163
0.09983
0.099792
0.099758
0.099552
0.099694
0.099645
0.099609
0.099607
