total_time:
0.122739
0.123521
0.12316
0.123321
0.123443
0.12319
0.123456
0.123137
0.122674
0.122915
0.122703
0.122827
0.122736
0.122756
0.123828
0.123589
0.123417
0.123498
0.123559
0.123719
0.123592
0.123746
0.123062
0.123302
0.123053
0.123142
0.123087
0.123096
0.123191
0.123315
0.12319
0.123423
0.123022
0.123239
0.123409
0.12283
0.123296
0.123334
0.123004
0.123692
0.123375
0.12344
0.123592
0.123557
0.123715
0.123328
0.123544
0.12318
0.123151
0.123187
0.123202
0.123422
0.122925
0.123259
0.122842
0.123615
0.123358
0.123453
0.123579
0.12338
0.123587
0.123334
0.12309
0.123607
0.123345
0.123565
0.123346
0.123263
0.123601
0.123175
0.123333
0.12305
0.123016
0.123116
0.123109
0.123329
0.123066
0.123125
