total_time:
0.26054
0.258351
0.257333
0.258209
0.258605
0.258234
0.259051
0.257664
0.258716
0.253707
0.251288
0.250348
0.250537
0.250546
0.249408
0.250602
0.250598
0.250556
0.252215
0.251168
0.249946
0.250086
0.249276
0.250154
0.250629
0.24989
0.250215
0.252528
0.250424
0.2508
0.251583
0.249472
0.250187
0.250503
0.250756
0.250665
0.252636
0.252744
0.251285
0.250019
0.251749
0.25085
0.249942
0.25183
0.251154
0.258313
0.259605
0.258464
0.25988
0.259524
0.259498
0.260385
0.25822
0.258895
0.253823
0.252378
0.250199
0.252094
0.251334
0.251994
0.252968
0.251434
0.252591
0.25316
0.252281
0.252977
0.251817
0.251775
0.25082
0.252115
0.251688
0.252257
0.253238
0.253207
0.251144
0.251173
0.252112
0.252997
0.250668
0.252097
0.250642
0.257842
0.258498
0.258069
0.257456
0.258008
0.257028
0.255584
0.255791
0.256267
