total_time:
0.370476
0.370037
0.367306
0.36965
0.366394
0.369174
0.366271
0.369237
0.366145
0.381866
0.380122
0.380275
0.378176
0.380525
0.379455
0.378123
0.376414
0.379446
0.371335
0.370452
0.368727
0.370719
0.37025
0.369991
0.368229
0.370771
0.36827
0.370854
0.369759
0.368422
0.367553
0.369745
0.367518
0.36912
0.36858
0.370063
0.377984
0.374186
0.374376
0.375586
0.373079
0.373425
0.373388
0.372535
0.373231
0.374001
0.370468
0.370133
0.370687
0.373623
0.370791
0.371239
0.368554
0.37025
0.372909
0.370282
0.370181
0.369726
0.383641
0.381458
0.38055
0.378723
0.379664
0.372261
0.371937
0.372591
0.371565
0.374173
0.373021
0.371344
0.370398
0.370082
0.376935
0.380156
0.376166
0.375279
0.376355
0.376765
0.374783
0.365287
0.366581
0.373404
0.373115
0.373728
0.372589
0.375565
0.37149
0.372639
0.3718
0.37445
