total_time:
0.107104
0.034024
0.033043
0.033090
0.033026
0.033055
0.033024
0.033062
0.033022
0.032993
0.106355
0.034049
0.033059
0.033028
0.033062
0.033021
0.033034
0.033064
0.033090
0.033039
0.106618
0.033961
0.033140
0.033119
0.033086
0.033094
0.033026
0.033040
0.033028
0.033059
0.105857
0.034101
0.033128
0.033134
0.033082
0.033084
0.033132
0.033088
0.033049
0.033060
0.113315
0.034068
0.033092
0.033070
0.033088
0.033062
0.033053
0.033081
0.033057
0.033059
0.105513
0.033987
0.033111
0.033096
0.033024
0.033076
0.033004
0.033081
0.033011
0.033001
0.108467
0.034080
0.033156
0.033131
0.033159
0.033106
0.033127
0.033148
0.033076
0.033082
0.110274
0.034090
0.033097
0.033084
0.033079
0.033041
0.033037
0.033047
0.033052
0.033038
0.105069
0.034079
0.033152
0.033136
0.033082
0.033060
0.033071
0.033098
0.033050
0.033058
0.104898
0.034157
0.033158
0.033135
0.033138
0.033124
0.033115
0.033121
0.033120
0.033121