total_time:
0.095222
0.093598
0.092568
0.094956
0.092068
0.093113
0.092885
0.092392
0.092181
0.093010
0.098240
0.095846
0.094528
0.092620
0.094314
0.094400
0.094490
0.093606
0.094364
0.093397
0.094738
0.094341
0.093330
0.093498
0.093682
0.094158
0.093366
0.094025
0.094246
0.094932
0.096338
0.094204
0.093554
0.093683
0.093629
0.093373
0.093888
0.093061
0.092822
0.092806
0.096345
0.095338
0.094613
0.095217
0.094659
0.094750
0.094634
0.095355
0.094782
0.094996
0.097844
0.094162
0.092962
0.093348
0.092660
0.093649
0.093227
0.094209
0.094278
0.092546
0.098441
0.096429
0.095515
0.095773
0.095778
0.095471
0.096373
0.095889
0.096145
0.097124
0.095052
0.093944
0.092408
0.093276
0.093454
0.093619
0.093587
0.093643
0.093105
0.092304
0.093121
0.094028
0.092381
0.093359
0.094197
0.093683
0.092812
0.092880
0.092910
0.092523
0.096457
0.096292
0.094328
0.094915
0.095254
0.095123
0.094684
0.095081
0.093988
0.093604