total_time:
0.000449
0.000445
0.000439
0.00044
0.000447
0.000432
0.000441
0.000445
0.00044
0.000445
0.000518
0.000432
0.000429
0.000425
0.000423
0.000426
0.00042
0.000418
0.000369
0.000362
0.000363
0.000363
0.000359
0.000361
0.000368
0.000354
0.00036
0.000456
0.000446
0.000436
0.000441
0.000442
0.000443
0.000431
0.000434
0.000442
0.000382
0.000379
0.000377
0.000371
0.000381
0.000379
0.000375
0.000372
0.000379
0.000397
0.000393
0.00038
0.000387
0.000386
0.000384
0.000401
0.000376
0.000371
0.000343
0.000335
0.000335
0.000328
0.000329
0.000332
0.000336
0.00034
0.000344
0.000373
0.000376
0.000424
0.000421
0.000401
0.000391
0.000394
0.000394
0.000397
0.000352
0.000346
0.00034
0.00034
0.000339
0.00034
0.000344
0.000345
0.000337
0.000417
0.000407
0.000392
0.000395
0.000398
0.000399
0.000383
0.00039
0.000385
