compile_opencl_time:
0.083298
0.078012
0.079383
0.079745
0.081031
0.078567
0.079697
0.077252
0.082205
0.080269
total_time:
0.013136
0.011193
0.010296
0.011319
0.011119
0.010892
0.011402
0.011784
0.012052
0.011163
0.012730
0.011964
0.011667
0.012364
0.011954
0.012088
0.010841
0.011788
0.011656
0.011331
0.012515
0.011607
0.011198
0.011607
0.012539
0.013545
0.012378
0.012841
0.011928
0.012779
0.013005
0.011065
0.012416
0.011465
0.012799
0.013101
0.011241
0.011217
0.011951
0.012738
0.014101
0.011561
0.010797
0.011480
0.012013
0.012014
0.011050
0.010747
0.010809
0.010887
0.011922
0.010782
0.010265
0.010441
0.010620
0.011025
0.010884
0.010952
0.010911
0.011358
0.012955
0.011957
0.011199
0.011710
0.010978
0.010640
0.010354
0.010214
0.011206
0.011042
0.012400
0.012033
0.011980
0.011337
0.010995
0.010953
0.011181
0.011291
0.012817
0.011330
0.012748
0.011078
0.009972
0.010210
0.010340
0.010261
0.011243
0.012030
0.011232
0.010649
0.013113
0.011287
0.010905
0.011529
0.011610
0.011574
0.012515
0.012950
0.012463
0.011825