compile_opencl_time:
0.123946
0.126656
0.139839
0.136887
0.13118
0.141105
0.132578
0.134076
0.132306
0.140142
total_time:
0.453701
0.442188
0.442671
0.444338
0.443495
0.445937
0.445802
0.444194
0.445294
0.440698
0.451523
0.441685
0.441711
0.444185
0.443863
0.443732
0.439607
0.440995
0.440733
0.446806
0.456615
0.446114
0.444683
0.444352
0.44643
0.44514
0.448384
0.444149
0.448415
0.446795
0.460119
0.448993
0.448336
0.448488
0.449779
0.448634
0.4482
0.449186
0.448419
0.49321
0.434536
0.425555
0.42675
0.404918
0.407843
0.427369
0.422735
0.42392
0.423634
0.425941
0.395042
0.396018
0.392968
0.39619
0.393742
0.39757
0.393282
0.395723
0.393876
0.397113
0.460586
0.438475
0.440382
0.462032
0.449152
0.440775
0.452432
0.452885
0.461186
0.429713
0.433634
0.419654
0.412779
0.42016
0.431814
0.411749
0.432827
0.423919
0.424667
0.412009
0.406041
0.406595
0.400892
0.415787
0.405252
0.401487
0.410847
0.401614
0.401725
0.429801
0.409072
0.410371
0.418048
0.421694
0.407444
0.404415
0.413939
0.402315
0.401749
