compile_opencl_time:
0.002169
0.00224
0.002249
0.00227
0.002236
0.002379
0.002336
0.002367
0.002298
0.002201
total_time:
0.752007
0.752534
0.746071
0.746249
0.745707
0.745921
0.745942
0.746298
0.746133
0.746334
0.794733
0.79503
0.789139
0.789026
0.788909
0.78888
0.788794
0.788557
0.788787
0.788642
0.808609
0.808806
0.802271
0.802273
0.802306
0.802412
0.802247
0.802572
0.802591
0.802897
0.77702
0.776784
0.770398
0.770261
0.770815
0.770433
0.770459
0.770741
0.770844
0.770172
0.769021
0.769185
0.762925
0.762736
0.762889
0.762686
0.76292
0.763122
0.763262
0.763168
0.685044
0.685302
0.679708
0.679707
0.679213
0.679257
0.679414
0.679411
0.679317
0.679213
0.805436
0.80574
0.799711
0.799869
0.799357
0.799657
0.800343
0.799978
0.800013
0.799933
0.762853
0.762649
0.756358
0.756116
0.756376
0.756219
0.756559
0.756571
0.756827
0.75651
0.737984
0.737501
0.731396
0.731186
0.731185
0.73147
0.731419
0.731579
0.731208
0.731447
0.733384
0.733567
0.72747
0.726928
0.727358
0.727232
0.727629
0.727193
0.727449
0.727371
