total_time:
0.440056
0.440223
0.44022
0.440429
0.440214
0.439924
0.440383
0.440272
0.440105
0.436371
0.436334
0.436185
0.436468
0.436171
0.436379
0.43656
0.436281
0.436185
0.441569
0.441409
0.441577
0.441356
0.441722
0.44144
0.441242
0.441814
0.441297
0.440404
0.440267
0.440734
0.440158
0.44049
0.440463
0.440396
0.44045
0.440239
0.435294
0.435659
0.435274
0.435213
0.435084
0.435372
0.435667
0.435247
0.435533
0.42683
0.426893
0.427415
0.427159
0.427421
0.427499
0.427822
0.427355
0.42754
0.445808
0.445737
0.446015
0.445714
0.445818
0.446087
0.44582
0.446657
0.446106
0.4366
0.436755
0.436432
0.436753
0.436537
0.436436
0.436652
0.43626
0.436507
0.434256
0.434536
0.4344
0.435312
0.434294
0.434712
0.434619
0.434378
0.434245
0.434814
0.434561
0.435046
0.434905
0.434616
0.434754
0.434356
0.434787
0.434819
