compile_opencl_time:
0.002315
0.00229
0.002266
0.002429
0.002308
0.002419
0.002433
0.002414
0.00231
0.002467
total_time:
0.305646
0.304913
0.297793
0.297639
0.297825
0.2982
0.297894
0.297703
0.298368
0.297787
0.304519
0.303895
0.296867
0.296856
0.29666
0.297437
0.297144
0.296717
0.296779
0.297176
0.302538
0.302165
0.295913
0.295956
0.296119
0.296593
0.29628
0.295955
0.295936
0.296008
0.307144
0.307216
0.300824
0.300907
0.300779
0.300821
0.300996
0.301098
0.301013
0.300768
0.302422
0.302136
0.294869
0.294937
0.295365
0.295247
0.294901
0.294914
0.294735
0.294848
0.30303
0.302635
0.296813
0.297011
0.297092
0.296696
0.296462
0.296326
0.296778
0.29702
0.306168
0.306171
0.300269
0.300036
0.29988
0.300739
0.30021
0.3
0.300394
0.299932
0.304553
0.304176
0.296276
0.297712
0.296437
0.298392
0.297683
0.296763
0.296146
0.296805
0.302666
0.302722
0.294967
0.295139
0.295552
0.29592
0.295334
0.295171
0.295134
0.29525
0.303062
0.302421
0.295261
0.295193
0.295537
0.29535
0.295275
0.294999
0.294999
0.295078
