total_time:
0.102695
0.029938
0.029466
0.029458
0.029486
0.029447
0.029462
0.029435
0.029443
0.029433
0.103398
0.029952
0.029499
0.029452
0.029456
0.029481
0.029453
0.029448
0.029478
0.029450
0.102193
0.029967
0.029474
0.029472
0.029460
0.029497
0.029496
0.029485
0.029515
0.029483
0.106263
0.029923
0.029459
0.029468
0.029424
0.029448
0.029500
0.029416
0.029449
0.029516
0.105092
0.029922
0.029461
0.029478
0.029453
0.029461
0.029464
0.029441
0.029463
0.029456
0.101301
0.029922
0.029511
0.029523
0.029467
0.029493
0.029512
0.029533
0.029480
0.029514
0.103208
0.029969
0.029467
0.029477
0.029436
0.029478
0.029449
0.029443
0.029443
0.029454
0.105185
0.029882
0.029412
0.029407
0.029416
0.029439
0.029391
0.029406
0.029447
0.029429
0.104886
0.029944
0.029591
0.029467
0.029497
0.029436
0.029484
0.029526
0.029486
0.029481
0.105935
0.029882
0.029433
0.029428
0.029429
0.029662
0.029445
0.029396
0.029434
0.029420