total_time:
0.139863
0.068474
0.067765
0.067656
0.067672
0.066790
0.067587
0.067401
0.067630
0.067590
0.138585
0.068088
0.067565
0.067579
0.067117
0.066991
0.066983
0.067006
0.067432
0.067480
0.143844
0.068440
0.069308
0.069551
0.069570
0.068578
0.069260
0.069111
0.069902
0.068911
0.139487
0.068240
0.067123
0.067479
0.067401
0.067476
0.067502
0.067247
0.067483
0.067353
0.148601
0.069527
0.068959
0.069494
0.069267
0.069508
0.068677
0.069086
0.069352
0.068979
0.141416
0.068822
0.067832
0.068212
0.067996
0.068008
0.067657
0.067791
0.067963
0.067798
0.142114
0.068513
0.067827
0.068073
0.067886
0.068177
0.068172
0.067841
0.068062
0.068557
0.148543
0.070111
0.069462
0.069904
0.069307
0.069698
0.069167
0.069792
0.069709
0.070261
0.145495
0.070045
0.070216
0.069659
0.069750
0.069566
0.068999
0.069388
0.069193
0.069178
0.142423
0.070114
0.069319
0.068713
0.069279
0.068971
0.068578
0.068822
0.068883
0.068512