compile_opencl_time:
0.148037
0.140501
0.141566
0.139369
0.140193
0.142639
0.140737
0.141181
0.149239
0.143347
total_time:
0.019118
0.016730
0.016679
0.016838
0.016614
0.016616
0.016676
0.016542
0.016729
0.016517
0.018854
0.016877
0.016863
0.017139
0.016859
0.016779
0.016823
0.016305
0.016820
0.016856
0.019084
0.016972
0.016539
0.016277
0.016588
0.016877
0.016497
0.016254
0.016620
0.016307
0.019017
0.016478
0.016569
0.016672
0.016361
0.016405
0.016528
0.016264
0.016860
0.016579
0.019127
0.016924
0.016941
0.016926
0.016732
0.016681
0.016822
0.016691
0.016907
0.016590
0.018732
0.016449
0.016375
0.016647
0.016600
0.016466
0.016556
0.016450
0.016431
0.016506
0.019472
0.016773
0.016797
0.016509
0.016528
0.018568
0.016778
0.016651
0.016956
0.016483
0.019475
0.017259
0.017056
0.016531
0.017066
0.016698
0.016806
0.016698
0.016951
0.016716
0.019171
0.016790
0.016642
0.016749
0.016465
0.016908
0.016823
0.016646
0.016882
0.016734
0.019230
0.017296
0.017185
0.016720
0.017248
0.016877
0.016968
0.017095
0.016797
0.017005