select_time:
0.000010
0.000010
0.000010
0.000009
0.000009
0.000009
0.000010
0.000009
0.000009
0.000010

total_time:
0.006682
0.005339
0.004147
0.004134
0.004159
0.004298
0.004884
0.004911
0.004933
0.005111
0.006716
0.005787
0.004684
0.004783
0.004825
0.004971
0.005174
0.005160
0.005160
0.005364
0.007321
0.005496
0.004557
0.004603
0.004633
0.004768
0.004975
0.004934
0.004979
0.005107
0.006054
0.005561
0.004555
0.004602
0.004722
0.004916
0.004941
0.004961
0.005096
0.005146
0.006695
0.005554
0.004564
0.004603
0.004697
0.004788
0.004952
0.004999
0.004976
0.005181
0.007288
0.005420
0.004519
0.004555
0.004628
0.004740
0.004885
0.004914
0.005062
0.005364
0.007432
0.005715
0.004748
0.004787
0.004795
0.004942
0.005087
0.005146
0.005164
0.005256
0.006742
0.005180
0.004026
0.004126
0.004550
0.004939
0.005084
0.005135
0.005158
0.005170
0.007377
0.005675
0.004474
0.004595
0.004583
0.004725
0.004835
0.004913
0.004925
0.005001
0.007086
0.005022
0.004077
0.004535
0.004566
0.004648
0.004764
0.004889
0.004909
0.004989
