total_time:
0.012973
0.014778
0.012742
0.012953
0.013117
0.013316
0.012987
0.013720
0.013784
0.013936
0.013659
0.014364
0.013065
0.013463
0.013730
0.013435
0.013807
0.013893
0.013782
0.013893
0.012258
0.012864
0.012049
0.012391
0.012289
0.012433
0.013034
0.013260
0.013213
0.013478
0.012400
0.013242
0.012215
0.012662
0.013798
0.013570
0.013698
0.013615
0.013680
0.013830
0.012947
0.013907
0.012583
0.013062
0.013708
0.013119
0.013472
0.013856
0.013686
0.013633
0.014330
0.015497
0.014288
0.014327
0.014458
0.014089
0.015071
0.015262
0.014751
0.015041
0.013048
0.014245
0.012952
0.013157
0.013235
0.013445
0.013503
0.013663
0.013600
0.013609
0.012661
0.014046
0.013343
0.013626
0.013528
0.013622
0.013651
0.013938
0.013690
0.014181
0.014120
0.014736
0.013750
0.014146
0.014584
0.014441
0.014446
0.014307
0.014492
0.014532
0.011687
0.013909
0.013252
0.013338
0.013554
0.013385
0.013510
0.013405
0.013598
0.013600