select_time:
0.000010
0.000009
0.000008
0.000010
0.000009
0.000010
0.000009
0.000010
0.000010
0.000009

total_time:
0.011191
0.010350
0.008148
0.008437
0.008738
0.008950
0.009293
0.009465
0.009673
0.009950
0.011137
0.010135
0.008042
0.008334
0.008638
0.010265
0.009303
0.009404
0.009616
0.009978
0.009803
0.010217
0.008097
0.008432
0.008612
0.008896
0.009196
0.009354
0.009605
0.009905
0.010991
0.010378
0.008199
0.008416
0.008776
0.008935
0.009320
0.009520
0.009740
0.009998
0.010368
0.010193
0.008153
0.008381
0.008720
0.008850
0.009209
0.009449
0.009577
0.009904
0.010939
0.010397
0.008205
0.008486
0.008810
0.009088
0.009430
0.009578
0.009698
0.010054
0.011510
0.010383
0.008276
0.008519
0.008853
0.008979
0.009355
0.009596
0.010766
0.010117
0.011199
0.010437
0.008359
0.008707
0.008891
0.009182
0.009563
0.009643
0.009835
0.010129
0.010904
0.010224
0.008131
0.008448
0.008947
0.009352
0.009596
0.009786
0.009966
0.010220
0.010805
0.010161
0.008220
0.008485
0.008683
0.009034
0.009375
0.009466
0.009701
0.009976
