total_time:
0.093442
0.011571
0.011576
0.011538
0.011566
0.011556
0.011555
0.011451
0.011709
0.011706
0.078530
0.008260
0.008303
0.008298
0.008264
0.008266
0.008285
0.008252
0.008220
0.008239
0.082895
0.010742
0.010691
0.010693
0.010747
0.010843
0.010803
0.010819
0.010792
0.010791
0.093026
0.009214
0.009045
0.008956
0.009046
0.008963
0.008996
0.008926
0.008918
0.008999
0.094891
0.010976
0.011091
0.011090
0.011051
0.011000
0.011127
0.011124
0.011132
0.011127
0.094399
0.010888
0.010997
0.011051
0.010996
0.010948
0.010787
0.010927
0.010906
0.010915
0.079538
0.009117
0.009163
0.009041
0.009013
0.009178
0.009135
0.009155
0.009284
0.009055
0.081228
0.010288
0.010313
0.010296
0.010321
0.010437
0.010344
0.010319
0.010342
0.010319
0.086268
0.010451
0.010547
0.010459
0.010501
0.010481
0.010546
0.010485
0.010593
0.010482
0.080003
0.009325
0.009308
0.009529
0.009431
0.009471
0.009416
0.009485
0.009431
0.009431