total_time:
0.080122
0.005355
0.005255
0.005305
0.005289
0.005269
0.005258
0.005298
0.005282
0.005290
0.082780
0.004349
0.004297
0.004292
0.004367
0.004362
0.004270
0.004302
0.004331
0.004286
0.078072
0.005353
0.005347
0.005237
0.005281
0.005256
0.005243
0.005290
0.005273
0.005280
0.081375
0.004299
0.004272
0.004266
0.004324
0.004316
0.004376
0.004420
0.004321
0.004274
0.081307
0.005149
0.005135
0.005136
0.005143
0.005217
0.005174
0.005150
0.005194
0.005173
0.087168
0.005269
0.005333
0.005297
0.005263
0.005261
0.005344
0.005276
0.005226
0.005227
0.091735
0.004847
0.004812
0.004806
0.004822
0.004855
0.004839
0.004805
0.004862
0.004859
0.076498
0.005071
0.005054
0.005059
0.005087
0.005020
0.005124
0.005036
0.005099
0.005131
0.078644
0.005239
0.005276
0.005351
0.005313
0.005307
0.005263
0.005269
0.005328
0.005352
0.086896
0.004885
0.004887
0.004839
0.004851
0.005000
0.004961
0.004907
0.004883
0.004891