total_time:
0.000300
0.000277
0.000273
0.000272
0.000274
0.000270
0.000271
0.000271
0.000272
0.000271
0.000340
0.000198
0.000196
0.000194
0.000192
0.000206
0.000198
0.000198
0.000199
0.000198
0.000270
0.000245
0.000244
0.000251
0.000254
0.000248
0.000249
0.000248
0.000250
0.000239
0.000265
0.000265
0.000248
0.000248
0.000249
0.000253
0.000250
0.000249
0.000250
0.000253
0.000288
0.000288
0.000272
0.000271
0.000274
0.000270
0.000269
0.000269
0.000272
0.000269
0.000232
0.000202
0.000199
0.000198
0.000201
0.000190
0.000189
0.000191
0.000189
0.000193
0.000261
0.000246
0.000246
0.000258
0.000251
0.000250
0.000251
0.000254
0.000250
0.000250
0.000290
0.000280
0.000271
0.000270
0.000273
0.000270
0.000269
0.000271
0.000274
0.000271
0.000286
0.000271
0.000278
0.000267
0.000267
0.000269
0.000271
0.000269
0.000267
0.000267
0.000303
0.000272
0.000269
0.000269
0.000275
0.000270
0.000269
0.000272
0.000271
0.000269