total_time:
0.000499
0.000456
0.000453
0.000452
0.000453
0.000451
0.000453
0.000448
0.00045
0.000517
0.000558
0.000511
0.000512
0.000512
0.000512
0.000546
0.000511
0.000509
0.000548
0.000565
0.000545
0.000586
0.000542
0.000543
0.000544
0.000542
0.000565
0.00049
0.000485
0.000486
0.000485
0.000502
0.000485
0.000485
0.000483
0.000483
0.000578
0.000575
0.000625
0.000597
0.000574
0.00062
0.000573
0.00058
0.000572
0.000706
0.000702
0.000723
0.000697
0.000699
0.0007
0.000694
0.0007
0.000458
0.000453
0.000457
0.000485
0.000457
0.000452
0.000454
0.000454
0.000452
0.000485
0.000485
0.000486
0.000528
0.000483
0.000482
0.000482
0.000486
0.000505
0.000581
0.000574
0.000577
0.000574
0.000574
0.000575
0.000579
0.000576
0.0006
0.000459
0.000452
0.000453
0.000451
0.000454
0.000449
0.000494
0.000447
0.000453
