total_time:
0.081499
0.002191
0.002163
0.002170
0.002162
0.002171
0.002188
0.002165
0.002162
0.002168
0.077941
0.001935
0.001913
0.001913
0.001904
0.001906
0.001904
0.001901
0.001900
0.001902
0.073838
0.001709
0.001719
0.001683
0.001686
0.001682
0.001674
0.001676
0.001673
0.001678
0.078917
0.002016
0.002013
0.002007
0.002006
0.002005
0.002003
0.001990
0.001990
0.001985
0.079130
0.001760
0.001755
0.001739
0.001743
0.001739
0.001737
0.001737
0.001735
0.001728
0.079538
0.001808
0.001810
0.001798
0.001796
0.001794
0.001791
0.001804
0.001804
0.001794
0.077433
0.001534
0.001518
0.001534
0.001510
0.001506
0.001509
0.001511
0.001509
0.001509
0.076738
0.001760
0.001685
0.001683
0.001692
0.001690
0.001690
0.001691
0.001693
0.001696
0.078379
0.001743
0.001667
0.001669
0.001662
0.001705
0.001658
0.001657
0.001659
0.001692
0.079569
0.001897
0.001876
0.001884
0.001883
0.001888
0.001883
0.001930
0.001874
0.001880