total_time:
0.079549
0.002017
0.001984
0.001994
0.001997
0.001994
0.002054
0.001989
0.001991
0.001985
0.074787
0.001790
0.001713
0.001712
0.001710
0.001713
0.001715
0.001716
0.001716
0.001725
0.094835
0.001609
0.001587
0.001587
0.001579
0.001580
0.001586
0.001579
0.001571
0.001580
0.084039
0.001866
0.001893
0.001850
0.001851
0.001853
0.001844
0.001840
0.001851
0.001853
0.077312
0.001646
0.001621
0.001567
0.001584
0.001553
0.001558
0.001559
0.001553
0.001553
0.090461
0.001658
0.001631
0.001632
0.001629
0.001623
0.001625
0.001630
0.001625
0.001622
0.081258
0.001410
0.001363
0.001371
0.001364
0.001353
0.001352
0.001345
0.001342
0.001334
0.078525
0.001645
0.001580
0.001592
0.001591
0.001651
0.001584
0.001577
0.001567
0.001571
0.075115
0.001519
0.001491
0.001491
0.001493
0.001479
0.001489
0.001491
0.001490
0.001476
0.077827
0.001727
0.001705
0.001702
0.001705
0.001695
0.001730
0.001695
0.001695
0.001692