total_time:
0.080427
0.003630
0.003606
0.003586
0.003615
0.003585
0.003649
0.003632
0.003604
0.003653
0.081692
0.003056
0.003043
0.003017
0.003060
0.003016
0.003068
0.003004
0.003022
0.003052
0.087798
0.002948
0.002889
0.002871
0.002891
0.002887
0.002884
0.002903
0.002911
0.002903
0.085218
0.003456
0.003416
0.003466
0.003433
0.003385
0.003444
0.003439
0.003440
0.003408
0.079414
0.002810
0.002819
0.002800
0.002795
0.002764
0.002792
0.002773
0.002781
0.002778
0.078181
0.002896
0.002888
0.002878
0.002861
0.002873
0.002882
0.002897
0.002867
0.002882
0.078404
0.002362
0.002348
0.002325
0.002328
0.002317
0.002305
0.002332
0.002299
0.002324
0.079412
0.002761
0.002730
0.002716
0.002717
0.002727
0.002792
0.002713
0.002794
0.002763
0.077793
0.002677
0.002604
0.002601
0.002593
0.002598
0.002605
0.002614
0.002607
0.002620
0.079178
0.003025
0.003028
0.003001
0.002998
0.003006
0.003009
0.002985
0.003002
0.003045