select_time:
0.000021
0.000023
0.000007
0.000006
0.000007
0.000006
0.000006
0.000007
0.000006
0.000006

total_time:
0.122226
0.186963
0.194975
0.186970
0.182974
0.176975
0.186974
0.178997
0.000765
0.000773
0.002269
0.001371
0.001500
0.001505
0.001306
0.000499
0.000500
0.000500
0.000492
0.000496
0.000910
0.000617
0.000605
0.000606
0.000599
0.000603
0.000602
0.000596
0.000581
0.000556
0.000811
0.000470
0.000458
0.000451
0.000450
0.000454
0.000456
0.000455
0.000453
0.000453
0.000749
0.000445
0.000444
0.000443
0.000464
0.000472
0.000471
0.000464
0.000470
0.000468
0.000742
0.000440
0.000428
0.000425
0.000429
0.000427
0.000425
0.000427
0.000429
0.000431
0.000796
0.000496
0.000475
0.000482
0.000476
0.000480
0.000479
0.000477
0.000481
0.000485
0.000759
0.000441
0.000426
0.000430
0.000424
0.000423
0.000429
0.000434
0.000431
0.000432
0.000764
0.001015
0.000975
0.000938
0.000899
0.000879
0.000866
0.000708
0.000432
0.000433
0.000742
0.000443
0.000428
0.000431
0.000427
0.000423
0.000423
0.000422
0.000430
0.000434
