compile_opencl_time:
0.138344
0.134214
0.131097
0.132737
0.132125
0.13034
0.129988
0.129433
0.130273
total_time:
0.12246
0.117944
0.114041
0.114468
0.114746
0.114304
0.114632
0.114887
0.115059
0.114507
0.123218
0.119258
0.115992
0.115998
0.115644
0.115364
0.115515
0.115431
0.116533
0.11582
0.122447
0.118268
0.114647
0.114843
0.114743
0.114883
0.11474
0.11456
0.115298
0.114834
0.122604
0.118588
0.115344
0.114973
0.114663
0.114893
0.115038
0.115091
0.114931
0.114391
0.121318
0.117574
0.114151
0.114328
0.113943
0.114628
0.114298
0.114648
0.114193
0.114096
0.122817
0.119273
0.115837
0.115533
0.115567
0.115361
0.115646
0.115147
0.115483
0.116107
0.122116
0.118291
0.114626
0.114818
0.114687
0.114444
0.114883
0.114523
0.114762
0.114413
0.121978
0.118629
0.116258
0.123919
0.123083
0.122936
0.124175
0.123315
0.122967
0.123319
0.125644
0.127769
0.124489
0.124107
0.124855
0.125264
0.127309
0.124528
0.125622
0.124329
0.122489
0.121547
0.119737
0.118587
0.117846
0.117872
0.11763
0.117689
0.11787
0.117409
