total_time:
0.66029
0.657998
0.65891
0.655639
0.656747
0.658286
0.656812
0.658357
0.659884
0.652901
0.652116
0.652349
0.653215
0.652243
0.644478
0.643533
0.641143
0.6429
0.644746
0.646267
0.645648
0.646425
0.645566
0.647795
0.6436
0.64448
0.646886
0.644266
0.643218
0.643573
0.64415
0.644638
0.642973
0.64604
0.644819
0.64596
0.644478
0.647166
0.643929
0.647429
0.645991
0.647391
0.645573
0.649949
0.651155
0.655736
0.657972
0.659523
0.658994
0.657817
0.660023
0.659209
0.657606
0.656995
0.658674
0.657529
0.655659
0.656751
0.653107
0.657352
0.655815
0.65589
0.662092
0.646168
0.643718
0.648841
0.645125
0.646265
0.646254
0.645846
0.645141
0.644697
0.643646
0.6427
0.642015
0.643494
0.641497
0.645473
0.644509
0.644063
0.644293
0.645982
0.649732
0.645199
0.643783
0.648055
0.646519
0.646842
0.643376
0.646576
