total_time:
0.002324
0.002351
0.002348
0.002359
0.002372
0.002389
0.002387
0.00241
0.00241
0.00229
0.00228
0.002278
0.002316
0.00234
0.002318
0.002352
0.002393
0.002361
0.002458
0.002466
0.002481
0.002469
0.002446
0.002455
0.002443
0.002486
0.002495
0.002584
0.002539
0.002526
0.002508
0.002519
0.002495
0.002478
0.002475
0.002483
0.002223
0.002243
0.002245
0.002277
0.002309
0.002298
0.002295
0.002309
0.002271
0.00222
0.002231
0.002217
0.00223
0.002248
0.002248
0.002254
0.002282
0.002302
0.002457
0.002464
0.002473
0.00245
0.002507
0.002515
0.002446
0.002446
0.002528
0.002607
0.002593
0.002633
0.002629
0.002619
0.002681
0.002679
0.002641
0.002654
0.002374
0.002348
0.002343
0.002349
0.002339
0.002409
0.002379
0.002361
0.00241
0.002319
0.002298
0.002311
0.002293
0.002303
0.002305
0.002347
0.002316
0.002295
