total_time:
0.001199
0.001164
0.001169
0.001165
0.001202
0.001162
0.001164
0.001163
0.001163
0.001141
0.001124
0.001152
0.001121
0.001125
0.001118
0.001122
0.00112
0.00113
0.001206
0.001188
0.001211
0.001187
0.001185
0.00121
0.001194
0.001186
0.001184
0.001203
0.001196
0.001195
0.001194
0.001192
0.001194
0.001199
0.001194
0.001192
0.001121
0.001108
0.001109
0.001106
0.001108
0.001106
0.001103
0.001105
0.001105
0.001117
0.001098
0.001099
0.001095
0.001101
0.001095
0.001097
0.001097
0.0011
0.001212
0.001215
0.001211
0.001208
0.001205
0.001206
0.00121
0.001205
0.001202
0.001328
0.001307
0.001302
0.001305
0.001301
0.001302
0.001303
0.001298
0.001302
0.001189
0.001188
0.001155
0.001145
0.001148
0.001148
0.001148
0.001146
0.001151
0.001133
0.001146
0.001124
0.001125
0.001122
0.00112
0.001123
0.001121
0.001121
