compile_opencl_time:
0.002203
0.002269
0.002255
0.002243
0.002204
0.002219
0.002215
0.0022
0.002163
0.002213
total_time:
0.001492
0.001471
0.001423
0.001458
0.001423
0.001425
0.00142
0.00143
0.001427
0.00143
0.001517
0.001433
0.001413
0.001421
0.001394
0.001379
0.001392
0.001383
0.001411
0.001397
0.001591
0.001527
0.001478
0.001482
0.001471
0.001498
0.001487
0.001486
0.001507
0.001523
0.001607
0.001559
0.001543
0.001546
0.001538
0.001579
0.001586
0.001552
0.00155
0.001552
0.001401
0.001359
0.001336
0.001336
0.001337
0.001367
0.001331
0.001352
0.001336
0.001331
0.001393
0.001362
0.001335
0.00134
0.001325
0.001324
0.001332
0.001337
0.001323
0.001348
0.001577
0.001556
0.001528
0.001566
0.001527
0.00155
0.00154
0.001541
0.00156
0.001529
0.001764
0.001733
0.001706
0.001703
0.001705
0.001724
0.001725
0.001721
0.001761
0.001528
0.001454
0.001444
0.001431
0.001418
0.001444
0.00142
0.001424
0.001434
0.001426
0.001402
0.001373
0.001354
0.001342
0.001345
0.00139
0.001383
0.001337
0.001341
0.001345
