total_time:
0.434959
0.435277
0.435315
0.435393
0.435554
0.435094
0.435133
0.435235
0.435296
0.435775
0.435971
0.435851
0.435853
0.435786
0.435745
0.435762
0.435632
0.435862
0.434295
0.43363
0.435054
0.434513
0.434683
0.434964
0.434257
0.434958
0.434703
0.434272
0.434939
0.434582
0.435006
0.434785
0.434939
0.434882
0.434745
0.434714
0.43439
0.434804
0.434808
0.433819
0.434982
0.43473
0.434792
0.434624
0.434058
0.433578
0.433147
0.433165
0.433502
0.434034
0.434776
0.434871
0.434651
0.434822
0.43462
0.435134
0.434665
0.434825
0.434761
0.433571
0.434141
0.434418
0.433808
0.434174
0.434079
0.434195
0.434676
0.434437
0.434543
0.434628
0.434721
0.43547
0.434396
0.434951
0.434974
0.434499
0.434488
0.434093
0.435078
0.434433
0.43457
0.434346
0.434338
0.435186
0.434541
0.434632
