total_time:
0.703111
0.629930
0.625315
0.628918
0.628250
0.628212
0.752287
0.642214
0.622605
0.623946
0.695615
0.617601
0.617266
0.619720
0.715344
0.629080
0.620359
0.613438
0.619768
0.615907
0.711472
0.633223
0.627941
0.635679
0.625839
0.621850
0.635459
0.627515
0.628076
0.625247
0.711022
0.638908
0.630102
0.628524
0.636734
0.628158
0.624653
0.632317
0.628929
0.628471
0.705874
0.628934
0.629133
0.626827
0.626488
0.625752
0.630468
0.637339
0.629216
0.636852
0.700886
0.617198
0.621424
0.619048
0.620101
0.625056
0.622504
0.615931
0.622074
0.618346
0.708697
0.621190
0.637833
0.620175
0.621815
0.623512
0.626709
0.618622
0.622833
0.631609
0.700321
0.635027
0.629268
0.635625
0.627838
0.624826
0.629947
0.644135
0.634962
0.632254
0.708900
0.616411
0.732846
0.631240
0.619870
0.622437
0.624268
0.628043
0.628924
0.628376
0.693139
0.621816
0.621811
0.619896
0.608730
0.614342
0.613925
0.608893
0.612622
0.615396