compile_opencl_time:
0.075742
0.083806
0.080142
0.081778
0.077000
0.079518
0.078798
0.076870
0.077201
0.083877
total_time:
0.760822
0.780322
0.787800
0.777519
0.783651
0.782096
0.781457
0.783450
0.782483
0.783268
0.741326
0.775954
0.748950
0.760569
0.766579
0.762433
0.762166
0.757733
0.782193
0.804310
0.748675
0.756552
0.739991
0.751913
0.767169
0.755413
0.771216
0.771152
0.776615
0.765505
0.753348
0.764478
0.769117
0.763030
0.765778
0.767196
0.765158
0.763115
0.773924
0.762649
0.731720
0.829205
0.826747
0.827112
0.822838
0.837049
0.831581
0.834537
0.843487
0.831560
0.733374
0.752047
0.746735
0.762661
0.751566
0.750323
0.764341
0.754019
0.755264
0.752680
0.735813
0.768341
0.775087
0.772161
0.770445
0.776154
0.772460
0.781566
0.779218
0.781813
0.748816
0.764784
0.766164
0.768646
0.767420
0.764069
0.762350
0.759038
0.767320
0.775789
0.754027
0.762323
0.762623
0.776409
0.772596
0.763302
0.767013
0.768145
0.773084
0.777374
0.724795
0.736337
0.737107
0.738801
0.738422
0.742547
0.746636
0.744075
0.740421
0.744863