total_time:
0.009531
0.009506
0.009497
0.009508
0.009512
0.009507
0.009496
0.009491
0.009519
0.009493
0.009484
0.009487
0.009497
0.009503
0.009484
0.009477
0.009569
0.009504
0.00949
0.009492
0.009512
0.009501
0.009492
0.009491
0.009514
0.009487
0.009517
0.009518
0.009587
0.009535
0.009474
0.009476
0.009539
0.009491
0.009498
0.009495
0.009531
0.009494
0.00952
0.009475
0.009531
0.009479
0.009475
0.009491
0.009491
0.009483
0.009515
0.009468
0.009573
0.009542
0.009539
0.009531
0.009545
0.009544
0.009529
0.009536
0.009533
0.009512
0.009495
0.009503
0.009556
0.009502
0.00953
0.00948
0.009507
0.009481
0.009467
0.009513
0.009516
0.009477
0.009495
0.0095
0.009514
0.009479
0.009507
0.009472
0.009476
0.009515
0.009477
0.009491
