total_time:
0.02385
0.023688
0.023889
0.0235
0.023406
0.023507
0.023435
0.023598
0.023465
0.024165
0.023966
0.024006
0.024237
0.024223
0.024424
0.024449
0.02466
0.024225
0.023747
0.023393
0.023231
0.023431
0.023463
0.023784
0.023508
0.023495
0.023373
0.024419
0.023992
0.024112
0.024143
0.024114
0.024268
0.02424
0.024314
0.024326
0.024108
0.023525
0.023656
0.023547
0.023704
0.023679
0.023469
0.023636
0.023523
0.024322
0.023616
0.02353
0.023411
0.023478
0.02348
0.023491
0.023557
0.023395
0.024814
0.024487
0.024337
0.024407
0.024396
0.024431
0.024398
0.02458
0.024227
0.024021
0.02369
0.023648
0.023781
0.023473
0.023621
0.02367
0.023743
0.023665
0.024872
0.024482
0.024504
0.024268
0.024453
0.024363
0.024246
0.024277
0.024369
0.024875
0.024511
0.0245
0.024421
0.02443
0.024559
0.024411
0.024406
0.024404
