compile_opencl_time:
0.075216
0.075378
0.077741
0.075800
0.077098
0.075163
0.078657
0.076840
0.076461
0.077172
total_time:
0.002159
0.001427
0.001374
0.001458
0.001382
0.001950
0.001607
0.001561
0.001549
0.001473
0.002219
0.001933
0.001608
0.001425
0.001484
0.001447
0.001543
0.001492
0.001489
0.001388
0.002276
0.002096
0.001634
0.001658
0.001619
0.001652
0.001472
0.001487
0.001485
0.001572
0.002259
0.001717
0.001749
0.001675
0.002009
0.001749
0.001623
0.001712
0.001856
0.001712
0.002112
0.001815
0.001724
0.001683
0.001664
0.001618
0.001649
0.001614
0.001707
0.001654
0.002273
0.001668
0.001590
0.001509
0.001506
0.001507
0.001515
0.001503
0.001553
0.001491
0.005280
0.001586
0.001558
0.001542
0.001575
0.001371
0.001546
0.001421
0.001525
0.001504
0.002173
0.001723
0.001518
0.001568
0.001546
0.001481
0.001462
0.001519
0.001479
0.001485
0.002271
0.001737
0.001611
0.001636
0.001669
0.001600
0.001590
0.001813
0.001624
0.001524
0.001700
0.001492
0.001496
0.001591
0.001972
0.001826
0.001303
0.001339
0.001331
0.001307