compile_opencl_time:
0.002310
0.002436
0.002353
0.002417
0.002478
0.002346
0.002407
0.002340
0.002368
0.002394
total_time:
0.510212
0.509835
0.502932
0.502593
0.502574
0.502675
0.502819
0.502605
0.502342
0.502529
0.505792
0.505671
0.498053
0.498084
0.497922
0.498068
0.498097
0.498561
0.498352
0.498455
0.505616
0.505320
0.497885
0.498569
0.498218
0.497882
0.498031
0.498468
0.497626
0.498165
0.511122
0.510511
0.503202
0.503138
0.503429
0.503054
0.503348
0.503136
0.503018
0.503591
0.506785
0.507106
0.499285
0.499765
0.499105
0.499024
0.499367
0.499368
0.499384
0.499068
0.509761
0.509221
0.501623
0.501609
0.501786
0.501388
0.501325
0.501211
0.501214
0.501180
0.507290
0.507432
0.499880
0.500100
0.499922
0.499711
0.499832
0.499755
0.499586
0.499756
0.505292
0.505238
0.497378
0.499101
0.497280
0.497367
0.497656
0.497382
0.497566
0.497791
0.511241
0.510747
0.503544
0.503288
0.503265
0.503244
0.503128
0.503755
0.503628
0.503639
0.506941
0.506718
0.499610
0.499422
0.500110
0.499526
0.499684
0.499326
0.499839
0.499397