total_time:
0.125010
0.053241
0.052998
0.052825
0.052848
0.053449
0.053215
0.052915
0.052769
0.053286
0.126214
0.054863
0.054489
0.054963
0.054679
0.054418
0.054623
0.054562
0.053900
0.054626
0.126677
0.053896
0.053810
0.053710
0.053664
0.053217
0.053595
0.053317
0.053948
0.052905
0.124661
0.053250
0.052961
0.053112
0.052844
0.052961
0.052845
0.053082
0.053069
0.053020
0.129168
0.055074
0.052845
0.052968
0.052840
0.052753
0.052839
0.052774
0.053140
0.052756
0.125764
0.053530
0.053229
0.053093
0.053064
0.052881
0.053070
0.052833
0.052678
0.052749
0.131837
0.054971
0.055076
0.054184
0.054471
0.054577
0.054632
0.054234
0.054176
0.054288
0.129100
0.053550
0.053194
0.053074
0.052963
0.053409
0.053305
0.053073
0.052776
0.053390
0.128730
0.055011
0.055549
0.055843
0.055270
0.056806
0.055740
0.055640
0.055335
0.054894
0.126423
0.054744
0.054558
0.054252
0.054187
0.054409
0.054257
0.054454
0.054309
0.054757