total_time:
0.032384
0.032412
0.03224
0.03223
0.032233
0.032324
0.032291
0.032232
0.032328
0.032317
0.032244
0.032227
0.032266
0.032256
0.032232
0.032268
0.032223
0.032218
0.032185
0.032195
0.032186
0.032182
0.032182
0.032192
0.032224
0.032226
0.032202
0.032207
0.032207
0.032198
0.032194
0.032193
0.032258
0.03229
0.032208
0.032251
0.032204
0.032245
0.032223
0.032231
0.032265
0.03227
0.03222
0.032231
0.032255
0.032254
0.032259
0.032344
0.032212
0.03226
0.032257
0.032182
0.032299
0.032363
0.032282
0.03224
0.032263
0.032212
0.032212
0.032476
0.032205
0.032192
0.03219
0.032163
0.032255
0.032259
0.032262
0.032264
0.032232
0.032257
0.032289
0.032309
0.032284
0.032303
0.032241
0.032253
0.032297
0.032269
0.032239
0.032258
