total_time:
0.035772
0.035353
0.035366
0.035401
0.035401
0.035425
0.035286
0.035284
0.035302
0.035798
0.035407
0.035369
0.035287
0.035265
0.035324
0.03533
0.035384
0.035331
0.035635
0.035548
0.035476
0.03551
0.035497
0.035561
0.035696
0.035614
0.035858
0.035613
0.035498
0.035438
0.035298
0.035316
0.03532
0.035557
0.035479
0.03592
0.035527
0.035547
0.035383
0.035306
0.035355
0.035461
0.035484
0.035575
0.035809
0.035557
0.035601
0.03548
0.035326
0.035353
0.03537
0.035524
0.035687
0.035957
0.035608
0.035515
0.035349
0.035341
0.035556
0.035435
0.035547
0.035578
0.035949
0.035646
0.035536
0.035377
0.035287
0.03533
0.035485
0.035645
0.035569
0.036047
0.035672
0.035776
0.035629
0.035526
0.035507
0.035548
0.03565
0.035856
0.035697
0.035635
0.035488
0.035446
0.03563
0.035525
0.035651
0.035668
