total_time:
0.001131
0.001123
0.001111
0.001118
0.001112
0.001114
0.001111
0.00111
0.001103
0.001103
0.001084
0.001082
0.001081
0.001075
0.001073
0.001077
0.001075
0.001076
0.001098
0.001089
0.001084
0.001081
0.001081
0.001074
0.001079
0.001077
0.001078
0.001166
0.001157
0.001139
0.001136
0.001138
0.001137
0.001135
0.001133
0.001133
0.001091
0.001056
0.001044
0.001066
0.001042
0.001051
0.001069
0.001042
0.00104
0.00108
0.001111
0.001061
0.001049
0.00106
0.001056
0.001054
0.001054
0.001058
0.001179
0.001115
0.001108
0.001106
0.001106
0.001106
0.001104
0.001115
0.001101
0.001092
0.00108
0.001077
0.001076
0.001073
0.001071
0.001081
0.001069
0.001073
0.001083
0.001078
0.001067
0.001063
0.001066
0.001088
0.001063
0.001059
0.001058
