total_time:
0.070611
0.000489
0.000479
0.000473
0.000472
0.000473
0.000474
0.000484
0.000480
0.000473
0.072134
0.000531
0.000473
0.000480
0.000499
0.000474
0.000471
0.000479
0.000471
0.000478
0.071310
0.000486
0.000481
0.000472
0.000471
0.000482
0.000473
0.000479
0.000474
0.000478
0.071323
0.000478
0.000469
0.000473
0.000468
0.000516
0.000472
0.000477
0.000468
0.000476
0.069002
0.000495
0.000473
0.000480
0.000472
0.000479
0.000470
0.000483
0.000471
0.000479
0.071551
0.000481
0.000476
0.000478
0.000478
0.000478
0.000467
0.000481
0.000468
0.000478
0.071675
0.000488
0.000474
0.000480
0.000471
0.000479
0.000467
0.000515
0.000467
0.000475
0.071398
0.000485
0.000474
0.000480
0.000472
0.000479
0.000472
0.000479
0.000467
0.000478
0.071186
0.000487
0.000515
0.000481
0.000470
0.000474
0.000474
0.000470
0.000474
0.000474
0.069175
0.000484
0.000473
0.000479
0.000478
0.000477
0.000488
0.000499
0.000465
0.000475