total_time:
0.070197
0.000735
0.000736
0.000728
0.000735
0.000730
0.000760
0.000730
0.000729
0.000730
0.071821
0.000741
0.000735
0.000729
0.000779
0.000727
0.000726
0.000731
0.000735
0.000737
0.071547
0.000758
0.000742
0.000747
0.000744
0.000740
0.000737
0.000751
0.000761
0.000742
0.070937
0.000740
0.000805
0.000735
0.000733
0.000734
0.000727
0.000734
0.000730
0.000736
0.072691
0.000747
0.000727
0.000739
0.000735
0.000733
0.000729
0.000752
0.000744
0.000732
0.070651
0.000741
0.000754
0.000734
0.000729
0.000726
0.000728
0.000733
0.000732
0.000735
0.070114
0.000744
0.000724
0.000733
0.000736
0.000731
0.000728
0.000731
0.000732
0.000732
0.071507
0.000743
0.000736
0.000733
0.000735
0.000755
0.000725
0.000736
0.000735
0.000736
0.075396
0.000733
0.000777
0.000729
0.000727
0.000730
0.000726
0.000751
0.000729
0.000733
0.070687
0.000745
0.000735
0.000733
0.000736
0.000731
0.000732
0.000732
0.000734
0.000731