total_time:
0.072896
0.000704
0.000738
0.000707
0.000714
0.000697
0.000701
0.000708
0.000706
0.000698
0.071838
0.000712
0.000731
0.000707
0.000717
0.000700
0.000700
0.000701
0.000709
0.000700
0.070380
0.000713
0.000705
0.000702
0.000693
0.000706
0.000713
0.000706
0.000704
0.000703
0.070519
0.000712
0.000700
0.000703
0.000708
0.000707
0.000697
0.000716
0.000704
0.000707
0.071183
0.000768
0.000693
0.000695
0.000699
0.000739
0.000701
0.000702
0.000703
0.000714
0.074596
0.000711
0.000696
0.000698
0.000707
0.000694
0.000695
0.000705
0.000701
0.000695
0.074400
0.000706
0.000727
0.000693
0.000701
0.000696
0.000742
0.000707
0.000690
0.000706
0.070663
0.000713
0.000723
0.000704
0.000732
0.000714
0.000710
0.000709
0.000699
0.000706
0.071727
0.000720
0.000691
0.000707
0.000703
0.000704
0.000706
0.000708
0.000713
0.000705
0.071275
0.000712
0.000706
0.000729
0.000708
0.000700
0.000714
0.000710
0.000698
0.000699