select_time:
0.000006
0.000005
0.000006
0.000006
0.000006
0.000007
0.000006
0.000005
0.000006
0.000006

total_time:
0.000347
0.000057
0.000053
0.000052
0.000051
0.000050
0.000051
0.000052
0.000049
0.000051
0.000301
0.000055
0.000053
0.000052
0.000054
0.000054
0.000054
0.000052
0.000051
0.000051
0.000339
0.000054
0.000053
0.000051
0.000051
0.000051
0.000052
0.000051
0.000050
0.000048
0.000334
0.000056
0.000054
0.000051
0.000052
0.000054
0.000050
0.000052
0.000052
0.000052
0.000319
0.000058
0.000054
0.000052
0.000051
0.000053
0.000122
0.000056
0.000055
0.000054
0.000317
0.000056
0.000052
0.000051
0.000051
0.000053
0.000051
0.000052
0.000061
0.000061
0.000319
0.000050
0.000049
0.000049
0.000047
0.000045
0.000047
0.000048
0.000048
0.000048
0.000347
0.000056
0.000055
0.000053
0.000051
0.000050
0.000050
0.000049
0.000051
0.000051
0.000369
0.000050
0.000049
0.000047
0.000048
0.000046
0.000046
0.000044
0.000046
0.000046
0.000317
0.000055
0.000052
0.000051
0.000049
0.000050
0.000049
0.000049
0.000049
0.000048
