total_time:
0.743375
0.674396
0.674228
0.673980
0.673615
0.683867
0.685379
0.675672
0.684911
0.684735
0.756225
0.683899
0.676178
0.686364
0.685488
0.682506
0.681359
0.676296
0.684674
0.697131
0.747567
0.673480
0.674115
0.673947
0.673773
0.677926
0.679834
0.675058
0.684296
0.685757
0.745412
0.673777
0.673889
0.673068
0.683484
0.684076
0.676768
0.678713
0.674950
0.682554
0.745148
0.673560
0.673978
0.679094
0.682850
0.675736
0.679533
0.682434
0.676349
0.683070
0.741984
0.679332
0.678059
0.688569
0.686797
0.677625
0.675551
0.674785
0.678993
0.680688
0.740768
0.673806
0.674782
0.674543
0.674272
0.674236
0.673975
0.684961
0.686056
0.676755
0.744486
0.672637
0.674459
0.674272
0.686169
0.680774
0.686340
0.685934
0.676465
0.675124
0.745473
0.674397
0.686804
0.685838
0.676536
0.684229
0.684099
0.676871
0.686314
0.686877
0.740742
0.687619
0.679506
0.673890
0.672835
0.672421
0.683503
0.680683
0.676992
0.679343