total_time:
0.000755
0.000734
0.00075
0.000755
0.000757
0.00075
0.000751
0.000756
0.000754
0.001003
0.000995
0.000994
0.001001
0.001004
0.00099
0.001007
0.00099
0.001001
0.000813
0.000797
0.000834
0.0008
0.000803
0.000795
0.000779
0.000806
0.000799
0.000883
0.000882
0.000913
0.000898
0.000891
0.000881
0.000887
0.000873
0.000861
0.000814
0.000799
0.000841
0.000809
0.00081
0.000797
0.000784
0.000802
0.000798
0.000946
0.000932
0.000942
0.000937
0.000932
0.000926
0.000953
0.000937
0.000928
0.000996
0.000999
0.001
0.001018
0.001
0.001003
0.001018
0.001002
0.001006
0.000893
0.000914
0.000889
0.000885
0.000882
0.000882
0.000878
0.000896
0.000864
0.000879
0.000879
0.000872
0.000868
0.000909
0.000872
0.000867
0.000868
0.000859
0.000804
0.000792
0.000803
0.000807
0.000796
0.000796
0.00079
0.000803
0.0008
