total_time:
0.076359
0.000938
0.000919
0.000919
0.000934
0.000921
0.000929
0.000921
0.000927
0.000919
0.073434
0.000904
0.000896
0.000944
0.000892
0.000886
0.000884
0.000895
0.000894
0.000896
0.072168
0.001251
0.001289
0.001273
0.001240
0.001237
0.001248
0.001244
0.001244
0.001243
0.074389
0.001507
0.001483
0.001481
0.001492
0.001528
0.001484
0.001476
0.001480
0.001478
0.072977
0.001307
0.001323
0.001257
0.001254
0.001254
0.001250
0.001243
0.001244
0.001247
0.074114
0.001838
0.001869
0.001835
0.001828
0.001827
0.001830
0.001832
0.001853
0.001835
0.071085
0.000899
0.000916
0.000897
0.000897
0.000897
0.000896
0.000890
0.000893
0.000901
0.072071
0.001024
0.001051
0.001013
0.001034
0.001043
0.001013
0.001013
0.001047
0.001011
0.072060
0.001290
0.001248
0.001256
0.001251
0.001247
0.001245
0.001251
0.001246
0.001250
0.076620
0.001181
0.001158
0.001173
0.001128
0.001114
0.001119
0.001127
0.001127
0.001128