compile_opencl_time:
0.128751
0.123376
0.123493
0.123653
0.122925
0.124331
0.129396
0.123494
0.124898
0.129596
total_time:
0.003041
0.001225
0.001199
0.001158
0.001309
0.001154
0.001207
0.001268
0.001381
0.001177
0.003177
0.001450
0.001220
0.001344
0.001174
0.001202
0.001178
0.001170
0.001334
0.001122
0.003521
0.001639
0.001531
0.001516
0.001635
0.001599
0.001701
0.001642
0.001570
0.001668
0.003918
0.001806
0.001971
0.001817
0.001858
0.002057
0.001805
0.002052
0.001839
0.001808
0.003628
0.001689
0.001695
0.001770
0.001566
0.001840
0.001596
0.001579
0.001757
0.001533
0.004218
0.002146
0.002222
0.002096
0.002196
0.002261
0.002237
0.002228
0.002147
0.002050
0.003050
0.001190
0.001297
0.001155
0.001451
0.001141
0.001223
0.001247
0.001195
0.001154
0.003290
0.001277
0.001629
0.001341
0.001554
0.001338
0.001451
0.001389
0.001493
0.001355
0.004676
0.002023
0.001564
0.001500
0.001828
0.001574
0.001593
0.001651
0.001514
0.001612
0.003236
0.001472
0.001542
0.001754
0.001421
0.001540
0.001615
0.001407
0.001538
0.001429