total_time:
0.000573
0.000068
0.000063
0.000063
0.000064
0.000063
0.000078
0.000079
0.000065
0.000065
0.000492
0.000069
0.000066
0.000064
0.000064
0.000064
0.000064
0.000063
0.000062
0.000063
0.000485
0.000088
0.000084
0.000083
0.000082
0.000081
0.000081
0.000080
0.000080
0.000088
0.000493
0.000097
0.000092
0.000108
0.000092
0.000093
0.000094
0.000094
0.000093
0.000091
0.000663
0.000074
0.000071
0.000069
0.000070
0.000077
0.000069
0.000070
0.000071
0.000069
0.000638
0.000110
0.000115
0.000107
0.000105
0.000105
0.000105
0.000105
0.000104
0.000103
0.000576
0.000081
0.000067
0.000066
0.000066
0.000065
0.000065
0.000066
0.000065
0.000066
0.000577
0.000083
0.000073
0.000071
0.000069
0.000069
0.000068
0.000067
0.000068
0.000067
0.000581
0.000082
0.000075
0.000076
0.000075
0.000074
0.000074
0.000075
0.000075
0.000074
0.000517
0.000075
0.000073
0.000072
0.000070
0.000070
0.000070
0.000070
0.000069
0.000071