select_time:
0.000006
0.000040
0.000007
0.000007
0.000007
0.000006
0.000007
0.000006
0.000006
0.000007

total_time:
0.043306
0.119995
0.086027
0.000102
0.000097
0.000096
0.000093
0.000090
0.000093
0.000092
0.001112
0.000218
0.000213
0.000206
0.000213
0.000197
0.000204
0.000205
0.000195
0.000202
0.000372
0.000079
0.000074
0.000074
0.000091
0.000085
0.000088
0.000088
0.000089
0.000085
0.000407
0.000085
0.000079
0.000083
0.000091
0.000092
0.000090
0.000088
0.000087
0.000092
0.000347
0.000073
0.000067
0.000081
0.000070
0.000072
0.000074
0.000070
0.000071
0.000074
0.000424
0.000100
0.000098
0.000094
0.000095
0.000105
0.000098
0.000100
0.000096
0.000095
0.000350
0.000066
0.000061
0.000062
0.000062
0.000063
0.000061
0.000061
0.000061
0.000068
0.000357
0.000067
0.000068
0.000069
0.000069
0.000066
0.000080
0.000072
0.000067
0.000066
0.000359
0.000083
0.000076
0.000074
0.000075
0.000073
0.000071
0.000070
0.000074
0.000071
0.000378
0.000073
0.000070
0.000070
0.000070
0.000073
0.000073
0.000073
0.000068
0.000071
