total_time:
0.000235
0.000215
0.000212
0.000210
0.000209
0.000213
0.000209
0.000212
0.000212
0.000213
0.000210
0.000189
0.000185
0.000183
0.000184
0.000212
0.000194
0.000190
0.000191
0.000189
0.000207
0.000197
0.000193
0.000199
0.000193
0.000193
0.000194
0.000193
0.000196
0.000192
0.000174
0.000202
0.000199
0.000156
0.000145
0.000145
0.000144
0.000144
0.000144
0.000153
0.000233
0.000215
0.000225
0.000211
0.000210
0.000210
0.000210
0.000213
0.000211
0.000211
0.000206
0.000199
0.000188
0.000186
0.000191
0.000190
0.000194
0.000191
0.000192
0.000191
0.000161
0.000148
0.000146
0.000156
0.000145
0.000145
0.000144
0.000144
0.000144
0.000146
0.000232
0.000230
0.000210
0.000209
0.000208
0.000213
0.000211
0.000210
0.000210
0.000211
0.000230
0.000215
0.000209
0.000209
0.000213
0.000210
0.000209
0.000208
0.000209
0.000212
0.000231
0.000213
0.000225
0.000209
0.000208
0.000208
0.000209
0.000212
0.000209
0.000209