total_time:
2.466574
2.443396
2.420551
2.397069
2.392558
2.396716
2.39212
2.395085
2.389246
2.388091
2.505282
2.522712
2.514303
2.510283
2.493066
2.49906
2.473319
2.473142
2.47862
2.448621
2.417045
2.405663
2.391922
2.334634
2.395745
2.394763
2.395526
2.409084
2.390592
2.398604
2.408571
2.399394
2.391226
2.38845
2.386763
2.389244
2.388868
2.38592
2.385237
2.380569
2.441289
2.449973
2.40463
2.397413
2.455921
2.39493
2.434867
2.465577
2.464162
2.45533
2.465834
2.44551
2.404286
2.395538
2.39868
2.414675
2.419748
2.394205
2.405015
2.411791
2.444361
2.484732
2.478048
2.469132
2.463323
2.456971
2.452079
2.446853
2.44065
2.430398
2.421837
2.410296
2.389722
2.406328
2.390817
2.391114
2.394881
2.428275
2.415854
2.415927
2.417264
2.403107
2.3887
2.38492
2.394123
2.383156
2.38004
2.38288
2.382375
2.377043
2.416402
2.482176
2.506021
2.403842
2.521201
2.529928
2.524542
2.53069
2.534998
2.520315
