total_time:
0.541988
0.543522
0.542475
0.545119
0.545679
0.543204
0.543766
0.544085
0.542833
0.542177
0.541754
0.542068
0.542655
0.541274
0.542518
0.542794
0.543055
0.542259
0.54179
0.54214
0.543058
0.544427
0.544105
0.543164
0.542248
0.543812
0.543429
0.543089
0.543094
0.542426
0.541821
0.542006
0.543237
0.544048
0.54522
0.542142
0.542419
0.542233
0.544078
0.544231
0.544205
0.543481
0.543938
0.543154
0.542125
0.542051
0.542813
0.543283
0.542806
0.541815
0.542423
0.542693
0.542617
0.543197
0.542503
0.542207
0.541019
0.544626
0.545337
0.542286
0.54282
0.543159
0.54349
0.541479
0.542683
0.54248
0.542707
0.54233
0.542549
0.543834
0.543697
0.545499
0.541476
0.543033
0.544152
0.541257
0.542599
0.544333
0.543235
0.543309
0.543124
0.541709
0.541913
0.542844
0.543832
0.542883
0.542709
0.542834
0.54257
0.541517
