compile_opencl_time:
0.086192
0.085601
0.080718
0.086992
0.079079
0.086437
0.07991
0.084765
0.080423
0.080801
total_time:
0.268555
0.242392
0.231486
0.236477
0.238581
0.239329
0.241614
0.240477
0.237231
0.235203
0.257919
0.26755
0.239536
0.266538
0.23483
0.235418
0.235011
0.236583
0.243586
0.252441
0.249301
0.234247
0.236217
0.23846
0.234485
0.238833
0.239339
0.238693
0.236061
0.255937
0.257389
0.249132
0.239933
0.240471
0.240599
0.239773
0.239329
0.244003
0.252359
0.255256
0.257611
0.25229
0.26153
0.253718
0.258201
0.256627
0.250386
0.256293
0.237261
0.237762
0.239815
0.239033
0.241347
0.237255
0.237785
0.238883
0.23302
0.232985
0.227953
0.223455
0.232452
0.24875
0.225219
0.224373
0.229327
0.237529
0.24329
0.238587
0.242603
0.238718
0.238796
0.233785
0.239458
0.243595
0.241302
0.235464
0.252139
0.232836
0.229795
0.231435
0.233723
0.233558
0.232955
0.230616
0.235648
0.258244
0.237248
0.228848
0.230025
0.239558
0.234193
0.237887
0.236828
0.239997
0.24117
