total_time:
0.074432
0.001280
0.001267
0.001262
0.001263
0.001258
0.001254
0.001255
0.001282
0.001254
0.074352
0.001232
0.001213
0.001215
0.001210
0.001207
0.001201
0.001209
0.001204
0.001204
0.076747
0.001206
0.001212
0.001191
0.001188
0.001213
0.001185
0.001186
0.001183
0.001188
0.072506
0.001202
0.001186
0.001186
0.001186
0.001185
0.001182
0.001181
0.001194
0.001185
0.075572
0.001206
0.001189
0.001189
0.001187
0.001197
0.001189
0.001190
0.001188
0.001190
0.073178
0.001213
0.001200
0.001199
0.001194
0.001197
0.001191
0.001192
0.001187
0.001193
0.071729
0.001231
0.001172
0.001173
0.001168
0.001171
0.001168
0.001169
0.001169
0.001171
0.078754
0.001372
0.001321
0.001327
0.001314
0.001314
0.001387
0.001311
0.001310
0.001309
0.071926
0.001207
0.001188
0.001207
0.001212
0.001183
0.001199
0.001185
0.001180
0.001185
0.072497
0.001184
0.001173
0.001169
0.001170
0.001167
0.001165
0.001195
0.001162
0.001171