total_time:
0.076017
0.001937
0.001937
0.001947
0.001932
0.001932
0.001947
0.001934
0.001943
0.001924
0.083285
0.001978
0.001979
0.001952
0.001963
0.001961
0.001981
0.001945
0.001972
0.001961
0.073641
0.001796
0.001791
0.001783
0.001821
0.001821
0.001818
0.001822
0.001820
0.001824
0.079322
0.001895
0.001908
0.001874
0.001893
0.001856
0.001869
0.001877
0.001889
0.001863
0.078398
0.001786
0.001803
0.001787
0.001819
0.001764
0.001796
0.001771
0.001793
0.001779
0.073685
0.001752
0.001753
0.001740
0.001752
0.001736
0.001769
0.001739
0.001755
0.001724
0.078804
0.001868
0.001874
0.001870
0.001862
0.001846
0.001873
0.001855
0.001876
0.001842
0.074708
0.002027
0.002006
0.001993
0.002004
0.002001
0.002015
0.002021
0.002019
0.002003
0.072557
0.001779
0.001776
0.001794
0.001761
0.001740
0.001767
0.001738
0.001768
0.001740
0.072232
0.001767
0.001751
0.001732
0.001745
0.001714
0.001746
0.001750
0.001790
0.001768