select_time:
0.000011
0.000007
0.000010
0.000007
0.000007
0.000007
0.000007
0.000007
0.000007
0.000007

total_time:
0.000673
0.000190
0.000186
0.000191
0.000186
0.000229
0.000190
0.000185
0.000186
0.000188
0.000484
0.000177
0.000238
0.000178
0.000175
0.000174
0.000173
0.000223
0.000192
0.000190
0.000681
0.000177
0.000175
0.000255
0.000245
0.000244
0.000232
0.000236
0.000235
0.000231
0.000516
0.000203
0.000232
0.000195
0.000193
0.000188
0.000186
0.000182
0.000183
0.000179
0.000501
0.000175
0.000168
0.000162
0.000200
0.000400
0.000431
0.000427
0.000464
0.000436
0.000510
0.000174
0.000174
0.000173
0.000177
0.000185
0.000183
0.000179
0.000181
0.000181
0.000500
0.000171
0.000169
0.000169
0.000176
0.000212
0.000228
0.000217
0.000214
0.000213
0.000485
0.000182
0.000176
0.000175
0.000174
0.000200
0.000187
0.000182
0.000183
0.000180
0.000493
0.000171
0.000167
0.000418
0.000404
0.000432
0.000438
0.000439
0.000440
0.000450
0.000502
0.000174
0.000165
0.000162
0.000159
0.000163
0.000160
0.000164
0.000160
0.000161
