total_time:
0.338474
0.263574
0.263058
0.263669
0.263395
0.263405
0.263609
0.263114
0.263315
0.263280
0.333628
0.263646
0.262916
0.263598
0.263288
0.263119
0.263670
0.263090
0.263518
0.263315
0.333039
0.263657
0.263391
0.263823
0.263335
0.263844
0.263837
0.263202
0.263891
0.263447
0.336450
0.263235
0.262892
0.263231
0.263188
0.262858
0.263482
0.262945
0.263261
0.263423
0.333505
0.263188
0.264014
0.263715
0.263404
0.264026
0.263639
0.263765
0.263512
0.263830
0.334173
0.263471
0.262984
0.263613
0.263365
0.263380
0.263521
0.263236
0.263323
0.263230
0.339844
0.262363
0.262527
0.262562
0.262356
0.262481
0.262499
0.262095
0.262291
0.262122
0.334395
0.263102
0.263629
0.263728
0.263014
0.263684
0.263280
0.263526
0.263522
0.263284
0.334090
0.263272
0.264113
0.263872
0.263650
0.264011
0.263582
0.263693
0.263604
0.263960
0.336757
0.264066
0.263890
0.264217
0.263594
0.264213
0.263632
0.264186
0.264148
0.263781