select_time:
0.000010
0.000010
0.000011
0.000010
0.000010
0.000009
0.000010
0.000010
0.000010
0.000010

total_time:
0.041505
0.051899
0.049417
0.054426
0.057280
0.059623
0.062352
0.066255
0.070111
0.072205
0.044835
0.051845
0.048894
0.053728
0.056849
0.059027
0.061677
0.065000
0.068509
0.069891
0.044495
0.051588
0.049267
0.054141
0.056788
0.059333
0.062072
0.065457
0.069117
0.069509
0.044507
0.052689
0.050094
0.055389
0.058611
0.061526
0.064006
0.070021
0.072695
0.070653
0.044883
0.051880
0.048967
0.053754
0.056943
0.059540
0.061755
0.065497
0.069250
0.072639
0.044587
0.049416
0.048190
0.053069
0.056299
0.058976
0.061050
0.064540
0.068204
0.071356
0.044412
0.052556
0.049914
0.055028
0.058200
0.060893
0.063563
0.067118
0.071182
0.072555
0.044767
0.052172
0.049230
0.054163
0.057167
0.059791
0.062143
0.065650
0.069478
0.071805
0.045291
0.053348
0.050084
0.054885
0.058176
0.060906
0.063287
0.066722
0.070659
0.072161
0.043595
0.051630
0.049454
0.054629
0.058042
0.060837
0.063610
0.067315
0.071593
0.072254
