total_time:
0.212949
0.210531
0.209245
0.209322
0.2093
0.209181
0.209334
0.209128
0.209228
0.21147
0.209109
0.207881
0.207925
0.207672
0.20777
0.207826
0.207786
0.20773
0.212585
0.210256
0.209055
0.209001
0.208949
0.208935
0.209002
0.208832
0.208877
0.214266
0.212068
0.210606
0.210743
0.210524
0.210639
0.210542
0.21059
0.210449
0.212604
0.210078
0.209014
0.209025
0.208987
0.209063
0.208794
0.208843
0.208898
0.21136
0.208948
0.207622
0.207666
0.207537
0.207453
0.207524
0.207324
0.207428
0.214508
0.211991
0.210594
0.210517
0.210708
0.210545
0.210761
0.210497
0.210423
0.214625
0.212216
0.210678
0.210975
0.210825
0.210602
0.210856
0.21089
0.210784
0.213943
0.211559
0.210081
0.210418
0.210181
0.210068
0.210232
0.210085
0.210409
0.215025
0.213122
0.212332
0.211282
0.21133
0.211462
0.211097
0.211318
0.211446
