total_time:
0.18881
0.188115
0.188055
0.188548
0.188594
0.188119
0.188365
0.188772
0.19021
0.186775
0.186936
0.186809
0.186871
0.18685
0.186868
0.18674
0.186859
0.188058
0.188033
0.18814
0.188128
0.188149
0.188096
0.188086
0.188169
0.187235
0.18728
0.187147
0.187364
0.187267
0.187295
0.187372
0.187268
0.188702
0.18822
0.188334
0.188853
0.188436
0.188074
0.188501
0.188619
0.190058
0.186635
0.186679
0.186661
0.186695
0.186648
0.186685
0.186687
0.186641
0.187684
0.187848
0.187769
0.187747
0.1877
0.187804
0.187829
0.187746
0.188953
0.188342
0.188342
0.189024
0.188709
0.188178
0.188477
0.188911
0.188224
0.188326
0.188257
0.188216
0.18824
0.188349
0.188242
0.188214
0.187935
0.187894
0.187859
0.188102
0.187929
0.187788
0.188139
0.189804
